{
    "molecule": "VEC",
    "atoms": [
        {
            "index": 0,
            "element": "C",
            "charge": -0.3465485235125634,
            "dipole": [
                0.03911849432626167,
                0.005259528666712463,
                -0.013986902602591186
            ],
            "quadrupole": [
                [
                    -5.092052574438087,
                    -4.89698840239694,
                    -0.042620500195428346
                ],
                [
                    -4.89698840239694,
                    0.023869567200437633,
                    -4.998182961447022
                ],
                [
                    -0.042620500195428346,
                    -4.998182961447022,
                    0.016212541217385357
                ]
            ],
            "volume_eff": 37.63105546783064,
            "alpha_iso": 11.821273968952033,
            "c6_ii": 45.22223160003104,
            "c8_ii": 1297.0454644227748,
            "c10_ii": 46609.33091685669,
            "slater_b_init": 35.17550697264659
        },
        {
            "index": 1,
            "element": "C",
            "charge": -0.19598356256844873,
            "dipole": [
                -0.04147079717930861,
                0.024583923533942932,
                -0.02145659766370673
            ],
            "quadrupole": [
                [
                    -4.808853044047699,
                    -4.568561131901045,
                    -0.059217960346335446
                ],
                [
                    -4.568561131901045,
                    0.01629421239109106,
                    -4.70368158452096
                ],
                [
                    -0.059217960346335446,
                    -4.70368158452096,
                    -0.01675943222147093
                ]
            ],
            "volume_eff": 34.904840921075056,
            "alpha_iso": 10.96487149353143,
            "c6_ii": 38.90724833420883,
            "c8_ii": 1061.353123119682,
            "c10_ii": 36274.69312920058,
            "slater_b_init": 36.06843324225986
        },
        {
            "index": 2,
            "element": "C",
            "charge": 0.15140404286189746,
            "dipole": [
                -0.022516327595164014,
                0.12091823521940218,
                -0.0046184527082207
            ],
            "quadrupole": [
                [
                    -4.051656086338832,
                    -3.9365077423228625,
                    -0.040599711310493475
                ],
                [
                    -3.9365077423228625,
                    -0.06151582997216062,
                    -4.046680029115025
                ],
                [
                    -0.040599711310493475,
                    -4.046680029115025,
                    -0.01838416439790535
                ]
            ],
            "volume_eff": 28.566167543267813,
            "alpha_iso": 8.973665196838056,
            "c6_ii": 26.059324202960585,
            "c8_ii": 621.9709175347228,
            "c10_ii": 18599.080200471108,
            "slater_b_init": 38.560131442289205
        },
        {
            "index": 3,
            "element": "C",
            "charge": -0.03867814404010694,
            "dipole": [
                -0.10558636307909156,
                0.06312690870049868,
                0.07595679486220304
            ],
            "quadrupole": [
                [
                    -4.265083059974753,
                    -4.404067826750175,
                    0.03459474839450003
                ],
                [
                    -4.404067826750175,
                    -0.07005581918006476,
                    -4.309995671361464
                ],
                [
                    0.03459474839450003,
                    -4.309995671361464,
                    -0.03298577391297787
                ]
            ],
            "volume_eff": 31.283335572368088,
            "alpha_iso": 9.827225834251754,
            "c6_ii": 31.252538403042674,
            "c8_ii": 792.500618055212,
            "c10_ii": 25178.414647694342,
            "slater_b_init": 37.40975071385159
        },
        {
            "index": 4,
            "element": "O",
            "charge": -0.39259801950143114,
            "dipole": [
                0.027220654971830405,
                -0.09333249845159801,
                0.004984046014148655
            ],
            "quadrupole": [
                [
                    -4.039894987091171,
                    -4.002486430139531,
                    0.01570855764465343
                ],
                [
                    -4.002486430139531,
                    -0.03991263883219944,
                    -4.065169476720712
                ],
                [
                    0.01570855764465343,
                    -4.065169476720712,
                    0.007066200797617575
                ]
            ],
            "volume_eff": 22.863121275374837,
            "alpha_iso": 6.821041706465421,
            "c6_ii": 24.890778991663748,
            "c8_ii": 1006.8055793414653,
            "c10_ii": 39215.91226576891,
            "slater_b_init": 34.22809607539967
        },
        {
            "index": 5,
            "element": "C",
            "charge": 0.9661263782615901,
            "dipole": [
                0.0218067922257402,
                -0.026358339797650124,
                -0.005581031394024821
            ],
            "quadrupole": [
                [
                    -2.9197323694674866,
                    -2.9437984945186635,
                    0.02173378547781201
                ],
                [
                    -2.9437984945186635,
                    0.05350705814359264,
                    -2.8312195709132566
                ],
                [
                    0.02173378547781201,
                    -2.8312195709132566,
                    0.051042069250936926
                ]
            ],
            "volume_eff": 19.56310049099057,
            "alpha_iso": 6.145476594028452,
            "c6_ii": 12.221782830952929,
            "c8_ii": 226.63760017199115,
            "c10_ii": 5265.550993515494,
            "slater_b_init": 43.746495733492665
        },
        {
            "index": 6,
            "element": "O",
            "charge": -0.6049553271879944,
            "dipole": [
                -0.11446926961037313,
                0.12945368718241004,
                0.019690033928514015
            ],
            "quadrupole": [
                [
                    -4.40470668544509,
                    -4.414188733005296,
                    0.03494765427757572
                ],
                [
                    -4.414188733005296,
                    -0.009843118767311573,
                    -4.34348210518962
                ],
                [
                    0.03494765427757572,
                    -4.34348210518962,
                    0.05185888019946321
                ]
            ],
            "volume_eff": 25.653487112497412,
            "alpha_iso": 7.653526541850057,
            "c6_ii": 31.33720538470957,
            "c8_ii": 1368.6990967953168,
            "c10_ii": 57565.89764505886,
            "slater_b_init": 32.93915443857755
        },
        {
            "index": 7,
            "element": "O",
            "charge": -0.3965058321132098,
            "dipole": [
                0.0848550581646605,
                -0.021764515398500956,
                -0.014902814435619348
            ],
            "quadrupole": [
                [
                    -3.999429956119754,
                    -4.043721326064796,
                    0.01050245871999165
                ],
                [
                    -4.043721326064796,
                    -0.03935091381123141,
                    -4.0609520201677505
                ],
                [
                    0.01050245871999165,
                    -4.0609520201677505,
                    0.006926417009957676
                ]
            ],
            "volume_eff": 22.852397490109116,
            "alpha_iso": 6.817842345115427,
            "c6_ii": 24.867434780124988,
            "c8_ii": 1005.5467780868731,
            "c10_ii": 39154.63265644192,
            "slater_b_init": 34.233449231487775
        },
        {
            "index": 8,
            "element": "H",
            "charge": 0.16607669334656328,
            "dipole": [
                0.01717999453676359,
                -0.01670895883763048,
                -0.04396210752018907
            ],
            "quadrupole": [
                [
                    -0.4533377298297034,
                    -0.46535548321088893,
                    -0.0004760744894111778
                ],
                [
                    -0.46535548321088893,
                    -0.0011930242474960991,
                    -0.4652505794968211
                ],
                [
                    -0.0004760744894111778,
                    -0.4652505794968211,
                    0.0010991860283575097
                ]
            ],
            "volume_eff": 2.5510653359940534,
            "alpha_iso": 0.8141697880832086,
            "c6_ii": 0.212773870858196,
            "c8_ii": 1.3026476614522948,
            "c10_ii": 11.007172911382362,
            "slater_b_init": 70.72275469174227
        },
        {
            "index": 9,
            "element": "H",
            "charge": 0.17694980857165388,
            "dipole": [
                0.028388453455501114,
                0.014299192934887532,
                0.041878760998972545
            ],
            "quadrupole": [
                [
                    -0.4437538880560708,
                    -0.4505056351272635,
                    0.003241638046548354
                ],
                [
                    -0.4505056351272635,
                    -0.002681311460002594,
                    -0.4451723093985595
                ],
                [
                    0.003241638046548354,
                    -0.4451723093985595,
                    -0.004367265229132506
                ]
            ],
            "volume_eff": 2.4370661892670697,
            "alpha_iso": 0.7777870816809798,
            "c6_ii": 0.19418236240957026,
            "c8_ii": 1.1531406412608753,
            "c10_ii": 9.451373630864342,
            "slater_b_init": 71.8087313425627
        },
        {
            "index": 10,
            "element": "H",
            "charge": 0.16405887149499965,
            "dipole": [
                -0.010093162896059214,
                0.022018207998842944,
                0.04807169170467379
            ],
            "quadrupole": [
                [
                    -0.44686325496753243,
                    -0.4637240519799466,
                    0.002143804519055034
                ],
                [
                    -0.4637240519799466,
                    0.0012461020086069713,
                    -0.45678396766988955
                ],
                [
                    0.002143804519055034,
                    -0.45678396766988955,
                    0.007071801282551587
                ]
            ],
            "volume_eff": 2.4970804266770616,
            "alpha_iso": 0.7969405617054452,
            "c6_ii": 0.20386383618735995,
            "c8_ii": 1.2304278743477515,
            "c10_ii": 10.249726691516205,
            "slater_b_init": 71.22878211166152
        },
        {
            "index": 11,
            "element": "H",
            "charge": 0.11563041088302883,
            "dipole": [
                0.02973571910747875,
                -0.014817426379611894,
                -0.050270473035502784
            ],
            "quadrupole": [
                [
                    -0.48824101271004205,
                    -0.48040046430142025,
                    -0.0054146091048101344
                ],
                [
                    -0.48040046430142025,
                    -0.0017278377106271431,
                    -0.49691329193652506
                ],
                [
                    -0.0054146091048101344,
                    -0.49691329193652506,
                    0.00951780263195068
                ]
            ],
            "volume_eff": 2.696413211862433,
            "alpha_iso": 0.8605574080412022,
            "c6_ii": 0.23771031315925176,
            "c8_ii": 1.5100799353582595,
            "c10_ii": 13.24012255190471,
            "slater_b_init": 69.4284623191063
        },
        {
            "index": 12,
            "element": "H",
            "charge": 0.10435141865386033,
            "dipole": [
                -0.030932173112973627,
                -0.022044875063743676,
                -0.04779493432072571
            ],
            "quadrupole": [
                [
                    -0.49968032338854484,
                    -0.5102072859341036,
                    0.00034225875872472797
                ],
                [
                    -0.5102072859341036,
                    -0.007847391515982094,
                    -0.5121409913131656
                ],
                [
                    0.00034225875872472797,
                    -0.5121409913131656,
                    -0.008228428699756409
                ]
            ],
            "volume_eff": 2.8370318978241547,
            "alpha_iso": 0.9054357120715388,
            "c6_ii": 0.26315011785255377,
            "c8_ii": 1.7293145543932873,
            "c10_ii": 15.68500203752979,
            "slater_b_init": 68.2618869605051
        },
        {
            "index": 13,
            "element": "H",
            "charge": 0.1327494459349725,
            "dipole": [
                0.020114775234921976,
                -0.035860555628996565,
                0.04437746476724673
            ],
            "quadrupole": [
                [
                    -0.47048463654104783,
                    -0.48102262013683744,
                    0.005266628651965262
                ],
                [
                    -0.48102262013683744,
                    -0.004488361932948475,
                    -0.4812174974186166
                ],
                [
                    0.005266628651965262,
                    -0.4812174974186166,
                    -0.008639473398228667
                ]
            ],
            "volume_eff": 2.6288421859080455,
            "alpha_iso": 0.8389921869919295,
            "c6_ii": 0.2259457424156916,
            "c8_ii": 1.411263537953048,
            "c10_ii": 12.166123898725008,
            "slater_b_init": 70.0182938057061
        }
    ]
}