{
    "molecule": "LCarb_31",
    "atoms": [
        {
            "index": 0,
            "element": "C",
            "charge": -0.48441910640849173,
            "dipole": [
                0.04468950825711848,
                -0.028405710132748188,
                0.012990090888686485
            ],
            "quadrupole": [
                [
                    -5.103956466940482,
                    -5.16036685374394,
                    0.02310687128633776
                ],
                [
                    -5.16036685374394,
                    0.023236784397396303,
                    -5.1369892352716295
                ],
                [
                    0.02310687128633776,
                    -5.1369892352716295,
                    -0.030940622294449976
                ]
            ],
            "volume_eff": 38.60081004197146,
            "alpha_iso": 12.125908913708308,
            "c6_ii": 47.583022787732354,
            "c8_ii": 1388.103715488354,
            "c10_ii": 50734.83651437643,
            "slater_b_init": 34.878437889587204
        },
        {
            "index": 1,
            "element": "C",
            "charge": 0.11270027178598241,
            "dipole": [
                0.09546720389021852,
                0.0765945364224612,
                -0.10005552689667699
            ],
            "quadrupole": [
                [
                    -4.055840904910391,
                    -4.167979948789163,
                    0.04685312351508924
                ],
                [
                    -4.167979948789163,
                    0.05500335862793238,
                    -4.127566950984042
                ],
                [
                    0.04685312351508924,
                    -4.127566950984042,
                    -0.06516776086558072
                ]
            ],
            "volume_eff": 29.606498153921958,
            "alpha_iso": 9.300470624268677,
            "c6_ii": 27.99195783758627,
            "c8_ii": 684.2218097868727,
            "c10_ii": 20954.389441033138,
            "slater_b_init": 38.10308602456019
        },
        {
            "index": 2,
            "element": "O",
            "charge": -0.41669845703183483,
            "dipole": [
                -0.09876418824041026,
                0.03515699792265966,
                -0.0005165405672871965
            ],
            "quadrupole": [
                [
                    -4.018052362120283,
                    -4.097275904670274,
                    0.019325605514427482
                ],
                [
                    -4.097275904670274,
                    -0.021083357179397914,
                    -4.103536493174528
                ],
                [
                    0.019325605514427482,
                    -4.103536493174528,
                    0.002881361042448337
                ]
            ],
            "volume_eff": 23.177004030206685,
            "alpha_iso": 6.9146862852550335,
            "c6_ii": 25.57891043232192,
            "c8_ii": 1044.087789907058,
            "c10_ii": 41039.45421908739,
            "slater_b_init": 34.07287789720902
        },
        {
            "index": 3,
            "element": "C",
            "charge": 0.9878596632092504,
            "dipole": [
                0.009663322123563422,
                0.033998447598291556,
                -0.031090648480358724
            ],
            "quadrupole": [
                [
                    -2.8996018566845807,
                    -2.8619545489958416,
                    0.08790923149457079
                ],
                [
                    -2.8619545489958416,
                    0.017910541701030718,
                    -2.8517389098073886
                ],
                [
                    0.08790923149457079,
                    -2.8517389098073886,
                    0.02410410088065705
                ]
            ],
            "volume_eff": 19.353282562694336,
            "alpha_iso": 6.079565202940628,
            "c6_ii": 11.961026864216555,
            "c8_ii": 220.21344649056223,
            "c10_ii": 5079.648508583791,
            "slater_b_init": 43.904019862163814
        },
        {
            "index": 4,
            "element": "O",
            "charge": -0.6506812112865887,
            "dipole": [
                -0.025266123518038582,
                -0.11842874835038161,
                0.12000691883434719
            ],
            "quadrupole": [
                [
                    -4.511014907291066,
                    -4.439561909661355,
                    0.04189318330334648
                ],
                [
                    -4.439561909661355,
                    0.02108994195290307,
                    -4.432725972518374
                ],
                [
                    0.04189318330334648,
                    -4.432725972518374,
                    0.015718714496659195
                ]
            ],
            "volume_eff": 26.27221358633498,
            "alpha_iso": 7.838118970508779,
            "c6_ii": 32.86705419531048,
            "c8_ii": 1458.507510780464,
            "c10_ii": 62325.553307162125,
            "slater_b_init": 32.67851857492234
        },
        {
            "index": 5,
            "element": "O",
            "charge": -0.4147804431662685,
            "dipole": [
                0.09727810171954794,
                -0.01269972470410161,
                -0.004295263207512067
            ],
            "quadrupole": [
                [
                    -4.007499139402428,
                    -4.090000790841989,
                    0.014843223226502066
                ],
                [
                    -4.090000790841989,
                    -0.02083658618159829,
                    -4.102987771461723
                ],
                [
                    0.014843223226502066,
                    -4.102987771461723,
                    0.005335851140500873
                ]
            ],
            "volume_eff": 23.1171285545077,
            "alpha_iso": 6.896822883665282,
            "c6_ii": 25.446920022734073,
            "c8_ii": 1036.910475086706,
            "c10_ii": 40687.11370495399,
            "slater_b_init": 34.10226982512771
        },
        {
            "index": 6,
            "element": "C",
            "charge": 0.06886800751160393,
            "dipole": [
                -0.06564189981885686,
                0.1236577399235603,
                -0.08622799064260203
            ],
            "quadrupole": [
                [
                    -4.196500871160206,
                    -4.175096407803214,
                    0.011411775122731577
                ],
                [
                    -4.175096407803214,
                    -0.06605961164764944,
                    -4.218546713317647
                ],
                [
                    0.011411775122731577,
                    -4.218546713317647,
                    0.0668326827002566
                ]
            ],
            "volume_eff": 30.304679427483777,
            "alpha_iso": 9.519794584549878,
            "c6_ii": 29.327738779391478,
            "c8_ii": 728.0993646917601,
            "c10_ii": 22647.339187778216,
            "slater_b_init": 37.808194101795564
        },
        {
            "index": 7,
            "element": "C",
            "charge": -0.3696919101150282,
            "dipole": [
                -0.03429484444571454,
                0.026731231264477268,
                0.026920556214990163
            ],
            "quadrupole": [
                [
                    -4.829621430615975,
                    -4.848777566124529,
                    -0.020638421410895186
                ],
                [
                    -4.848777566124529,
                    -0.03684721326963987,
                    -4.862196439209252
                ],
                [
                    -0.020638421410895186,
                    -4.862196439209252,
                    0.045795912626806344
                ]
            ],
            "volume_eff": 35.637051715622256,
            "alpha_iso": 11.194885355692854,
            "c6_ii": 40.55671075502191,
            "c8_ii": 1121.76748300139,
            "c10_ii": 38873.83866858635,
            "slater_b_init": 35.81969714354859
        },
        {
            "index": 8,
            "element": "C",
            "charge": 0.36094389505973545,
            "dipole": [
                -0.0448168392006369,
                -0.07094731597144875,
                -0.031053513059175312
            ],
            "quadrupole": [
                [
                    -3.5189030729090747,
                    -3.7547534202609434,
                    -0.11066984334432146
                ],
                [
                    -3.7547534202609434,
                    -0.09205845365154869,
                    -3.5468608003228517
                ],
                [
                    -0.11066984334432146,
                    -3.5468608003228517,
                    -0.04387110273086073
                ]
            ],
            "volume_eff": 24.852844330333223,
            "alpha_iso": 7.80717622942405,
            "c6_ii": 19.724744663621046,
            "c8_ii": 429.0432425677585,
            "c10_ii": 11692.441405172742,
            "slater_b_init": 40.39216503457884
        },
        {
            "index": 9,
            "element": "N",
            "charge": -0.4456689223031445,
            "dipole": [
                0.03863815847527023,
                0.10505060121718289,
                0.03838991116318911
            ],
            "quadrupole": [
                [
                    -4.6308349838507645,
                    -4.8721128717231235,
                    -0.11719329238193961
                ],
                [
                    -4.8721128717231235,
                    -0.1125114083506567,
                    -4.6400071843241015
                ],
                [
                    -0.11719329238193961,
                    -4.6400071843241015,
                    -0.05029591554169006
                ]
            ],
            "volume_eff": 31.04979194185848,
            "alpha_iso": 9.04600237676192,
            "c6_ii": 36.16307245816749,
            "c8_ii": 1298.4150268761093,
            "c10_ii": 50783.57539514177,
            "slater_b_init": 33.66878994733298
        },
        {
            "index": 10,
            "element": "H",
            "charge": 0.15479425621045317,
            "dipole": [
                -0.04263504097892531,
                -0.007601570268093819,
                0.020464184581929428
            ],
            "quadrupole": [
                [
                    -0.48400306564920026,
                    -0.4759949760737358,
                    -0.004640850407678755
                ],
                [
                    -0.4759949760737358,
                    -0.0032204817780747143,
                    -0.47885737818029933
                ],
                [
                    -0.004640850407678755,
                    -0.47885737818029933,
                    0.0039029838765931796
                ]
            ],
            "volume_eff": 2.6861416186276266,
            "alpha_iso": 0.8572792399875404,
            "c6_ii": 0.23590271701424673,
            "c8_ii": 1.4947887778273028,
            "c10_ii": 13.072747399978821,
            "slater_b_init": 69.51684607456589
        },
        {
            "index": 11,
            "element": "H",
            "charge": 0.15172125361570843,
            "dipole": [
                0.022346563088883244,
                0.040746759839481964,
                0.0082172183623359
            ],
            "quadrupole": [
                [
                    -0.4767707731875466,
                    -0.4873336049863253,
                    -0.0019405948308648634
                ],
                [
                    -0.4873336049863253,
                    -0.004585327462600556,
                    -0.4800953839508182
                ],
                [
                    -0.0019405948308648634,
                    -0.4800953839508182,
                    0.004330584559674772
                ]
            ],
            "volume_eff": 2.6983474260638864,
            "alpha_iso": 0.8611747104459213,
            "c6_ii": 0.23805146826792623,
            "c8_ii": 1.5129702582610467,
            "c10_ii": 13.271807448133076,
            "slater_b_init": 69.41186924734015
        },
        {
            "index": 12,
            "element": "H",
            "charge": 0.1490404584197076,
            "dipole": [
                0.0058737129946611994,
                -0.009704521414577321,
                -0.04583615913394244
            ],
            "quadrupole": [
                [
                    -0.48156780671206717,
                    -0.4800775931767704,
                    -0.0005636940842761592
                ],
                [
                    -0.4800775931767704,
                    -0.0054031625766728115,
                    -0.4932712832292253
                ],
                [
                    -0.0005636940842761592,
                    -0.4932712832292253,
                    0.0003303133692772702
                ]
            ],
            "volume_eff": 2.7257740318875032,
            "alpha_iso": 0.8699278825172883,
            "c6_ii": 0.24291527827538684,
            "c8_ii": 1.5543268382073114,
            "c10_ii": 13.72682244214561,
            "slater_b_init": 69.17827773964927
        },
        {
            "index": 13,
            "element": "H",
            "charge": 0.09061565857349752,
            "dipole": [
                -0.025260731192822176,
                -0.05735915633057654,
                -0.02298618170498365
            ],
            "quadrupole": [
                [
                    -0.5104651307219473,
                    -0.5347122341112223,
                    0.000477287835595215
                ],
                [
                    -0.5347122341112223,
                    -0.002401173062531202,
                    -0.5257376478798118
                ],
                [
                    0.000477287835595215,
                    -0.5257376478798118,
                    -0.006512197424916531
                ]
            ],
            "volume_eff": 2.958795034034901,
            "alpha_iso": 0.9442962874579471,
            "c6_ii": 0.28622324001454824,
            "c8_ii": 1.9343828342607032,
            "c10_ii": 18.04347244265538,
            "slater_b_init": 67.3123472595234
        },
        {
            "index": 14,
            "element": "H",
            "charge": 0.09265353644973506,
            "dipole": [
                0.000991950200018037,
                0.02328227545899107,
                0.06314232638476965
            ],
            "quadrupole": [
                [
                    -0.506445342493842,
                    -0.5253746358594957,
                    0.0004390309139032884
                ],
                [
                    -0.5253746358594957,
                    0.0009449137582530245,
                    -0.5316030762701176
                ],
                [
                    0.0004390309139032884,
                    -0.5316030762701176,
                    -0.005274652834638704
                ]
            ],
            "volume_eff": 2.940140479808059,
            "alpha_iso": 0.938342706321721,
            "c6_ii": 0.2826254678664995,
            "c8_ii": 1.9020311734814819,
            "c10_ii": 17.667053405217615,
            "slater_b_init": 67.45440798596911
        },
        {
            "index": 15,
            "element": "H",
            "charge": 0.10671914564648977,
            "dipole": [
                -0.013656326272732857,
                -0.059578023995209804,
                -0.023738774945341306
            ],
            "quadrupole": [
                [
                    -0.49730593589394073,
                    -0.510813600614535,
                    -0.0020356790997362612
                ],
                [
                    -0.510813600614535,
                    -0.007494561737835313,
                    -0.5093453235954531
                ],
                [
                    -0.0020356790997362612,
                    -0.5093453235954531,
                    0.003224517399786128
                ]
            ],
            "volume_eff": 2.830894970181725,
            "alpha_iso": 0.9034771181431037,
            "c6_ii": 0.2620128824470662,
            "c8_ii": 1.7193571461489023,
            "c10_ii": 15.572190436947169,
            "slater_b_init": 68.31117831106594
        },
        {
            "index": 16,
            "element": "H",
            "charge": 0.1208759118356092,
            "dipole": [
                0.009637490743147747,
                0.01408914281579053,
                0.06527215584562761
            ],
            "quadrupole": [
                [
                    -0.48186997191255304,
                    -0.492746331988197,
                    -0.001440536889521125
                ],
                [
                    -0.492746331988197,
                    -0.007999443463994565,
                    -0.4991434846165559
                ],
                [
                    -0.001440536889521125,
                    -0.4991434846165559,
                    0.0022728583698818955
                ]
            ],
            "volume_eff": 2.729010378498204,
            "alpha_iso": 0.8709607590951715,
            "c6_ii": 0.24349245359227864,
            "c8_ii": 1.559252968111979,
            "c10_ii": 13.781224512089752,
            "slater_b_init": 69.1509206377401
        },
        {
            "index": 17,
            "element": "H",
            "charge": 0.1929148063015984,
            "dipole": [
                -0.017674077851455867,
                0.007910934214070268,
                -0.04759097743440216
            ],
            "quadrupole": [
                [
                    -0.42863025833353374,
                    -0.42751150711945235,
                    -0.0002840141371372652
                ],
                [
                    -0.42751150711945235,
                    0.004978985816814078,
                    -0.4379522230278857
                ],
                [
                    -0.0002840141371372652,
                    -0.4379522230278857,
                    -0.0023882804741743174
                ]
            ],
            "volume_eff": 2.334415110213561,
            "alpha_iso": 0.745026099004328,
            "c6_ii": 0.17816865547083674,
            "c8_ii": 1.0281211856034584,
            "c10_ii": 8.188370200609882,
            "slater_b_init": 72.84621651670007
        },
        {
            "index": 18,
            "element": "H",
            "charge": 0.18888811376906256,
            "dipole": [
                0.036124086753674435,
                -0.035402802544767964,
                0.010487492550120924
            ],
            "quadrupole": [
                [
                    -0.43343085083203725,
                    -0.435564123275725,
                    -0.00017706708985604797
                ],
                [
                    -0.435564123275725,
                    0.006763703456010244,
                    -0.43593758095163104
                ],
                [
                    -0.00017706708985604797,
                    -0.43593758095163104,
                    -0.0014587971643983415
                ]
            ],
            "volume_eff": 2.354679356250055,
            "alpha_iso": 0.7514934115691665,
            "c6_ii": 0.18127532146208003,
            "c8_ii": 1.0520930460857958,
            "c10_ii": 8.427713653799385,
            "slater_b_init": 72.63664394262376
        }
    ]
}