{
    "molecule": "Est_331",
    "atoms": [
        {
            "index": 0,
            "element": "C",
            "charge": -0.23756431700071623,
            "dipole": [
                0.007053959026912029,
                0.003379934709390413,
                -0.002657258581392923
            ],
            "quadrupole": [
                [
                    -4.8617156985839625,
                    -4.736906572089576,
                    0.09218912386353043
                ],
                [
                    -4.736906572089576,
                    -0.0037359021761484805,
                    -4.666412090546831
                ],
                [
                    0.09218912386353043,
                    -4.666412090546831,
                    0.08875736261565939
                ]
            ],
            "volume_eff": 35.29924781829408,
            "alpha_iso": 11.088768948155206,
            "c6_ii": 39.791480070886216,
            "c8_ii": 1093.6356799224457,
            "c10_ii": 37659.08014069769,
            "slater_b_init": 35.93359606938639
        },
        {
            "index": 1,
            "element": "C",
            "charge": -0.36254273570252593,
            "dipole": [
                -0.0021267704315768225,
                -0.026578933956834243,
                0.015511648509395758
            ],
            "quadrupole": [
                [
                    -5.071295970663276,
                    -4.943802978627532,
                    0.09374283957152088
                ],
                [
                    -4.943802978627532,
                    0.029919897218876577,
                    -4.849658279217299
                ],
                [
                    0.09374283957152088,
                    -4.849658279217299,
                    0.07725927656946123
                ]
            ],
            "volume_eff": 37.101680628446765,
            "alpha_iso": 11.654978207889036,
            "c6_ii": 43.95885342658864,
            "c8_ii": 1248.9575794281602,
            "c10_ii": 44459.38790936696,
            "slater_b_init": 35.34201480096961
        },
        {
            "index": 2,
            "element": "C",
            "charge": 0.8040874587748501,
            "dipole": [
                -0.0688465756959361,
                0.02129995404506647,
                0.004846555729601931
            ],
            "quadrupole": [
                [
                    -3.1063439277462064,
                    -3.107326711922467,
                    0.09624085986184396
                ],
                [
                    -3.107326711922467,
                    0.06871253534640162,
                    -2.9764957424208323
                ],
                [
                    0.09624085986184396,
                    -2.9764957424208323,
                    0.029436655212965547
                ]
            ],
            "volume_eff": 20.720584237374073,
            "alpha_iso": 6.5090840536253625,
            "c6_ii": 13.710812257775382,
            "c8_ii": 264.1821427406004,
            "c10_ii": 6377.613441613575,
            "slater_b_init": 42.91625658092594
        },
        {
            "index": 3,
            "element": "O",
            "charge": -0.5834333945212045,
            "dipole": [
                0.011207538726697087,
                0.08887721220261549,
                -0.06149344467146762
            ],
            "quadrupole": [
                [
                    -4.411440992983316,
                    -4.376043170878416,
                    0.04704822282332656
                ],
                [
                    -4.376043170878416,
                    0.031621664553127544,
                    -4.31305747727223
                ],
                [
                    0.04704822282332656,
                    -4.31305747727223,
                    0.03785895352554217
                ]
            ],
            "volume_eff": 25.539523718043032,
            "alpha_iso": 7.619526413117811,
            "c6_ii": 31.05939818446911,
            "c8_ii": 1352.5448568628049,
            "c10_ii": 56717.868576017434,
            "slater_b_init": 32.98807584314895
        },
        {
            "index": 4,
            "element": "O",
            "charge": -0.4024116665313038,
            "dipole": [
                -0.08682425526753271,
                0.011748895869307684,
                0.006108439169320623
            ],
            "quadrupole": [
                [
                    -4.02583646418777,
                    -4.100510304375236,
                    0.022277752366958146
                ],
                [
                    -4.100510304375236,
                    0.010912813350837295,
                    -4.041009517502504
                ],
                [
                    0.022277752366958146,
                    -4.041009517502504,
                    -0.006244109613623781
                ]
            ],
            "volume_eff": 23.060828538635104,
            "alpha_iso": 6.880026193846937,
            "c6_ii": 25.323122862726727,
            "c8_ii": 1030.1899563490367,
            "c10_ii": 40357.74990342091,
            "slater_b_init": 34.129999357944804
        },
        {
            "index": 5,
            "element": "C",
            "charge": 0.2996890637531484,
            "dipole": [
                0.06941819427951185,
                -0.10030445192537195,
                -0.0010904890286731002
            ],
            "quadrupole": [
                [
                    -3.760986380965753,
                    -3.7963998490222304,
                    0.0010962436230880534
                ],
                [
                    -3.7963998490222304,
                    -0.06728987701170143,
                    -3.8731703466638905
                ],
                [
                    0.0010962436230880534,
                    -3.8731703466638905,
                    0.006953668718971592
                ]
            ],
            "volume_eff": 26.96384104353888,
            "alpha_iso": 8.470316558179753,
            "c6_ii": 23.217887756688008,
            "c8_ii": 533.2319409131218,
            "c10_ii": 15343.486813957468,
            "slater_b_init": 39.30929418142549
        },
        {
            "index": 6,
            "element": "C",
            "charge": -0.5322729382824622,
            "dipole": [
                0.012443110587014274,
                -2.4368876499535296e-05,
                0.03751588790829603
            ],
            "quadrupole": [
                [
                    -5.257463942767711,
                    -5.256398935721138,
                    -0.019524068941714712
                ],
                [
                    -5.256398935721138,
                    -0.031486068124789504,
                    -5.279781911643553
                ],
                [
                    -0.019524068941714712,
                    -5.279781911643553,
                    -0.02839154484062362
                ]
            ],
            "volume_eff": 40.0293485218414,
            "alpha_iso": 12.57466445712295,
            "c6_ii": 51.17009637048733,
            "c8_ii": 1529.3522490845214,
            "c10_ii": 57268.16624836281,
            "slater_b_init": 34.45849652757541
        },
        {
            "index": 7,
            "element": "C",
            "charge": -0.5227796951231332,
            "dipole": [
                0.016364223631889722,
                -0.004597152648563178,
                -0.03801405172324706
            ],
            "quadrupole": [
                [
                    -5.235971954945417,
                    -5.251504752497479,
                    0.026688279189092404
                ],
                [
                    -5.251504752497479,
                    -0.029799921819035367,
                    -5.2623610055406695
                ],
                [
                    0.026688279189092404,
                    -5.2623610055406695,
                    0.028324652144650582
                ]
            ],
            "volume_eff": 39.91540484018652,
            "alpha_iso": 12.538870630425084,
            "c6_ii": 50.87919926105981,
            "c8_ii": 1517.7709512652496,
            "c10_ii": 56726.5883647457,
            "slater_b_init": 34.491254120940305
        },
        {
            "index": 8,
            "element": "H",
            "charge": 0.17756504029742415,
            "dipole": [
                -0.0028257898009531155,
                0.04908482437952302,
                -0.028527899699378533
            ],
            "quadrupole": [
                [
                    -0.4471002072053045,
                    -0.45169058538476575,
                    -0.0007647211413329939
                ],
                [
                    -0.45169058538476575,
                    0.0026640895688590134,
                    -0.44990348579920264
                ],
                [
                    -0.0007647211413329939,
                    -0.44990348579920264,
                    -0.0028817679782874306
                ]
            ],
            "volume_eff": 2.469477122632832,
            "alpha_iso": 0.7881309965849463,
            "c6_ii": 0.19938163163243827,
            "c8_ii": 1.194490680705819,
            "c10_ii": 9.876897365518559,
            "slater_b_init": 71.49319289575129
        },
        {
            "index": 9,
            "element": "H",
            "charge": 0.15878816890992842,
            "dipole": [
                0.040044953119204064,
                -0.03745533143188711,
                0.009636146674129296
            ],
            "quadrupole": [
                [
                    -0.4617196327849378,
                    -0.4626155537640237,
                    -0.0035454497823190164
                ],
                [
                    -0.4626155537640237,
                    0.002146937203926657,
                    -0.46428034278921626
                ],
                [
                    -0.0035454497823190164,
                    -0.46428034278921626,
                    -0.0031065425850812694
                ]
            ],
            "volume_eff": 2.545791307355138,
            "alpha_iso": 0.8124865874537676,
            "c6_ii": 0.2118950101802344,
            "c8_ii": 1.2954785045234594,
            "c10_ii": 10.931502230709091,
            "slater_b_init": 70.77155897455727
        },
        {
            "index": 10,
            "element": "H",
            "charge": 0.18730383998307676,
            "dipole": [
                -0.0017165443546531657,
                -0.04143759580631428,
                0.025427425248167886
            ],
            "quadrupole": [
                [
                    -0.4268506851740346,
                    -0.43739564887775473,
                    -0.00048337230658118696
                ],
                [
                    -0.43739564887775473,
                    -0.003831457104517598,
                    -0.4391555304165749
                ],
                [
                    -0.00048337230658118696,
                    -0.4391555304165749,
                    -0.0019320762686078751
                ]
            ],
            "volume_eff": 2.3610232891155363,
            "alpha_iso": 0.7535180709943201,
            "c6_ii": 0.1822534143974078,
            "c8_ii": 1.0596687715959812,
            "c10_ii": 8.503637794785803,
            "slater_b_init": 72.57152876874291
        },
        {
            "index": 11,
            "element": "H",
            "charge": 0.08923296697236927,
            "dipole": [
                0.0035279029044719243,
                0.06858183658778713,
                0.003519054063206434
            ],
            "quadrupole": [
                [
                    -0.5091134768058189,
                    -0.5302037337716665,
                    0.000547340753409568
                ],
                [
                    -0.5302037337716665,
                    -0.0097598472748884,
                    -0.5144320745144322
                ],
                [
                    0.000547340753409568,
                    -0.5144320745144322,
                    0.003210364588667572
                ]
            ],
            "volume_eff": 2.903359501339914,
            "alpha_iso": 0.926604096172313,
            "c6_ii": 0.2755984435447659,
            "c8_ii": 1.8392393595540948,
            "c10_ii": 16.941033409591,
            "slater_b_init": 67.73806045794277
        },
        {
            "index": 12,
            "element": "H",
            "charge": 0.15779688368087041,
            "dipole": [
                -0.038616422543703,
                0.02160365712559874,
                0.0032944377990768007
            ],
            "quadrupole": [
                [
                    -0.4836891672311924,
                    -0.47725069999797454,
                    0.0032242955042335202
                ],
                [
                    -0.47725069999797454,
                    0.0029716716195464996,
                    -0.4697385246723478
                ],
                [
                    0.0032242955042335202,
                    -0.4697385246723478,
                    0.0024855040345945025
                ]
            ],
            "volume_eff": 2.671616556643309,
            "alpha_iso": 0.852643581907439,
            "c6_ii": 0.2333583706415635,
            "c8_ii": 1.4733313043529481,
            "c10_ii": 12.83859811301231,
            "slater_b_init": 69.64260165738413
        },
        {
            "index": 13,
            "element": "H",
            "charge": 0.16048960901909282,
            "dipole": [
                0.02930913853710424,
                0.014555470160287982,
                -0.03498794052813818
            ],
            "quadrupole": [
                [
                    -0.4722621312800329,
                    -0.4750463369441557,
                    0.0018313944906999627
                ],
                [
                    -0.4750463369441557,
                    -0.0001647490867329926,
                    -0.47582362308021264
                ],
                [
                    0.0018313944906999627,
                    -0.47582362308021264,
                    0.004765174035082016
                ]
            ],
            "volume_eff": 2.6544647739599068,
            "alpha_iso": 0.8471696087106085,
            "c6_ii": 0.23037166659253117,
            "c8_ii": 1.44824261877138,
            "c10_ii": 12.565904023081622,
            "slater_b_init": 69.79227793615618
        },
        {
            "index": 14,
            "element": "H",
            "charge": 0.15107688850188306,
            "dipole": [
                -0.0008552576994401663,
                -0.04389523624577719,
                0.0007469079912953366
            ],
            "quadrupole": [
                [
                    -0.48594603939733666,
                    -0.4952456505678401,
                    0.0001808610913253158
                ],
                [
                    -0.4952456505678401,
                    -0.0018496939032444878,
                    -0.4784853694329505
                ],
                [
                    0.0001808610913253158,
                    -0.4784853694329505,
                    0.004732804907260188
                ]
            ],
            "volume_eff": 2.7484142010112307,
            "alpha_iso": 0.8771534684078396,
            "c6_ii": 0.2469673257486108,
            "c8_ii": 1.5889927057401847,
            "c10_ii": 14.110566932724126,
            "slater_b_init": 68.98780083806427
        },
        {
            "index": 15,
            "element": "H",
            "charge": 0.15807824438992213,
            "dipole": [
                -0.039303653096412115,
                0.02193494817206602,
                -0.0023023415588349404
            ],
            "quadrupole": [
                [
                    -0.48253983233427844,
                    -0.4764420885906185,
                    -0.0036349424491726877
                ],
                [
                    -0.4764420885906185,
                    0.002924517158640345,
                    -0.46940414823883325
                ],
                [
                    -0.0036349424491726877,
                    -0.46940414823883325,
                    -0.0026885038848332246
                ]
            ],
            "volume_eff": 2.665463058835789,
            "alpha_iso": 0.8506796996284434,
            "c6_ii": 0.2322846263624494,
            "c8_ii": 1.4642993213376372,
            "c10_ii": 12.740292825325572,
            "slater_b_init": 69.69615285766007
        },
        {
            "index": 16,
            "element": "H",
            "charge": 0.1485587141613255,
            "dipole": [
                0.02981333313540485,
                0.010109529493003831,
                0.034059576535270454
            ],
            "quadrupole": [
                [
                    -0.48433956441594306,
                    -0.486917011900789,
                    -0.0027905557298086325
                ],
                [
                    -0.486917011900789,
                    0.002475152330975128,
                    -0.49105637804546004
                ],
                [
                    -0.0027905557298086325,
                    -0.49105637804546004,
                    -0.006258195201520516
                ]
            ],
            "volume_eff": 2.748096959980505,
            "alpha_iso": 0.877052221270374,
            "c6_ii": 0.24691031567552743,
            "c8_ii": 1.5885036526258294,
            "c10_ii": 14.105138532100755,
            "slater_b_init": 68.99045539250105
        },
        {
            "index": 17,
            "element": "H",
            "charge": 0.1524560230914601,
            "dipole": [
                -0.0006652605465739238,
                -0.04410864852744565,
                -0.004730111672717498
            ],
            "quadrupole": [
                [
                    -0.4822789321504777,
                    -0.49297741152415886,
                    -0.0006023667450293836
                ],
                [
                    -0.49297741152415886,
                    -0.0020752749278974184,
                    -0.4759018098615438
                ],
                [
                    -0.0006023667450293836,
                    -0.4759018098615438,
                    -0.004650272294687939
                ]
            ],
            "volume_eff": 2.7264920580064596,
            "alpha_iso": 0.8701570397892956,
            "c6_ii": 0.24304327310205695,
            "c8_ii": 1.5554189241106575,
            "c10_ii": 13.738879257738784,
            "slater_b_init": 69.17220446915535
        }
    ]
}