{
    "molecule": "LCarb_17",
    "atoms": [
        {
            "index": 0,
            "element": "C",
            "charge": -0.09588790321630469,
            "dipole": [
                0.052855397118383406,
                0.12155035925510137,
                0.10201486714001679
            ],
            "quadrupole": [
                [
                    -4.5194990401684505,
                    -4.477451412093908,
                    0.05320311758925068
                ],
                [
                    -4.477451412093908,
                    0.017250349373384034,
                    -4.4821526298813525
                ],
                [
                    0.05320311758925068,
                    -4.4821526298813525,
                    0.04003949993271934
                ]
            ],
            "volume_eff": 33.006720275735105,
            "alpha_iso": 10.368603227979614,
            "c6_ii": 34.79076161879131,
            "c8_ii": 914.3331401689611,
            "c10_ii": 30106.44286674414,
            "slater_b_init": 36.74698463494142
        },
        {
            "index": 1,
            "element": "O",
            "charge": -0.3729280520267224,
            "dipole": [
                0.001229773758242599,
                -0.07324122193151943,
                -0.056550094751609284
            ],
            "quadrupole": [
                [
                    -3.9989037600899584,
                    -4.061391865193347,
                    0.024601707815119278
                ],
                [
                    -4.061391865193347,
                    0.042463085550853555,
                    -4.1191855429733835
                ],
                [
                    0.024601707815119278,
                    -4.1191855429733835,
                    0.018508101684877872
                ]
            ],
            "volume_eff": 23.143033405441816,
            "alpha_iso": 6.904551402728497,
            "c6_ii": 25.503983166582742,
            "c8_ii": 1040.0119099939923,
            "c10_ii": 40839.2912334936,
            "slater_b_init": 34.08954109853597
        },
        {
            "index": 2,
            "element": "C",
            "charge": 0.3142673765871091,
            "dipole": [
                -0.036905186410707745,
                -0.16758238128551375,
                0.07634441051072947
            ],
            "quadrupole": [
                [
                    -3.854442733332778,
                    -3.84916184276531,
                    -0.01546345923344735
                ],
                [
                    -3.84916184276531,
                    -0.030606615777957247,
                    -3.8855265072735414
                ],
                [
                    -0.01546345923344735,
                    -3.8855265072735414,
                    0.0014752599848760148
                ]
            ],
            "volume_eff": 27.648068522636454,
            "alpha_iso": 8.685257127529775,
            "c6_ii": 24.411180679881216,
            "c8_ii": 570.0823471999579,
            "c10_ii": 16680.184912948524,
            "slater_b_init": 38.98230959223069
        },
        {
            "index": 3,
            "element": "O",
            "charge": -0.45733815031640646,
            "dipole": [
                -0.08060251397509283,
                -0.005849344893086075,
                0.02514851336863042
            ],
            "quadrupole": [
                [
                    -4.074745072849948,
                    -4.162167202631442,
                    0.01188336610198221
                ],
                [
                    -4.162167202631442,
                    -0.02748771121764062,
                    -4.137773569508027
                ],
                [
                    0.01188336610198221,
                    -4.137773569508027,
                    -0.0005582816922325988
                ]
            ],
            "volume_eff": 23.572337658808088,
            "alpha_iso": 7.032631124727275,
            "c6_ii": 26.458959134743885,
            "c8_ii": 1092.2564954719069,
            "c10_ii": 43419.62821161321,
            "slater_b_init": 33.88132332678387
        },
        {
            "index": 4,
            "element": "C",
            "charge": 1.0010615149249347,
            "dipole": [
                -0.01323465245088147,
                -0.0388141563726346,
                0.021342817388838902
            ],
            "quadrupole": [
                [
                    -2.873760586951991,
                    -2.889865095759418,
                    0.05866709318117797
                ],
                [
                    -2.889865095759418,
                    0.004100880554190741,
                    -2.767619872024877
                ],
                [
                    0.05866709318117797,
                    -2.767619872024877,
                    0.021237416549728994
                ]
            ],
            "volume_eff": 19.102195324234113,
            "alpha_iso": 6.000689630649459,
            "c6_ii": 11.652678219595083,
            "c8_ii": 212.67684942454562,
            "c10_ii": 4863.278516579423,
            "slater_b_init": 44.095547386544006
        },
        {
            "index": 5,
            "element": "O",
            "charge": -0.6507818492034829,
            "dipole": [
                0.05535119690676789,
                0.14470000523440824,
                -0.06935669662842836
            ],
            "quadrupole": [
                [
                    -4.500780157309061,
                    -4.461295120572199,
                    0.026356097528406223
                ],
                [
                    -4.461295120572199,
                    0.009166524871768996,
                    -4.401569059111954
                ],
                [
                    0.026356097528406223,
                    -4.401569059111954,
                    0.01680686709569064
                ]
            ],
            "volume_eff": 26.194343270578912,
            "alpha_iso": 7.814886942603653,
            "c6_ii": 32.67250835530049,
            "c8_ii": 1447.0080003066448,
            "c10_ii": 61711.90751646502,
            "slater_b_init": 32.71086867792718
        },
        {
            "index": 6,
            "element": "O",
            "charge": -0.403822726472125,
            "dipole": [
                0.11068976894079761,
                -0.028645204955454296,
                -0.007763365043807664
            ],
            "quadrupole": [
                [
                    -4.00151934104686,
                    -4.0967758290686564,
                    0.016142820493149822
                ],
                [
                    -4.0967758290686564,
                    -0.01437738240430246,
                    -4.067842545541018
                ],
                [
                    0.016142820493149822,
                    -4.067842545541018,
                    -0.008220518308863575
                ]
            ],
            "volume_eff": 23.01702875077946,
            "alpha_iso": 6.866958853823706,
            "c6_ii": 25.22702101651857,
            "c8_ii": 1024.980462795979,
            "c10_ii": 40102.80860273394,
            "slater_b_init": 34.151634636869275
        },
        {
            "index": 7,
            "element": "C",
            "charge": -0.10644482437076341,
            "dipole": [
                -0.1606672340151744,
                -0.04310855047135735,
                0.04790050669286219
            ],
            "quadrupole": [
                [
                    -4.4025709481294415,
                    -4.54421801047,
                    -0.0023426714553715236
                ],
                [
                    -4.54421801047,
                    0.051933991464321996,
                    -4.5168928241145805
                ],
                [
                    -0.0023426714553715236,
                    -4.5168928241145805,
                    -0.04536373405621071
                ]
            ],
            "volume_eff": 32.811494429773184,
            "alpha_iso": 10.307275737101524,
            "c6_ii": 34.380422801541016,
            "c8_ii": 899.9827054313898,
            "c10_ii": 29516.956431721417,
            "slater_b_init": 36.81972113537851
        },
        {
            "index": 8,
            "element": "H",
            "charge": 0.09849262724861374,
            "dipole": [
                0.040017401465998415,
                -0.045528718232262094,
                0.013471656258518048
            ],
            "quadrupole": [
                [
                    -0.5269195375872321,
                    -0.5237416822357933,
                    0.00862003422371745
                ],
                [
                    -0.5237416822357933,
                    0.007578274801844801,
                    -0.523542708277362
                ],
                [
                    0.00862003422371745,
                    -0.523542708277362,
                    0.009179329556453248
                ]
            ],
            "volume_eff": 2.9837199392260616,
            "alpha_iso": 0.9522510444338496,
            "c6_ii": 0.29106584373159616,
            "c8_ii": 1.9781424557855436,
            "c10_ii": 18.555131594471785,
            "slater_b_init": 67.12438866069786
        },
        {
            "index": 9,
            "element": "H",
            "charge": 0.11261715804064143,
            "dipole": [
                -0.05435605791089155,
                -0.006760786712207861,
                0.0272016427868277
            ],
            "quadrupole": [
                [
                    -0.512353663906901,
                    -0.5014655112494598,
                    0.01213047394109461
                ],
                [
                    -0.5014655112494598,
                    0.005503487116886304,
                    -0.5037979119346825
                ],
                [
                    0.01213047394109461,
                    -0.5037979119346825,
                    0.0040430828903863835
                ]
            ],
            "volume_eff": 2.8371959021833715,
            "alpha_iso": 0.9054880538883101,
            "c6_ii": 0.26318054332216567,
            "c8_ii": 1.7295811511263572,
            "c10_ii": 15.688024659172152,
            "slater_b_init": 68.26057164036308
        },
        {
            "index": 10,
            "element": "H",
            "charge": 0.07673591596827467,
            "dipole": [
                -0.006654224630420147,
                0.024611656373984332,
                -0.05343270061916728
            ],
            "quadrupole": [
                [
                    -0.5621859782413652,
                    -0.5445248903462878,
                    0.011637790342840853
                ],
                [
                    -0.5445248903462878,
                    0.006911253649875976,
                    -0.5635708846769308
                ],
                [
                    0.011637790342840853,
                    -0.5635708846769308,
                    0.007797825847416955
                ]
            ],
            "volume_eff": 3.2363831513387327,
            "alpha_iso": 1.0328882397889574,
            "c6_ii": 0.34244828411422956,
            "c8_ii": 2.4569476179906955,
            "c10_ii": 24.329711294299955,
            "slater_b_init": 65.33005919376468
        },
        {
            "index": 11,
            "element": "H",
            "charge": 0.08336037188545109,
            "dipole": [
                0.014516715025643504,
                0.05809684097081685,
                0.04868200307568404
            ],
            "quadrupole": [
                [
                    -0.5118318280008967,
                    -0.5214091431905049,
                    -0.00394058281511507
                ],
                [
                    -0.5214091431905049,
                    -0.00529534569652618,
                    -0.5269971910065885
                ],
                [
                    -0.00394058281511507,
                    -0.5269971910065885,
                    -0.0002864580861005806
                ]
            ],
            "volume_eff": 2.9157267308070627,
            "alpha_iso": 0.9305510843001265,
            "c6_ii": 0.2779513374419218,
            "c8_ii": 1.8602055208856243,
            "c10_ii": 17.182772690212182,
            "slater_b_init": 67.64215305142328
        },
        {
            "index": 12,
            "element": "H",
            "charge": 0.058017336963321675,
            "dipole": [
                -0.008187465149609247,
                0.019246882904822335,
                -0.07282673197046428
            ],
            "quadrupole": [
                [
                    -0.5460297740740908,
                    -0.5527366461681589,
                    -0.00481231277097931
                ],
                [
                    -0.5527366461681589,
                    -0.007186027783584689,
                    -0.57245475619753
                ],
                [
                    -0.00481231277097931,
                    -0.57245475619753,
                    -0.003539570713822317
                ]
            ],
            "volume_eff": 3.203822557262258,
            "alpha_iso": 1.0224965608283803,
            "c6_ii": 0.3355923412290432,
            "c8_ii": 2.3915820918621513,
            "c10_ii": 23.523324499197155,
            "slater_b_init": 65.55063109774211
        },
        {
            "index": 13,
            "element": "H",
            "charge": 0.11239856958933392,
            "dipole": [
                0.01722484492477935,
                0.04954749978390506,
                0.03571291331935394
            ],
            "quadrupole": [
                [
                    -0.49751712691162303,
                    -0.5204476995309274,
                    0.0022730006854083376
                ],
                [
                    -0.5204476995309274,
                    0.0027181001987046927,
                    -0.5145512762267174
                ],
                [
                    0.0022730006854083376,
                    -0.5145512762267174,
                    -0.009825973207551672
                ]
            ],
            "volume_eff": 2.8849918923585824,
            "alpha_iso": 0.9207420933059306,
            "c6_ii": 0.27212242051876623,
            "c8_ii": 1.8083743510308385,
            "c10_ii": 16.586414216645576,
            "slater_b_init": 67.88151032295491
        },
        {
            "index": 14,
            "element": "H",
            "charge": 0.111625670821072,
            "dipole": [
                -0.0011052854360260763,
                0.008784377865919799,
                -0.06253640862026287
            ],
            "quadrupole": [
                [
                    -0.4950946513077761,
                    -0.5225648183993298,
                    -0.0002010141580629404
                ],
                [
                    -0.5225648183993298,
                    0.006137969000930549,
                    -0.5175672624867423
                ],
                [
                    -0.0002010141580629404,
                    -0.5175672624867423,
                    -0.0015464122878951362
                ]
            ],
            "volume_eff": 2.8921252330234943,
            "alpha_iso": 0.923018691390477,
            "c6_ii": 0.27346976692667785,
            "c8_ii": 1.8203224788854802,
            "c10_ii": 16.723512489359223,
            "slater_b_init": 67.82565513554444
        },
        {
            "index": 15,
            "element": "H",
            "charge": 0.11734923964782351,
            "dipole": [
                0.02877238308074446,
                -0.05232310028538114,
                0.01640590239774305
            ],
            "quadrupole": [
                [
                    -0.4842723371293333,
                    -0.5056068713469795,
                    -0.0030810822770329
                ],
                [
                    -0.5056068713469795,
                    0.005741620678693402,
                    -0.5078895259687741
                ],
                [
                    -0.0030810822770329,
                    -0.5078895259687741,
                    -0.007210977801671816
                ]
            ],
            "volume_eff": 2.785911848856933,
            "alpha_iso": 0.8891208028266808,
            "c6_ii": 0.25375223274689135,
            "c8_ii": 1.647463246044715,
            "c10_ii": 14.762562585267316,
            "slater_b_init": 68.6768824002171
        }
    ]
}