{
    "molecule": "TEP",
    "atoms": [
        {
            "index": 0,
            "element": "C",
            "charge": -0.5071053934424068,
            "dipole": [
                0.029346021832656333,
                -0.03526752790525304,
                -0.0006638122731830499
            ],
            "quadrupole": [
                [
                    -5.206249358686599,
                    -5.213912945943105,
                    0.03983666268056924
                ],
                [
                    -5.213912945943105,
                    0.037545494747613775,
                    -5.187822491790264
                ],
                [
                    0.03983666268056924,
                    -5.187822491790264,
                    -0.03503796237263893
                ]
            ],
            "volume_eff": 39.33094327983104,
            "alpha_iso": 12.355270140261059,
            "c6_ii": 49.40010993839803,
            "c8_ii": 1459.2278177102464,
            "c10_ii": 54004.84756908265,
            "slater_b_init": 34.66126254051922
        },
        {
            "index": 1,
            "element": "C",
            "charge": 0.14721485565156112,
            "dipole": [
                -0.021140933367528873,
                -0.04933234094290259,
                -0.1589284414752877
            ],
            "quadrupole": [
                [
                    -4.1029779361021665,
                    -4.095360428237737,
                    0.06647225974918892
                ],
                [
                    -4.095360428237737,
                    0.033065519247924446,
                    -4.0087459162981025
                ],
                [
                    0.06647225974918892,
                    -4.0087459162981025,
                    -0.0578021233162569
                ]
            ],
            "volume_eff": 29.2150740836663,
            "alpha_iso": 9.17751018335067,
            "c6_ii": 27.25669376050378,
            "c8_ii": 660.3640857298277,
            "c10_ii": 20045.097673156695,
            "slater_b_init": 38.27250026020286
        },
        {
            "index": 2,
            "element": "O",
            "charge": -0.5966986747319574,
            "dipole": [
                0.014499310401482298,
                0.1988087606681646,
                -0.010575885605618037
            ],
            "quadrupole": [
                [
                    -4.2895646909505345,
                    -4.317880082041484,
                    0.03682037575623505
                ],
                [
                    -4.317880082041484,
                    -0.010306298453517016,
                    -4.318114155571927
                ],
                [
                    0.03682037575623505,
                    -4.318114155571927,
                    -0.0010017359076150173
                ]
            ],
            "volume_eff": 24.92092148658367,
            "alpha_iso": 7.434971051245956,
            "c6_ii": 29.573017651327163,
            "c8_ii": 1266.9373863059593,
            "c10_ii": 52266.59947799394,
            "slater_b_init": 33.25879804835967
        },
        {
            "index": 3,
            "element": "P",
            "charge": 1.7548669779787822,
            "dipole": [
                -0.04309545123710737,
                -0.00034865277782434505,
                -0.04212906175277017
            ],
            "quadrupole": [
                [
                    -6.31489867932015,
                    -6.2640653772454895,
                    0.0022078236499337954
                ],
                [
                    -6.2640653772454895,
                    0.03729262641326388,
                    -6.305730038003328
                ],
                [
                    0.0022078236499337954,
                    -6.305730038003328,
                    -0.04907925202848571
                ]
            ],
            "volume_eff": 50.62415952967249,
            "alpha_iso": 19.470830588335573,
            "c6_ii": 112.21752016470059,
            "c8_ii": 3594.319053737188,
            "c10_ii": 65198.78317491712,
            "slater_b_init": 35.8673356305993
        },
        {
            "index": 4,
            "element": "O",
            "charge": -0.8560853885572861,
            "dipole": [
                0.17749538440122622,
                -0.11837232087530385,
                0.2591655158193914
            ],
            "quadrupole": [
                [
                    -4.760398765215043,
                    -4.762424915335625,
                    0.0072738912328081645
                ],
                [
                    -4.762424915335625,
                    0.015364412826204672,
                    -4.791923859043251
                ],
                [
                    0.0072738912328081645,
                    -4.791923859043251,
                    -0.01666547526833666
                ]
            ],
            "volume_eff": 28.5360870407914,
            "alpha_iso": 8.513528730401854,
            "c6_ii": 38.775400360654785,
            "c8_ii": 1818.1763996339103,
            "c10_ii": 82096.62915853896,
            "slater_b_init": 31.79043291041924
        },
        {
            "index": 5,
            "element": "O",
            "charge": -0.5775964053239129,
            "dipole": [
                0.0652362638622555,
                -0.09219206245996378,
                -0.16903806692945664
            ],
            "quadrupole": [
                [
                    -4.2678225838563435,
                    -4.250143414852636,
                    -0.017700448616810957
                ],
                [
                    -4.250143414852636,
                    -0.009303909566206695,
                    -4.311563450795201
                ],
                [
                    -0.017700448616810957,
                    -4.311563450795201,
                    -0.022852246591590252
                ]
            ],
            "volume_eff": 24.645243666688653,
            "alpha_iso": 7.352724629840814,
            "c6_ii": 28.922356924669977,
            "c8_ii": 1229.9077472195024,
            "c10_ii": 50364.08830958258,
            "slater_b_init": 33.382347746149584
        },
        {
            "index": 6,
            "element": "C",
            "charge": 0.14253716526644133,
            "dipole": [
                -0.16882241062939554,
                -0.03540615767847634,
                -0.026957687792960743
            ],
            "quadrupole": [
                [
                    -3.981986809389323,
                    -4.074974076233565,
                    -0.06868007939434835
                ],
                [
                    -4.074974076233565,
                    -0.00591587914687976,
                    -4.146231672333437
                ],
                [
                    -0.06868007939434835,
                    -4.146231672333437,
                    -0.030302871069163437
                ]
            ],
            "volume_eff": 29.157245325834534,
            "alpha_iso": 9.15934408141399,
            "c6_ii": 27.148895933894302,
            "c8_ii": 656.8841405704571,
            "c10_ii": 19913.14427032972,
            "slater_b_init": 38.297786022787086
        },
        {
            "index": 7,
            "element": "C",
            "charge": -0.48836465475659807,
            "dipole": [
                -0.021463677551744165,
                0.024522005616293845,
                0.04317341196420956
            ],
            "quadrupole": [
                [
                    -5.106768755117737,
                    -5.156696473861941,
                    -0.03657644074292639
                ],
                [
                    -5.156696473861941,
                    -0.013730631776144852,
                    -5.190498636974019
                ],
                [
                    -0.03657644074292639,
                    -5.190498636974019,
                    -0.029098007141669654
                ]
            ],
            "volume_eff": 38.81130268986706,
            "alpha_iso": 12.192032258596983,
            "c6_ii": 48.10338415077497,
            "c8_ii": 1408.3806640849302,
            "c10_ii": 51662.918556963625,
            "slater_b_init": 34.8152692863583
        },
        {
            "index": 8,
            "element": "O",
            "charge": -0.5627005657935786,
            "dipole": [
                -0.2040535974265056,
                -0.010550455187056338,
                0.001915877721446843
            ],
            "quadrupole": [
                [
                    -4.2713792191547055,
                    -4.226380594942184,
                    0.0035523148001916165
                ],
                [
                    -4.226380594942184,
                    -0.011883398332802617,
                    -4.237221555372519
                ],
                [
                    0.0035523148001916165,
                    -4.237221555372519,
                    0.010811919013167713
                ]
            ],
            "volume_eff": 24.360372544605255,
            "alpha_iso": 7.267735455296595,
            "c6_ii": 28.257601745937354,
            "c8_ii": 1192.361730626353,
            "c10_ii": 48449.616215066366,
            "slater_b_init": 33.51196860209688
        },
        {
            "index": 9,
            "element": "C",
            "charge": 0.13872930575097797,
            "dipole": [
                0.026482638267850925,
                -0.0393138515798045,
                0.16453778198745364
            ],
            "quadrupole": [
                [
                    -4.150312458317489,
                    -4.0446220700684234,
                    -0.030014272444633776
                ],
                [
                    -4.0446220700684234,
                    -0.0049556121088893314,
                    -4.0512162437394155
                ],
                [
                    -0.030014272444633776,
                    -4.0512162437394155,
                    0.09020481714262706
                ]
            ],
            "volume_eff": 29.319362198308028,
            "alpha_iso": 9.210270847636028,
            "c6_ii": 27.451635773927343,
            "c8_ii": 666.6688813396302,
            "c10_ii": 20284.60704803985,
            "slater_b_init": 38.22706829578485
        },
        {
            "index": 10,
            "element": "C",
            "charge": -0.49609869302084597,
            "dipole": [
                0.04709901332118225,
                -0.014533226557939611,
                0.005469739590887547
            ],
            "quadrupole": [
                [
                    -5.204458017089894,
                    -5.165150310644259,
                    -0.009865501607512529
                ],
                [
                    -5.165150310644259,
                    -0.013554197567214179,
                    -5.1502193298081025
                ],
                [
                    -0.009865501607512529,
                    -5.1502193298081025,
                    0.059402688998220404
                ]
            ],
            "volume_eff": 39.03691454468463,
            "alpha_iso": 12.262905092571085,
            "c6_ii": 48.66426392373829,
            "c8_ii": 1430.3185067494935,
            "c10_ii": 52670.78812720709,
            "slater_b_init": 34.7480686348424
        },
        {
            "index": 11,
            "element": "H",
            "charge": 0.14759266234838408,
            "dipole": [
                -0.039486863392139394,
                -0.02456372335093105,
                -0.003953787585674413
            ],
            "quadrupole": [
                [
                    -0.49035358640981136,
                    -0.47635462209956553,
                    -0.0015541670057688149
                ],
                [
                    -0.47635462209956553,
                    -0.00250445028873839,
                    -0.48800794806536485
                ],
                [
                    -0.0015541670057688149,
                    -0.48800794806536485,
                    0.0008882990545045616
                ]
            ],
            "volume_eff": 2.7188404745111283,
            "alpha_iso": 0.8677150450567431,
            "c6_ii": 0.24168104178843786,
            "c8_ii": 1.5438058559015513,
            "c10_ii": 13.610777628579804,
            "slater_b_init": 69.2370337185338
        },
        {
            "index": 12,
            "element": "H",
            "charge": 0.1553676568485537,
            "dipole": [
                0.0032463669625101992,
                0.03119340212279954,
                0.035297072590263434
            ],
            "quadrupole": [
                [
                    -0.4760992712415765,
                    -0.4806800982813449,
                    -0.0057800890308443076
                ],
                [
                    -0.4806800982813449,
                    -0.0032872880636620294,
                    -0.48073479143945286
                ],
                [
                    -0.0057800890308443076,
                    -0.48073479143945286,
                    0.003691262162750373
                ]
            ],
            "volume_eff": 2.6832752307974097,
            "alpha_iso": 0.8563644353608755,
            "c6_ii": 0.23539952098672506,
            "c8_ii": 1.490538979422737,
            "c10_ii": 13.026305401047537,
            "slater_b_init": 69.5415908749912
        },
        {
            "index": 13,
            "element": "H",
            "charge": 0.15269761920390268,
            "dipole": [
                0.016641053073425185,
                0.01110809548532058,
                -0.041649485613417546
            ],
            "quadrupole": [
                [
                    -0.4769257522647279,
                    -0.48041582467111643,
                    0.0027809540070215582
                ],
                [
                    -0.48041582467111643,
                    -0.006711938656848114,
                    -0.4902607046047616
                ],
                [
                    0.0027809540070215582,
                    -0.4902607046047616,
                    0.0004113983712426994
                ]
            ],
            "volume_eff": 2.7128865743711117,
            "alpha_iso": 0.8658148641609931,
            "c6_ii": 0.2406237019019147,
            "c8_ii": 1.5348070194468568,
            "c10_ii": 13.511678551214542,
            "slater_b_init": 69.28764760282944
        },
        {
            "index": 14,
            "element": "H",
            "charge": 0.09745104479766686,
            "dipole": [
                -0.031000652143298144,
                -0.027719561937052647,
                0.05692480464244649
            ],
            "quadrupole": [
                [
                    -0.5185676517409173,
                    -0.5078404010606385,
                    0.007717257858825548
                ],
                [
                    -0.5078404010606385,
                    -0.003374172209954845,
                    -0.5127995859524377
                ],
                [
                    0.007717257858825548,
                    -0.5127995859524377,
                    -0.0019475689234139707
                ]
            ],
            "volume_eff": 2.8733955949550953,
            "alpha_iso": 0.9170411473260943,
            "c6_ii": 0.2699392112730635,
            "c8_ii": 1.7890557369648552,
            "c10_ii": 16.365222803338373,
            "slater_b_init": 67.97270528475056
        },
        {
            "index": 15,
            "element": "H",
            "charge": 0.08634867164480808,
            "dipole": [
                0.05934458298796872,
                0.02822501549641564,
                -0.0026582245123232423
            ],
            "quadrupole": [
                [
                    -0.5328197473509988,
                    -0.514257592434002,
                    0.009241829003197663
                ],
                [
                    -0.514257592434002,
                    -0.0069326503059348125,
                    -0.5182168507579228
                ],
                [
                    0.009241829003197663,
                    -0.5182168507579228,
                    -0.0034875071796175053
                ]
            ],
            "volume_eff": 2.930434905499272,
            "alpha_iso": 0.9352451826061507,
            "c6_ii": 0.2807626214973866,
            "c8_ii": 1.8853339576705475,
            "c10_ii": 17.473401092253336,
            "slater_b_init": 67.52879538900841
        },
        {
            "index": 16,
            "element": "H",
            "charge": 0.09796101485383113,
            "dipole": [
                0.02974753292227164,
                -0.04314565517606394,
                0.04654080418285243
            ],
            "quadrupole": [
                [
                    -0.5042722384737187,
                    -0.5176475756522152,
                    0.0023334550099804304
                ],
                [
                    -0.5176475756522152,
                    0.00024612139619805806,
                    -0.514212199414904
                ],
                [
                    0.0023334550099804304,
                    -0.514212199414904,
                    -0.008905951115101618
                ]
            ],
            "volume_eff": 2.8652459587833405,
            "alpha_iso": 0.9144401996117044,
            "c6_ii": 0.26841015858411404,
            "c8_ii": 1.7755565265455526,
            "c10_ii": 16.211015179832636,
            "slater_b_init": 68.03708933766315
        },
        {
            "index": 17,
            "element": "H",
            "charge": 0.0810569399429174,
            "dipole": [
                0.01660812532757532,
                0.062110212273664075,
                -0.021089573022556977
            ],
            "quadrupole": [
                [
                    -0.5203384295219352,
                    -0.5402819171522381,
                    0.0037394851377824108
                ],
                [
                    -0.5402819171522381,
                    -0.0063876245883004645,
                    -0.5303803259668597
                ],
                [
                    0.0037394851377824108,
                    -0.5303803259668597,
                    -0.006924557379780393
                ]
            ],
            "volume_eff": 2.9959850437473534,
            "alpha_iso": 0.9561654394938363,
            "c6_ii": 0.2934637165400428,
            "c8_ii": 1.9999008082687286,
            "c10_ii": 18.81060022225685,
            "slater_b_init": 67.032664384796
        },
        {
            "index": 18,
            "element": "H",
            "charge": 0.1463905571596098,
            "dipole": [
                -0.029127849595706162,
                0.024637531109330868,
                -0.02654440458575591
            ],
            "quadrupole": [
                [
                    -0.4913377398857196,
                    -0.48457772464672505,
                    0.0072519734554199805
                ],
                [
                    -0.48457772464672505,
                    -0.0008336653643889098,
                    -0.48935705391536943
                ],
                [
                    0.0072519734554199805,
                    -0.48935705391536943,
                    -0.005295677099526376
                ]
            ],
            "volume_eff": 2.7524247897979675,
            "alpha_iso": 0.8784334435525428,
            "c6_ii": 0.2476886195498894,
            "c8_ii": 1.5951834740817856,
            "c10_ii": 14.179319413255588,
            "slater_b_init": 68.95427691935951
        },
        {
            "index": 19,
            "element": "H",
            "charge": 0.1516409901918806,
            "dipole": [
                -0.021877155462293248,
                -0.03941951985862853,
                0.014187917472044809
            ],
            "quadrupole": [
                [
                    -0.48406400090451357,
                    -0.4889505925181546,
                    0.0020607138114146833
                ],
                [
                    -0.4889505925181546,
                    -0.003500448535887488,
                    -0.4727109267651718
                ],
                [
                    0.0020607138114146833,
                    -0.4727109267651718,
                    -0.002433186183547295
                ]
            ],
            "volume_eff": 2.7030830333791185,
            "alpha_iso": 0.8626860744826974,
            "c6_ii": 0.23888776346624102,
            "c8_ii": 1.5200613300032768,
            "c10_ii": 13.349606738592954,
            "slater_b_init": 69.37131068316424
        },
        {
            "index": 20,
            "element": "H",
            "charge": 0.15281809911124866,
            "dipole": [
                0.04613465951553431,
                -0.0016576893424595151,
                -0.010797322409766181
            ],
            "quadrupole": [
                [
                    -0.4880027354850924,
                    -0.4816862062383444,
                    0.0044654552616653015
                ],
                [
                    -0.4816862062383444,
                    0.0015406946036741296,
                    -0.47844356920671455
                ],
                [
                    0.0044654552616653015,
                    -0.47844356920671455,
                    0.004124182167721845
                ]
            ],
            "volume_eff": 2.710174468647343,
            "alpha_iso": 0.8649492985044712,
            "c6_ii": 0.24014283350083704,
            "c8_ii": 1.5307187867268526,
            "c10_ii": 13.466705078114131,
            "slater_b_init": 69.31075223803992
        },
        {
            "index": 21,
            "element": "H",
            "charge": 0.08298142822432619,
            "dipole": [
                0.014379427955431182,
                0.06360865322135113,
                -0.019608747146022867
            ],
            "quadrupole": [
                [
                    -0.5222050245357526,
                    -0.537066044035169,
                    -0.0012901008988023292
                ],
                [
                    -0.537066044035169,
                    -0.00250508324806868,
                    -0.5282105102083213
                ],
                [
                    -0.0012901008988023292,
                    -0.5282105102083213,
                    0.009532128012830753
                ]
            ],
            "volume_eff": 2.9895487483602703,
            "alpha_iso": 0.9541113026681713,
            "c6_ii": 0.2922041706772596,
            "c8_ii": 1.9884642409288589,
            "c10_ii": 18.676234372482007,
            "slater_b_init": 67.0807354943914
        },
        {
            "index": 22,
            "element": "H",
            "charge": 0.08763606395339774,
            "dipole": [
                -0.0032032914102936194,
                -0.058223416771756194,
                -0.034430096763951874
            ],
            "quadrupole": [
                [
                    -0.5144980536980219,
                    -0.5273529966182791,
                    -0.006997219291511997
                ],
                [
                    -0.5273529966182791,
                    -0.0043175133283806936,
                    -0.5227755948228368
                ],
                [
                    -0.006997219291511997,
                    -0.5227755948228368,
                    0.009736303572065326
                ]
            ],
            "volume_eff": 2.9309683078490334,
            "alpha_iso": 0.9354154173986277,
            "c6_ii": 0.28086484050349714,
            "c8_ii": 1.8862492203234411,
            "c10_ii": 17.484005129899444,
            "slater_b_init": 67.52469865377167
        },
        {
            "index": 23,
            "element": "H",
            "charge": 0.1522987244558004,
            "dipole": [
                -0.02604821188681202,
                0.010139036913037625,
                -0.03744160891664855
            ],
            "quadrupole": [
                [
                    -0.4804081418482123,
                    -0.48523640644306354,
                    0.0011183446382152375
                ],
                [
                    -0.48523640644306354,
                    0.00036995626619602617,
                    -0.4831693938694306
                ],
                [
                    0.0011183446382152375,
                    -0.4831693938694306,
                    -0.0076121487308844745
                ]
            ],
            "volume_eff": 2.7117455165492435,
            "alpha_iso": 0.8654506967710351,
            "c6_ii": 0.24042132866763244,
            "c8_ii": 1.5330861564742277,
            "c10_ii": 13.49274417762126,
            "slater_b_init": 69.29736460677232
        },
        {
            "index": 24,
            "element": "H",
            "charge": 0.14641912885017416,
            "dipole": [
                0.005115484088528233,
                0.03051132582898057,
                0.03424996752051901
            ],
            "quadrupole": [
                [
                    -0.4804194419293748,
                    -0.49590623605689094,
                    -0.0039814192414873535
                ],
                [
                    -0.49590623605689094,
                    0.0007714245704297197,
                    -0.4940576718707685
                ],
                [
                    -0.0039814192414873535,
                    -0.4940576718707685,
                    6.737985574944973e-05
                ]
            ],
            "volume_eff": 2.76892157491958,
            "alpha_iso": 0.8836983749743341,
            "c6_ii": 0.25066658353381793,
            "c8_ii": 1.620806466130837,
            "c10_ii": 14.464586881941315,
            "slater_b_init": 68.81706459960424
        },
        {
            "index": 25,
            "element": "H",
            "charge": 0.15651988304058406,
            "dipole": [
                -0.005439101289725928,
                -0.04115150338773773,
                0.021008552021369746
            ],
            "quadrupole": [
                [
                    -0.46889928446146556,
                    -0.4784995210012047,
                    0.0031852756540662855
                ],
                [
                    -0.4784995210012047,
                    -0.006600722833076496,
                    -0.4776024033791092
                ],
                [
                    0.0031852756540662855,
                    -0.4776024033791092,
                    -0.00018936240672350892
                ]
            ],
            "volume_eff": 2.6505189874957233,
            "alpha_iso": 0.8459103151582096,
            "c6_ii": 0.22968729374774813,
            "c8_ii": 1.4425090035991026,
            "c10_ii": 12.503749064761468,
            "slater_b_init": 69.82689365805673
        }
    ]
}