{
    "molecule": "LEth_166",
    "atoms": [
        {
            "index": 0,
            "element": "C",
            "charge": -0.4163157013991263,
            "dipole": [
                0.07880965616940462,
                0.0031275694102386657,
                0.020937626678742674
            ],
            "quadrupole": [
                [
                    -5.138749480775957,
                    -5.045575096530787,
                    -0.00434467463658018
                ],
                [
                    -5.045575096530787,
                    0.016917834419101413,
                    -5.042697789567736
                ],
                [
                    -0.00434467463658018,
                    -5.042697789567736,
                    -0.012064002694852095
                ]
            ],
            "volume_eff": 38.37816063697494,
            "alpha_iso": 12.055966692243436,
            "c6_ii": 47.035688280673014,
            "c8_ii": 1366.8553309173883,
            "c10_ii": 49765.92240325912,
            "slater_b_init": 34.94575650805669
        },
        {
            "index": 1,
            "element": "C",
            "charge": -0.166962954675272,
            "dipole": [
                -0.05344762854201525,
                0.04397150250074185,
                0.026951931171417108
            ],
            "quadrupole": [
                [
                    -4.616743111009135,
                    -4.580399740552223,
                    -0.0557523171575007
                ],
                [
                    -4.580399740552223,
                    0.036519746833570906,
                    -4.573376791748711
                ],
                [
                    -0.0557523171575007,
                    -4.573376791748711,
                    0.0013447172041780352
                ]
            ],
            "volume_eff": 33.848432029274875,
            "alpha_iso": 10.63301529715441,
            "c6_ii": 36.5878004640529,
            "c8_ii": 977.8395873911797,
            "c10_ii": 32742.617054170587,
            "slater_b_init": 36.43982758775572
        },
        {
            "index": 2,
            "element": "C",
            "charge": -0.2960943634254125,
            "dipole": [
                0.012288513195384593,
                -0.036539897201545525,
                -0.048748969653800676
            ],
            "quadrupole": [
                [
                    -4.822148715660004,
                    -4.854240869400178,
                    -0.0697498558843695
                ],
                [
                    -4.854240869400178,
                    0.03817352370331799,
                    -4.814800796144231
                ],
                [
                    -0.0697498558843695,
                    -4.814800796144231,
                    -0.023729550856238443
                ]
            ],
            "volume_eff": 36.08541407363159,
            "alpha_iso": 11.3357321697272,
            "c6_ii": 41.58364715408699,
            "c8_ii": 1159.7987838926779,
            "c10_ii": 40528.18740905828,
            "slater_b_init": 35.67072482840231
        },
        {
            "index": 3,
            "element": "C",
            "charge": 0.05529799920799405,
            "dipole": [
                0.0224362078688003,
                0.03673831332899997,
                -0.1555453736435884
            ],
            "quadrupole": [
                [
                    -4.30937844788159,
                    -4.220357050405858,
                    -0.017308106986337054
                ],
                [
                    -4.220357050405858,
                    0.031548688605154855,
                    -4.1970974551851
                ],
                [
                    -0.017308106986337054,
                    -4.1970974551851,
                    -0.08072014947696551
                ]
            ],
            "volume_eff": 30.860531696161544,
            "alpha_iso": 9.694407862668548,
            "c6_ii": 30.413471815569938,
            "c8_ii": 764.2589712694622,
            "c10_ii": 24061.879700139627,
            "slater_b_init": 37.579820143043975
        },
        {
            "index": 4,
            "element": "O",
            "charge": -0.379733011498395,
            "dipole": [
                -0.06915826152379577,
                -0.0008380296604366195,
                0.05244618383623772
            ],
            "quadrupole": [
                [
                    -3.9625766798285427,
                    -4.0989537001258345,
                    -0.010213351304396533
                ],
                [
                    -4.0989537001258345,
                    0.008604174573712396,
                    -4.081680473850532
                ],
                [
                    -0.010213351304396533,
                    -4.081680473850532,
                    -0.034218530376310105
                ]
            ],
            "volume_eff": 23.06302733506668,
            "alpha_iso": 6.880682188362434,
            "c6_ii": 25.327952094824063,
            "c8_ii": 1030.451913746652,
            "c10_ii": 40370.578055991304,
            "slater_b_init": 34.12891468817262
        },
        {
            "index": 5,
            "element": "C",
            "charge": 0.5823687639336317,
            "dipole": [
                -0.04179172566285597,
                0.1798951441730887,
                0.02047349380890532
            ],
            "quadrupole": [
                [
                    -3.6427812409350673,
                    -3.7469072318424668,
                    -0.023260219693474783
                ],
                [
                    -3.7469072318424668,
                    0.06259145029916843,
                    -3.563472702150277
                ],
                [
                    -0.023260219693474783,
                    -3.563472702150277,
                    0.003957135101169744
                ]
            ],
            "volume_eff": 26.473374191742277,
            "alpha_iso": 8.316243201594432,
            "c6_ii": 22.380912403082345,
            "c8_ii": 507.7574015806789,
            "c10_ii": 14432.753622069342,
            "slater_b_init": 39.5505686938832
        },
        {
            "index": 6,
            "element": "F",
            "charge": -0.21615337675035917,
            "dipole": [
                -0.005455686015923122,
                0.026373379379368147,
                0.02459870511451731
            ],
            "quadrupole": [
                [
                    -3.532643761058813,
                    -3.5404667630115467,
                    0.020851071905239625
                ],
                [
                    -3.5404667630115467,
                    0.005539289975229481,
                    -3.4806560210557227
                ],
                [
                    0.020851071905239625,
                    -3.4806560210557227,
                    0.015977150005199173
                ]
            ],
            "volume_eff": 17.699721263471492,
            "alpha_iso": 5.558590148858816,
            "c6_ii": 20.32758187038834,
            "c8_ii": 882.3335565393734,
            "c10_ii": 35530.68027750672,
            "slater_b_init": 33.47520492811467
        },
        {
            "index": 7,
            "element": "F",
            "charge": -0.208467599676883,
            "dipole": [
                -0.0020147990553148554,
                0.03275842630438259,
                -0.019059625683863858
            ],
            "quadrupole": [
                [
                    -3.5169228486734454,
                    -3.5110573726739003,
                    -0.032194263172995216
                ],
                [
                    -3.5110573726739003,
                    0.028980920024384193,
                    -3.507305575736024
                ],
                [
                    -0.032194263172995216,
                    -3.507305575736024,
                    -0.023879930156107666
                ]
            ],
            "volume_eff": 17.66025511789378,
            "alpha_iso": 5.5461958221484595,
            "c6_ii": 20.237031643169097,
            "c8_ii": 877.0969193244856,
            "c10_ii": 35267.28351274775,
            "slater_b_init": 33.50012254468105
        },
        {
            "index": 8,
            "element": "C",
            "charge": 0.634999853371153,
            "dipole": [
                0.06317975602856471,
                -0.1790510032906928,
                -0.029404760638507374
            ],
            "quadrupole": [
                [
                    -3.533304348398989,
                    -3.684433828951633,
                    -0.02738776174337792
                ],
                [
                    -3.684433828951633,
                    0.05761782506806085,
                    -3.522945498353669
                ],
                [
                    -0.02738776174337792,
                    -3.522945498353669,
                    0.006048672134467973
                ]
            ],
            "volume_eff": 25.899875874440415,
            "alpha_iso": 8.136086662127878,
            "c6_ii": 21.421730747863407,
            "c8_ii": 478.9519597909958,
            "c10_ii": 13416.641419344813,
            "slater_b_init": 39.840361559337914
        },
        {
            "index": 9,
            "element": "F",
            "charge": -0.21163473448641845,
            "dipole": [
                -0.005551035445541455,
                -0.02203075661704554,
                -0.04146103723306278
            ],
            "quadrupole": [
                [
                    -3.5365550910890127,
                    -3.531409594030083,
                    0.022680683078886713
                ],
                [
                    -3.531409594030083,
                    0.005164475843993593,
                    -3.466663495367843
                ],
                [
                    0.022680683078886713,
                    -3.466663495367843,
                    0.017263486756228238
                ]
            ],
            "volume_eff": 17.647661970356626,
            "alpha_iso": 5.542240949368196,
            "c6_ii": 20.208180750561638,
            "c8_ii": 875.4300731264436,
            "c10_ii": 35183.52542826445,
            "slater_b_init": 33.50808907076046
        },
        {
            "index": 10,
            "element": "F",
            "charge": -0.2168847899364721,
            "dipole": [
                0.049802424390102955,
                -0.01199623754159389,
                0.002320548851041829
            ],
            "quadrupole": [
                [
                    -3.4678351715452003,
                    -3.5463745978421133,
                    -0.00040382268598414814
                ],
                [
                    -3.5463745978421133,
                    0.001842737988083161,
                    -3.5433760589275085
                ],
                [
                    -0.00040382268598414814,
                    -3.5433760589275085,
                    0.010551673354192465
                ]
            ],
            "volume_eff": 17.703134538672746,
            "alpha_iso": 5.559662086525325,
            "c6_ii": 20.335422708123115,
            "c8_ii": 882.7873687705045,
            "c10_ii": 35553.52494561708,
            "slater_b_init": 33.473053380117555
        },
        {
            "index": 11,
            "element": "F",
            "charge": -0.21997468425596622,
            "dipole": [
                -0.008771985754272071,
                -0.034990292810166836,
                0.020462885668415736
            ],
            "quadrupole": [
                [
                    -3.530641509769322,
                    -3.5185153930747592,
                    -0.035017063196475656
                ],
                [
                    -3.5185153930747592,
                    0.015472860428427706,
                    -3.5152786554816906
                ],
                [
                    -0.035017063196475656,
                    -3.5152786554816906,
                    -0.022280722829715903
                ]
            ],
            "volume_eff": 17.721824177272296,
            "alpha_iso": 5.565531559804523,
            "c6_ii": 20.378382594197475,
            "c8_ii": 885.2748372005038,
            "c10_ii": 35678.79491667321,
            "slater_b_init": 33.46128221941832
        },
        {
            "index": 12,
            "element": "H",
            "charge": 0.12700271374177818,
            "dipole": [
                -0.016064934117591852,
                -0.010000220764157608,
                0.042638135291684524
            ],
            "quadrupole": [
                [
                    -0.5057625870116522,
                    -0.510564531005918,
                    -0.001271212389091455
                ],
                [
                    -0.510564531005918,
                    -0.0014730717745175465,
                    -0.5144972904093089
                ],
                [
                    -0.001271212389091455,
                    -0.5144972904093089,
                    0.009428162156761833
                ]
            ],
            "volume_eff": 2.9136012361516643,
            "alpha_iso": 0.9298727349420205,
            "c6_ii": 0.2775462454679306,
            "c8_ii": 1.8565915970327105,
            "c10_ii": 17.141055428267027,
            "slater_b_init": 67.65859754469489
        },
        {
            "index": 13,
            "element": "H",
            "charge": 0.1323185349907583,
            "dipole": [
                -0.0003043801773088201,
                -0.03626078555214566,
                -0.03325232545583623
            ],
            "quadrupole": [
                [
                    -0.4956262933108432,
                    -0.5051273844288462,
                    -0.0026712016114790967
                ],
                [
                    -0.5051273844288462,
                    -0.004707201113459046,
                    -0.5063932017386507
                ],
                [
                    -0.0026712016114790967,
                    -0.5063932017386507,
                    -0.0023765452859929375
                ]
            ],
            "volume_eff": 2.846841015690865,
            "alpha_iso": 0.9085662816034675,
            "c6_ii": 0.26497296160167333,
            "c8_ii": 1.745304940247184,
            "c10_ii": 15.866503474128876,
            "slater_b_init": 68.18339534877056
        },
        {
            "index": 14,
            "element": "H",
            "charge": 0.13066034681646976,
            "dipole": [
                -0.001349119583581111,
                0.04435204687227184,
                -0.01676816790753514
            ],
            "quadrupole": [
                [
                    -0.4969692189144908,
                    -0.5141928617770036,
                    0.001407926763787319
                ],
                [
                    -0.5141928617770036,
                    0.005586614148891613,
                    -0.5068211108021223
                ],
                [
                    0.001407926763787319,
                    -0.5068211108021223,
                    -0.0002340397059433943
                ]
            ],
            "volume_eff": 2.8816865466102115,
            "alpha_iso": 0.9196871957266632,
            "c6_ii": 0.27149923441448043,
            "c8_ii": 1.8028546617322652,
            "c10_ii": 16.5231551243563,
            "slater_b_init": 67.9074541728917
        },
        {
            "index": 15,
            "element": "H",
            "charge": 0.12155229674702994,
            "dipole": [
                0.019799039399661832,
                0.01829071536541652,
                -0.04481563419545475
            ],
            "quadrupole": [
                [
                    -0.5018259925765176,
                    -0.500145527098269,
                    0.0033438578355481255
                ],
                [
                    -0.500145527098269,
                    0.003257545052255723,
                    -0.5040927125448041
                ],
                [
                    0.0033438578355481255,
                    -0.5040927125448041,
                    0.0113579666814084
                ]
            ],
            "volume_eff": 2.825680041009824,
            "alpha_iso": 0.9018127790456886,
            "c6_ii": 0.26104843826793594,
            "c8_ii": 1.7109239431767214,
            "c10_ii": 15.476774812660784,
            "slater_b_init": 68.35317634626882
        },
        {
            "index": 16,
            "element": "H",
            "charge": 0.10314244543158291,
            "dipole": [
                0.0001827392899288669,
                -0.04464680296264375,
                0.023553991501603175
            ],
            "quadrupole": [
                [
                    -0.5195159018734377,
                    -0.5336664107867989,
                    0.0075805115861582615
                ],
                [
                    -0.5336664107867989,
                    0.010169890858623585,
                    -0.5215139019720334
                ],
                [
                    0.0075805115861582615,
                    -0.5215139019720334,
                    0.00311956132573861
                ]
            ],
            "volume_eff": 2.9959258558230757,
            "alpha_iso": 0.9561465497307688,
            "c6_ii": 0.29345212146436295,
            "c8_ii": 1.99979545124178,
            "c10_ii": 18.809361525907793,
            "slater_b_init": 67.03310581740897
        },
        {
            "index": 17,
            "element": "H",
            "charge": 0.13617208694468297,
            "dipole": [
                -0.005370411461564748,
                0.03846053107629536,
                -0.02865937857128715
            ],
            "quadrupole": [
                [
                    -0.48420273097408384,
                    -0.4999060751374393,
                    0.006694558494213716
                ],
                [
                    -0.4999060751374393,
                    0.00812002181365492,
                    -0.4878738259254139
                ],
                [
                    0.006694558494213716,
                    -0.4878738259254139,
                    0.003628807702340238
                ]
            ],
            "volume_eff": 2.757401506739252,
            "alpha_iso": 0.8800217574699741,
            "c6_ii": 0.24858513128560603,
            "c8_ii": 1.6028864937080356,
            "c10_ii": 14.264959581864026,
            "slater_b_init": 68.91276772072436
        },
        {
            "index": 18,
            "element": "H",
            "charge": 0.13606897429046194,
            "dipole": [
                -0.02744187908592974,
                -0.016412318349874125,
                0.03522887001478437
            ],
            "quadrupole": [
                [
                    -0.48935392570632597,
                    -0.4901928300107043,
                    0.0028465402135052008
                ],
                [
                    -0.4901928300107043,
                    0.0029452622562804866,
                    -0.49617094513176596
                ],
                [
                    0.0028465402135052008,
                    -0.49617094513176596,
                    0.011312718696954374
                ]
            ],
            "volume_eff": 2.7669044204833146,
            "alpha_iso": 0.883054602281909,
            "c6_ii": 0.2503014962455898,
            "c8_ii": 1.6176596983295137,
            "c10_ii": 14.429491972702252,
            "slater_b_init": 68.83378375651482
        },
        {
            "index": 19,
            "element": "H",
            "charge": 0.08888329363146985,
            "dipole": [
                0.0050994456024797095,
                -0.06267584797527774,
                0.015173474082178987
            ],
            "quadrupole": [
                [
                    -0.5192275792272371,
                    -0.5374327245158355,
                    -0.00298168483517086
                ],
                [
                    -0.5374327245158355,
                    0.0017025337934495758,
                    -0.5212707403195274
                ],
                [
                    -0.00298168483517086,
                    -0.5212707403195274,
                    -0.010502952715694189
                ]
            ],
            "volume_eff": 2.978380607280764,
            "alpha_iso": 0.9505470023236481,
            "c6_ii": 0.29002505795417666,
            "c8_ii": 1.9687168928266514,
            "c10_ii": 18.444681845911237,
            "slater_b_init": 67.16447593024316
        },
        {
            "index": 20,
            "element": "H",
            "charge": 0.08724438720478633,
            "dipole": [
                0.004388616780223594,
                0.05208947386298141,
                0.04027180694708088
            ],
            "quadrupole": [
                [
                    -0.524044764373774,
                    -0.531170607576288,
                    -0.005807585775675181
                ],
                [
                    -0.531170607576288,
                    0.002694740363623848,
                    -0.5250499677033055
                ],
                [
                    -0.005807585775675181,
                    -0.5250499677033055,
                    -0.01009452086522519
                ]
            ],
            "volume_eff": 2.9806040630750963,
            "alpha_iso": 0.9512566158750307,
            "c6_ii": 0.2904582454369927,
            "c8_ii": 1.9726385573887653,
            "c10_ii": 18.490620305560377,
            "slater_b_init": 67.14777077144973
        }
    ]
}