{
    "molecule": "Phos_848",
    "atoms": [
        {
            "index": 0,
            "element": "C",
            "charge": -0.4907895904549946,
            "dipole": [
                0.10857169589502891,
                0.176699972158581,
                -0.015643995150272403
            ],
            "quadrupole": [
                [
                    -5.160276736069795,
                    -5.338878073711115,
                    0.02589688954083739
                ],
                [
                    -5.338878073711115,
                    -0.17435237621087385,
                    -5.061680941969061
                ],
                [
                    0.02589688954083739,
                    -5.061680941969061,
                    -0.02412288782071268
                ]
            ],
            "volume_eff": 38.79838532415095,
            "alpha_iso": 12.187974447377261,
            "c6_ii": 48.071369476766115,
            "c8_ii": 1407.131026552493,
            "c10_ii": 51605.6251332771,
            "slater_b_init": 34.8191326057714
        },
        {
            "index": 1,
            "element": "C",
            "charge": 0.30733170150202316,
            "dipole": [
                -0.19046542467346142,
                -0.22533979126623008,
                0.034563170376068784
            ],
            "quadrupole": [
                [
                    -3.7760946996666904,
                    -3.9417420091541806,
                    -0.04041915881127219
                ],
                [
                    -3.9417420091541806,
                    -0.07727633701216169,
                    -3.759623887387804
                ],
                [
                    -0.04041915881127219,
                    -3.759623887387804,
                    -0.010416553112711552
                ]
            ],
            "volume_eff": 27.01313939213718,
            "alpha_iso": 8.485802950409585,
            "c6_ii": 23.302864512737425,
            "c8_ii": 535.8356769562447,
            "c10_ii": 15437.195435995382,
            "slater_b_init": 39.28536677187671
        },
        {
            "index": 2,
            "element": "O",
            "charge": -0.45097640595380994,
            "dipole": [
                -0.04054611733688618,
                0.15390051860726858,
                0.10892624041448463
            ],
            "quadrupole": [
                [
                    -4.0230606450307835,
                    -4.040319786664327,
                    -0.03298188158261191
                ],
                [
                    -4.040319786664327,
                    0.003352764799704153,
                    -4.056717819428286
                ],
                [
                    -0.03298188158261191,
                    -4.056717819428286,
                    0.017770149300291454
                ]
            ],
            "volume_eff": 22.66107422734201,
            "alpha_iso": 6.760762476665572,
            "c6_ii": 24.452790965290514,
            "c8_ii": 983.2535937790482,
            "c10_ii": 38072.573464252295,
            "slater_b_init": 34.32952159182429
        },
        {
            "index": 3,
            "element": "P",
            "charge": 1.7563793253675009,
            "dipole": [
                0.014070118290022304,
                -0.011318508623589373,
                0.09963027871485726
            ],
            "quadrupole": [
                [
                    -6.161258272664049,
                    -6.155940763527243,
                    0.011017609939677696
                ],
                [
                    -6.155940763527243,
                    -0.0009266346109662088,
                    -6.182790454367518
                ],
                [
                    0.011017609939677696,
                    -6.182790454367518,
                    0.0022872988692008715
                ]
            ],
            "volume_eff": 48.60744637191291,
            "alpha_iso": 18.695171681504963,
            "c6_ii": 103.45479548347976,
            "c8_ii": 3225.0508810639863,
            "c10_ii": 56936.3237832487,
            "slater_b_init": 36.356672117483214
        },
        {
            "index": 4,
            "element": "O",
            "charge": -0.8092493943333139,
            "dipole": [
                0.01057022833138046,
                0.07309848101145464,
                -0.3575023062740959
            ],
            "quadrupole": [
                [
                    -4.669245968566347,
                    -4.670466514031488,
                    0.011891087905623224
                ],
                [
                    -4.670466514031488,
                    -0.006442576311282422,
                    -4.71853586529851
                ],
                [
                    0.011891087905623224,
                    -4.71853586529851,
                    -0.003206389352518049
                ]
            ],
            "volume_eff": 27.778018232347634,
            "alpha_iso": 8.287364555507029,
            "c6_ii": 36.74260685540596,
            "c8_ii": 1692.2099715176287,
            "c10_ii": 75049.55433598692,
            "slater_b_init": 32.07703092335069
        },
        {
            "index": 5,
            "element": "O",
            "charge": -0.44328029518367273,
            "dipole": [
                0.16344724160288304,
                -0.06479000398219169,
                0.0654290918338463
            ],
            "quadrupole": [
                [
                    -4.031683633691538,
                    -4.0097328255459885,
                    0.005032214733089935
                ],
                [
                    -4.0097328255459885,
                    0.022349354520439693,
                    -4.02044052848233
                ],
                [
                    0.005032214733089935,
                    -4.02044052848233,
                    -0.030858634645195792
                ]
            ],
            "volume_eff": 22.48337394058429,
            "alpha_iso": 6.707746921500285,
            "c6_ii": 24.07079398838087,
            "c8_ii": 962.8268289507021,
            "c10_ii": 37086.473123225005,
            "slater_b_init": 34.419726978954436
        },
        {
            "index": 6,
            "element": "C",
            "charge": 0.31162064173244275,
            "dipole": [
                -0.08834899039094068,
                0.24680437557991952,
                0.14294810362373897
            ],
            "quadrupole": [
                [
                    -3.8340623910068166,
                    -3.881585079086754,
                    -0.041837860983901264
                ],
                [
                    -3.881585079086754,
                    0.11441476431215433,
                    -3.7524868073276285
                ],
                [
                    -0.041837860983901264,
                    -3.7524868073276285,
                    0.026210772220184614
                ]
            ],
            "volume_eff": 26.990155128975125,
            "alpha_iso": 8.478582763028836,
            "c6_ii": 23.26322666805613,
            "c8_ii": 534.6207563478557,
            "c10_ii": 15393.456167643028,
            "slater_b_init": 39.296515145735
        },
        {
            "index": 7,
            "element": "C",
            "charge": -0.5006613802642974,
            "dipole": [
                0.09819867491360987,
                -0.1646575877490829,
                -0.09480206068579411
            ],
            "quadrupole": [
                [
                    -5.152143596685711,
                    -5.341090294230543,
                    -0.1123780571114934
                ],
                [
                    -5.341090294230543,
                    0.13511086593459531,
                    -5.1353129588618085
                ],
                [
                    -0.1123780571114934,
                    -5.1353129588618085,
                    0.09976170557066415
                ]
            ],
            "volume_eff": 39.01916941157516,
            "alpha_iso": 12.257330705206856,
            "c6_ii": 48.62003104432776,
            "c8_ii": 1428.585338447324,
            "c10_ii": 52591.021357784615,
            "slater_b_init": 34.75333541065477
        },
        {
            "index": 8,
            "element": "O",
            "charge": -0.5611248016192576,
            "dipole": [
                -0.14830341737335467,
                -0.1374023269111466,
                0.03297601751893513
            ],
            "quadrupole": [
                [
                    -4.232388558116412,
                    -4.251617609667628,
                    0.0253798589621011
                ],
                [
                    -4.251617609667628,
                    -0.017486543693248275,
                    -4.250982422135522
                ],
                [
                    0.0253798589621011,
                    -4.250982422135522,
                    0.012980797711759282
                ]
            ],
            "volume_eff": 24.347144065060718,
            "alpha_iso": 7.263788837089938,
            "c6_ii": 28.226920473572882,
            "c8_ii": 1190.6358680383278,
            "c10_ii": 48361.97267158986,
            "slater_b_init": 33.51803683096476
        },
        {
            "index": 9,
            "element": "C",
            "charge": 0.1050083255788099,
            "dipole": [
                0.11438021242584004,
                -0.09053432255343292,
                0.09418015804941195
            ],
            "quadrupole": [
                [
                    -4.06068445875946,
                    -4.168744110604732,
                    0.040856363577569
                ],
                [
                    -4.168744110604732,
                    -0.06640239464305006,
                    -4.11109706123704
                ],
                [
                    0.040856363577569,
                    -4.11109706123704,
                    0.04796812490427279
                ]
            ],
            "volume_eff": 29.476199642764026,
            "alpha_iso": 9.25953915479498,
            "c6_ii": 27.746114206512853,
            "c8_ii": 676.221184804023,
            "c10_ii": 20648.563081334978,
            "slater_b_init": 38.15914795264347
        },
        {
            "index": 10,
            "element": "C",
            "charge": -0.3574019410863434,
            "dipole": [
                0.007807153443062367,
                0.030887720799317443,
                -0.017977496288816824
            ],
            "quadrupole": [
                [
                    -4.7786276591157435,
                    -4.839481940490983,
                    0.047807899478990126
                ],
                [
                    -4.839481940490983,
                    -0.0047445840803349215,
                    -4.8008376733997356
                ],
                [
                    0.047807899478990126,
                    -4.8008376733997356,
                    -0.0042682520295064625
                ]
            ],
            "volume_eff": 35.21789338221154,
            "alpha_iso": 11.063212580799437,
            "c6_ii": 39.608275996742265,
            "c8_ii": 1086.9272217625846,
            "c10_ii": 37370.54671951117,
            "slater_b_init": 35.96124403497789
        },
        {
            "index": 11,
            "element": "C",
            "charge": 0.35548871390943315,
            "dipole": [
                0.0842755113841413,
                -0.008109488903113462,
                0.02646401118573703
            ],
            "quadrupole": [
                [
                    -3.7945127167525294,
                    -3.5075009232744403,
                    0.010379771990050243
                ],
                [
                    -3.5075009232744403,
                    0.03543489454576491,
                    -3.5409277507750105
                ],
                [
                    0.010379771990050243,
                    -3.5409277507750105,
                    -0.10457264247871972
                ]
            ],
            "volume_eff": 24.906061614338135,
            "alpha_iso": 7.8238937008392035,
            "c6_ii": 19.8093081188796,
            "c8_ii": 431.49750524627774,
            "c10_ii": 11776.106667329977,
            "slater_b_init": 40.36337560204105
        },
        {
            "index": 12,
            "element": "N",
            "charge": -0.43077397282191754,
            "dipole": [
                -0.11262539450213102,
                0.006565953760685191,
                -0.037395114560093284
            ],
            "quadrupole": [
                [
                    -4.893264546708933,
                    -4.55896718342398,
                    0.00584807962762377
                ],
                [
                    -4.55896718342398,
                    0.03486778421732618,
                    -4.5986042124997235
                ],
                [
                    0.00584807962762377,
                    -4.5986042124997235,
                    -0.1142908646081113
                ]
            ],
            "volume_eff": 30.76313033608123,
            "alpha_iso": 8.962486790826816,
            "c6_ii": 35.4984167515163,
            "c8_ii": 1266.6941045697238,
            "c10_ii": 49237.50571237282,
            "slater_b_init": 33.77304596947229
        },
        {
            "index": 13,
            "element": "H",
            "charge": 0.30237086011234404,
            "dipole": [
                0.028009472861394137,
                0.043191389345084596,
                -0.0027984675908346757
            ],
            "quadrupole": [
                [
                    -0.3322921659398374,
                    -0.32795509878726387,
                    0.0002919908298274199
                ],
                [
                    -0.32795509878726387,
                    0.005148318314529744,
                    -0.33597029875692425
                ],
                [
                    0.0002919908298274199,
                    -0.33597029875692425,
                    -0.0013206594315631735
                ]
            ],
            "volume_eff": 1.6797938898049916,
            "alpha_iso": 0.5361044329164867,
            "c6_ii": 0.0922544078742025,
            "c8_ii": 0.42748289231236597,
            "c10_ii": 2.733949621532989,
            "slater_b_init": 81.29197903460198
        },
        {
            "index": 14,
            "element": "H",
            "charge": 0.30218711822960087,
            "dipole": [
                0.0222871626073748,
                -0.04060734625951718,
                -0.021946114592826606
            ],
            "quadrupole": [
                [
                    -0.33360970136564966,
                    -0.3295370537898258,
                    0.004272900247303207
                ],
                [
                    -0.3295370537898258,
                    -0.0042252633984455066,
                    -0.33404414847874053
                ],
                [
                    0.004272900247303207,
                    -0.33404414847874053,
                    -0.001019943581336156
                ]
            ],
            "volume_eff": 1.6823468838492472,
            "alpha_iso": 0.5369192182497597,
            "c6_ii": 0.09253504222313903,
            "c8_ii": 0.42921761938652025,
            "c10_ii": 2.7478246203676,
            "slater_b_init": 81.25083749796653
        },
        {
            "index": 15,
            "element": "H",
            "charge": 0.12224295887411052,
            "dipole": [
                0.005807733240125377,
                -0.009645622199842642,
                -0.06979346471523169
            ],
            "quadrupole": [
                [
                    -0.4739437062955382,
                    -0.4893664610810567,
                    -0.0009907550052993127
                ],
                [
                    -0.4893664610810567,
                    0.0002983229799380272,
                    -0.49057554201345754
                ],
                [
                    -0.0009907550052993127,
                    -0.49057554201345754,
                    0.0021800921022093484
                ]
            ],
            "volume_eff": 2.6696249161570287,
            "alpha_iso": 0.8520079519650092,
            "c6_ii": 0.23301057167286227,
            "c8_ii": 1.4704042139833908,
            "c10_ii": 12.806722729982832,
            "slater_b_init": 69.659916018155
        },
        {
            "index": 16,
            "element": "H",
            "charge": 0.10712953468279662,
            "dipole": [
                -0.02502138013238904,
                0.0574416506349419,
                0.028830372096552197
            ],
            "quadrupole": [
                [
                    -0.4881062932162581,
                    -0.5029144170167702,
                    -0.0016454508969549224
                ],
                [
                    -0.5029144170167702,
                    0.00439277010546904,
                    -0.5035222003314851
                ],
                [
                    -0.0016454508969549224,
                    -0.5035222003314851,
                    0.00468904271639979
                ]
            ],
            "volume_eff": 2.7584781366574003,
            "alpha_iso": 0.880365362763,
            "c6_ii": 0.2487792897626364,
            "c8_ii": 1.6045559660766389,
            "c10_ii": 14.283533928581646,
            "slater_b_init": 68.90380103711215
        },
        {
            "index": 17,
            "element": "H",
            "charge": 0.18955716133874345,
            "dipole": [
                0.024102352456309227,
                -0.0419575726226071,
                -0.018370865875186927
            ],
            "quadrupole": [
                [
                    -0.42763211985124944,
                    -0.43760454575906,
                    -0.0012585112179202907
                ],
                [
                    -0.43760454575906,
                    0.006191530486333454,
                    -0.43527968983411314
                ],
                [
                    -0.0012585112179202907,
                    -0.43527968983411314,
                    -0.00016401776739945548
                ]
            ],
            "volume_eff": 2.3443820693475175,
            "alpha_iso": 0.7482070434087822,
            "c6_ii": 0.17969331203665798,
            "c8_ii": 1.0398685803095011,
            "c10_ii": 8.305487976707548,
            "slater_b_init": 72.7428365212743
        },
        {
            "index": 18,
            "element": "H",
            "charge": 0.18632106914444546,
            "dipole": [
                0.005227881228472962,
                0.00468955061443416,
                0.050971220576490665
            ],
            "quadrupole": [
                [
                    -0.43063932896529805,
                    -0.4367255540226359,
                    0.00033784873052778493
                ],
                [
                    -0.4367255540226359,
                    0.003970548576126294,
                    -0.44464819504061764
                ],
                [
                    0.00033784873052778493,
                    -0.44464819504061764,
                    -0.0010232860333853366
                ]
            ],
            "volume_eff": 2.3725335662424776,
            "alpha_iso": 0.7571915636944078,
            "c6_ii": 0.18403476132567337,
            "c8_ii": 1.073500838198552,
            "c10_ii": 8.642613038883928,
            "slater_b_init": 72.45397891779062
        }
    ]
}