{
    "molecule": "EMC",
    "atoms": [
        {
            "index": 0,
            "element": "C",
            "charge": -0.49030178202875163,
            "dipole": [
                0.05085692711252281,
                0.007389882759570262,
                0.00660288726192886
            ],
            "quadrupole": [
                [
                    -5.161543180598763,
                    -5.154079650682336,
                    -0.011935851023399335
                ],
                [
                    -5.154079650682336,
                    -0.0473812376471569,
                    -5.1486344713865515
                ],
                [
                    -0.011935851023399335,
                    -5.1486344713865515,
                    -0.03574079877486506
                ]
            ],
            "volume_eff": 38.82605587934457,
            "alpha_iso": 12.196666768380492,
            "c6_ii": 48.13996180601065,
            "c8_ii": 1409.808749055137,
            "c10_ii": 51728.40900676539,
            "slater_b_init": 34.81085900633672
        },
        {
            "index": 1,
            "element": "C",
            "charge": 0.10907633026466268,
            "dipole": [
                0.05407567252811425,
                -0.12143444979598934,
                -0.08061647144798315
            ],
            "quadrupole": [
                [
                    -4.146259009090925,
                    -4.129220976027058,
                    -0.018117306083051215
                ],
                [
                    -4.129220976027058,
                    -0.0924514859116997,
                    -4.125241967702496
                ],
                [
                    -0.018117306083051215,
                    -4.125241967702496,
                    -0.06666831488080187
                ]
            ],
            "volume_eff": 29.786695785428194,
            "alpha_iso": 9.357077210082153,
            "c6_ii": 28.333736503190618,
            "c8_ii": 695.3834450482718,
            "c10_ii": 21382.54050905771,
            "slater_b_init": 38.02609440028563
        },
        {
            "index": 2,
            "element": "O",
            "charge": -0.42312600549211155,
            "dipole": [
                -0.10908649977974641,
                0.010677991541346176,
                0.0013738384421018298
            ],
            "quadrupole": [
                [
                    -4.026887985593896,
                    -4.1184018425627995,
                    -0.01673722747320535
                ],
                [
                    -4.1184018425627995,
                    -0.021144114363711344,
                    -4.109011909531009
                ],
                [
                    -0.01673722747320535,
                    -4.109011909531009,
                    -0.012685182972234895
                ]
            ],
            "volume_eff": 23.274949716803434,
            "alpha_iso": 6.943907650317047,
            "c6_ii": 25.795559462128015,
            "c8_ii": 1055.8953984642353,
            "c10_ii": 41620.41697526258,
            "slater_b_init": 34.02501551343228
        },
        {
            "index": 3,
            "element": "C",
            "charge": 0.9946364951777706,
            "dipole": [
                -0.0035755247671659537,
                -0.0322428350402048,
                -0.02290086385425084
            ],
            "quadrupole": [
                [
                    -2.8897209340085053,
                    -2.8694202789213055,
                    -0.08110533552633592
                ],
                [
                    -2.8694202789213055,
                    0.0001179433548281964,
                    -2.8090490708864237
                ],
                [
                    -0.08110533552633592,
                    -2.8090490708864237,
                    -0.005847693135426791
                ]
            ],
            "volume_eff": 19.220341164594576,
            "alpha_iso": 6.037803507202485,
            "c6_ii": 11.797266093944003,
            "c8_ii": 216.20266683280414,
            "c10_ii": 4964.267525471019,
            "slater_b_init": 44.00501107048064
        },
        {
            "index": 4,
            "element": "O",
            "charge": -0.6518425005556949,
            "dipole": [
                0.03758666812157161,
                0.1288835060900604,
                0.09333748799665521
            ],
            "quadrupole": [
                [
                    -4.514329762801316,
                    -4.448746112007313,
                    -0.03804783585444342
                ],
                [
                    -4.448746112007313,
                    0.00859041367422579,
                    -4.42595904496364
                ],
                [
                    -0.03804783585444342,
                    -4.42595904496364,
                    -0.0009125528515322622
                ]
            ],
            "volume_eff": 26.29315792045294,
            "alpha_iso": 7.844367556378225,
            "c6_ii": 32.91947862857081,
            "c8_ii": 1461.6101820684685,
            "c10_ii": 62491.32816333067,
            "slater_b_init": 32.66983936357165
        },
        {
            "index": 5,
            "element": "O",
            "charge": -0.4031374560996781,
            "dipole": [
                0.11000854085708298,
                -0.010391188989009356,
                -0.0013432566780448474
            ],
            "quadrupole": [
                [
                    -3.999271339849446,
                    -4.091766431776971,
                    -0.017732026007783196
                ],
                [
                    -4.091766431776971,
                    -0.007996171584791576,
                    -4.078959151415312
                ],
                [
                    -0.017732026007783196,
                    -4.078959151415312,
                    -0.0010481715616011162
                ]
            ],
            "volume_eff": 23.04141131000734,
            "alpha_iso": 6.874233208510478,
            "c6_ii": 25.280496652874376,
            "c8_ii": 1027.8784579274143,
            "c10_ii": 40244.59031599103,
            "slater_b_init": 34.13958389715167
        },
        {
            "index": 6,
            "element": "C",
            "charge": -0.10648501433079538,
            "dipole": [
                -0.15623701356066666,
                -0.05322793992822141,
                -0.04605680682103363
            ],
            "quadrupole": [
                [
                    -4.421851148749419,
                    -4.533504388921539,
                    -0.00011817211538162302
                ],
                [
                    -4.533504388921539,
                    0.05986199632165488,
                    -4.527263312036606
                ],
                [
                    -0.00011817211538162302,
                    -4.527263312036606,
                    0.048619773510183054
                ]
            ],
            "volume_eff": 32.89425311339329,
            "alpha_iso": 10.333273229338205,
            "c6_ii": 34.554073336517675,
            "c8_ii": 906.04871153579,
            "c10_ii": 29765.850988359907,
            "slater_b_init": 36.788816946089916
        },
        {
            "index": 7,
            "element": "H",
            "charge": 0.15028680814473416,
            "dipole": [
                0.00476004149616364,
                -0.043747508570049706,
                0.015832170854121214
            ],
            "quadrupole": [
                [
                    -0.47634278212662656,
                    -0.4910071730623973,
                    0.002283808947103477
                ],
                [
                    -0.4910071730623973,
                    -0.00019594309110738565,
                    -0.4829373834287622
                ],
                [
                    0.002283808947103477,
                    -0.4829373834287622,
                    0.0046787437387065065
                ]
            ],
            "volume_eff": 2.714365631932702,
            "alpha_iso": 0.8662869038083092,
            "c6_ii": 0.2408861480549933,
            "c8_ii": 1.5370394257562205,
            "c10_ii": 13.536249261291362,
            "slater_b_init": 69.27506037220735
        },
        {
            "index": 8,
            "element": "H",
            "charge": 0.15042691311358036,
            "dipole": [
                0.007851977243393718,
                -0.0007483445975516208,
                -0.045931344129258714
            ],
            "quadrupole": [
                [
                    -0.475650983144341,
                    -0.48273157382557064,
                    -0.0007877572791033864
                ],
                [
                    -0.48273157382557064,
                    0.004008570921929501,
                    -0.49141425469125866
                ],
                [
                    -0.0007877572791033864,
                    -0.49141425469125866,
                    -0.0008802681592990328
                ]
            ],
            "volume_eff": 2.7136437087960465,
            "alpha_iso": 0.8660565028072489,
            "c6_ii": 0.24075803107929358,
            "c8_ii": 1.5359495422204221,
            "c10_ii": 13.524252474561852,
            "slater_b_init": 69.28120301533325
        },
        {
            "index": 9,
            "element": "H",
            "charge": 0.15457988288039348,
            "dipole": [
                -0.03414825603865078,
                0.027415980647530227,
                0.017402664945108285
            ],
            "quadrupole": [
                [
                    -0.48018523456243695,
                    -0.4789818024680815,
                    0.002379155744856383
                ],
                [
                    -0.4789818024680815,
                    0.00610960014532197,
                    -0.4801518431685504
                ],
                [
                    0.002379155744856383,
                    -0.4801518431685504,
                    0.004476697252951082
                ]
            ],
            "volume_eff": 2.687277164562118,
            "alpha_iso": 0.8576416482645058,
            "c6_ii": 0.23610221133067058,
            "c8_ii": 1.4964744664085874,
            "c10_ii": 13.091177835460284,
            "slater_b_init": 69.5070529284784
        },
        {
            "index": 10,
            "element": "H",
            "charge": 0.09116191099112392,
            "dipole": [
                -0.000463069363125469,
                0.057512276989834646,
                -0.033423127910259406
            ],
            "quadrupole": [
                [
                    -0.5127009003578615,
                    -0.5312989605978191,
                    0.00414454649775331
                ],
                [
                    -0.5312989605978191,
                    -0.008280637062565446,
                    -0.5260065581534634
                ],
                [
                    0.00414454649775331,
                    -0.5260065581534634,
                    -0.005221722809574087
                ]
            ],
            "volume_eff": 2.9579450986491604,
            "alpha_iso": 0.9440250314837747,
            "c6_ii": 0.2860588242193393,
            "c8_ii": 1.9329014141914984,
            "c10_ii": 18.026201169884793,
            "slater_b_init": 67.31879381449315
        },
        {
            "index": 11,
            "element": "H",
            "charge": 0.09141292825700964,
            "dipole": [
                -0.005426878212527884,
                -0.011115583295902063,
                0.06506739830287166
            ],
            "quadrupole": [
                [
                    -0.5125607423340391,
                    -0.522854196390192,
                    0.0008887685537518724
                ],
                [
                    -0.522854196390192,
                    -0.008371885713214176,
                    -0.5335576872941207
                ],
                [
                    0.0008887685537518724,
                    -0.5335576872941207,
                    -0.00461339853430379
                ]
            ],
            "volume_eff": 2.9557857772614904,
            "alpha_iso": 0.9433358863600502,
            "c6_ii": 0.28564132662792885,
            "c8_ii": 1.9291409506922546,
            "c10_ii": 17.982374323575772,
            "slater_b_init": 67.33518286055991
        },
        {
            "index": 12,
            "element": "H",
            "charge": 0.11027199736013615,
            "dipole": [
                0.007890396781806808,
                0.057905590887953634,
                -0.02566985931763398
            ],
            "quadrupole": [
                [
                    -0.49978174011960796,
                    -0.5220664579635086,
                    -0.001392035492105756
                ],
                [
                    -0.5220664579635086,
                    0.0030489353686566053,
                    -0.5199750118443608
                ],
                [
                    -0.001392035492105756,
                    -0.5199750118443608,
                    0.00969885845322923
                ]
            ],
            "volume_eff": 2.9097521216594284,
            "alpha_iso": 0.9286442941466261,
            "c6_ii": 0.27681340557195333,
            "c8_ii": 1.8500582219768358,
            "c10_ii": 17.065689069166098,
            "slater_b_init": 67.68841806188266
        },
        {
            "index": 13,
            "element": "H",
            "charge": 0.11059395646192449,
            "dipole": [
                0.003073067599667002,
                -0.004124384712399192,
                0.06331006943828683
            ],
            "quadrupole": [
                [
                    -0.4981961299020724,
                    -0.521424717376071,
                    -0.001214906438270959
                ],
                [
                    -0.521424717376071,
                    0.009083508484071896,
                    -0.5201977236940104
                ],
                [
                    -0.001214906438270959,
                    -0.5201977236940104,
                    0.0013205792564437958
                ]
            ],
            "volume_eff": 2.903849195586739,
            "alpha_iso": 0.9267603815702359,
            "c6_ii": 0.2756914188401659,
            "c8_ii": 1.8400667151552803,
            "c10_ii": 16.95055979807236,
            "slater_b_init": 67.73425254632323
        },
        {
            "index": 14,
            "element": "H",
            "charge": 0.11535067082261596,
            "dipole": [
                0.03289425392289704,
                -0.04338713591974482,
                -0.028674795434729335
            ],
            "quadrupole": [
                [
                    -0.48745259563113774,
                    -0.5076223437451279,
                    0.003703256494579984
                ],
                [
                    -0.5076223437451279,
                    0.007267436218706349,
                    -0.5098418473289594
                ],
                [
                    0.003703256494579984,
                    -0.5098418473289594,
                    0.006513380029604273
                ]
            ],
            "volume_eff": 2.803940244312909,
            "alpha_iso": 0.8948745460573114,
            "c6_ii": 0.2570470590458427,
            "c8_ii": 1.676046604757038,
            "c10_ii": 15.083415579165347,
            "slater_b_init": 68.52937603399678
        }
    ]
}