{
    "molecule": "LCarb_37",
    "atoms": [
        {
            "index": 0,
            "element": "C",
            "charge": -0.40850457659176165,
            "dipole": [
                0.019115394479532692,
                -0.08233720672867727,
                -0.028025064703327152
            ],
            "quadrupole": [
                [
                    -5.008400181079342,
                    -5.109253705988596,
                    -0.02503929547782801
                ],
                [
                    -5.109253705988596,
                    0.0016429614920844434,
                    -5.02268840012669
                ],
                [
                    -0.02503929547782801,
                    -5.02268840012669,
                    -0.00550133928820097
                ]
            ],
            "volume_eff": 38.04613117685872,
            "alpha_iso": 11.951664244039389,
            "c6_ii": 46.22534836267244,
            "c8_ii": 1335.547903489389,
            "c10_ii": 48345.18281356241,
            "slater_b_init": 35.04711968423661
        },
        {
            "index": 1,
            "element": "C",
            "charge": -0.24775835080555275,
            "dipole": [
                0.029183626838376196,
                0.07625516424248951,
                0.02510016651493199
            ],
            "quadrupole": [
                [
                    -4.714650585296503,
                    -4.766403783340527,
                    -0.04635235145876548
                ],
                [
                    -4.766403783340527,
                    0.01501934920893896,
                    -4.683823243445898
                ],
                [
                    -0.04635235145876548,
                    -4.683823243445898,
                    -0.0491855548103491
                ]
            ],
            "volume_eff": 34.96650092218361,
            "alpha_iso": 10.984241127387522,
            "c6_ii": 39.04483039262475,
            "c8_ii": 1066.360215497648,
            "c10_ii": 36488.73325193919,
            "slater_b_init": 36.04721971775324
        },
        {
            "index": 2,
            "element": "C",
            "charge": 0.06680909663125689,
            "dipole": [
                0.05295561338978286,
                0.12481220736747287,
                -0.09357616363121143
            ],
            "quadrupole": [
                [
                    -4.270235808540514,
                    -4.194725347195037,
                    -0.005297426947382868
                ],
                [
                    -4.194725347195037,
                    0.06833619483172873,
                    -4.19720493008651
                ],
                [
                    -0.005297426947382868,
                    -4.19720493008651,
                    -0.07070618009628374
                ]
            ],
            "volume_eff": 30.66127391519603,
            "alpha_iso": 9.631813795349537,
            "c6_ii": 30.021997247597994,
            "c8_ii": 751.1707248848808,
            "c10_ii": 23547.900219236664,
            "slater_b_init": 37.66105082993799
        },
        {
            "index": 3,
            "element": "O",
            "charge": -0.4181054678699496,
            "dipole": [
                -0.10578098388265494,
                -0.01048710690326385,
                0.026064388144937122
            ],
            "quadrupole": [
                [
                    -4.026992559077057,
                    -4.112944396709907,
                    0.016692472128159223
                ],
                [
                    -4.112944396709907,
                    0.016372101416216672,
                    -4.099540406871875
                ],
                [
                    0.016692472128159223,
                    -4.099540406871875,
                    -0.027265771625326004
                ]
            ],
            "volume_eff": 23.25106500648592,
            "alpha_iso": 6.9367818251394455,
            "c6_ii": 25.74264391623885,
            "c8_ii": 1053.0083811473185,
            "c10_ii": 41478.2180303106,
            "slater_b_init": 34.03666228491805
        },
        {
            "index": 4,
            "element": "C",
            "charge": 0.9954887777395784,
            "dipole": [
                -0.011759374762817316,
                0.030022834132080296,
                -0.02288620411371209
            ],
            "quadrupole": [
                [
                    -2.898789719125079,
                    -2.864680204719665,
                    0.0817157804147958
                ],
                [
                    -2.864680204719665,
                    0.013281203910430773,
                    -2.835252136562036
                ],
                [
                    0.0817157804147958,
                    -2.835252136562036,
                    0.003321375725056994
                ]
            ],
            "volume_eff": 19.35086345353262,
            "alpha_iso": 6.0788052733610325,
            "c6_ii": 11.958036857619392,
            "c8_ii": 220.1400512064672,
            "c10_ii": 5077.532341759492,
            "slater_b_init": 43.905849310092215
        },
        {
            "index": 5,
            "element": "O",
            "charge": -0.6561284276563022,
            "dipole": [
                0.05318581146584321,
                -0.11724544638484534,
                0.0966796000970558
            ],
            "quadrupole": [
                [
                    -4.50367648233663,
                    -4.451580468294348,
                    0.03833855526266174
                ],
                [
                    -4.451580468294348,
                    0.0014273008700032236,
                    -4.444441732924611
                ],
                [
                    0.03833855526266174,
                    -4.444441732924611,
                    0.017410894671373245
                ]
            ],
            "volume_eff": 26.30930235784003,
            "alpha_iso": 7.849184128858351,
            "c6_ii": 32.95991725734089,
            "c8_ii": 1464.0046148558215,
            "c10_ii": 62619.32220323954,
            "slater_b_init": 32.663155490684375
        },
        {
            "index": 6,
            "element": "O",
            "charge": -0.4313298916224646,
            "dipole": [
                0.1019844103450114,
                0.026980224486292576,
                -0.014761368690994509
            ],
            "quadrupole": [
                [
                    -4.058801207894499,
                    -4.131287687065405,
                    0.018593218663064355
                ],
                [
                    -4.131287687065405,
                    0.013045389790998233,
                    -4.121959749288393
                ],
                [
                    0.018593218663064355,
                    -4.121959749288393,
                    -0.002065851155320506
                ]
            ],
            "volume_eff": 23.44523377563978,
            "alpha_iso": 6.994710629196399,
            "c6_ii": 26.174390873272017,
            "c8_ii": 1076.621562341654,
            "c10_ii": 42644.11906206347,
            "slater_b_init": 33.94244006890322
        },
        {
            "index": 7,
            "element": "C",
            "charge": 0.07472303610898834,
            "dipole": [
                -0.12576436016077244,
                0.06260447529324226,
                0.024756253526231762
            ],
            "quadrupole": [
                [
                    -4.09619604113502,
                    -4.232100085507756,
                    -0.06292582186485401
                ],
                [
                    -4.232100085507756,
                    -0.027587453442942483,
                    -4.280748052949945
                ],
                [
                    -0.06292582186485401,
                    -4.280748052949945,
                    0.027681248082961428
                ]
            ],
            "volume_eff": 30.500552126403925,
            "alpha_iso": 9.581325275310132,
            "c6_ii": 29.70808056846132,
            "c8_ii": 740.7164738390613,
            "c10_ii": 23138.962058953497,
            "slater_b_init": 37.7270862522526
        },
        {
            "index": 8,
            "element": "C",
            "charge": -0.26124704574311863,
            "dipole": [
                0.06247087950829872,
                -0.024680709199548363,
                -0.015713751863938478
            ],
            "quadrupole": [
                [
                    -4.769998532274886,
                    -4.730241789840833,
                    -0.056477081156919545
                ],
                [
                    -4.730241789840833,
                    0.01805669518278585,
                    -4.755312097165064
                ],
                [
                    -0.056477081156919545,
                    -4.755312097165064,
                    0.012654090004896625
                ]
            ],
            "volume_eff": 35.27701116403087,
            "alpha_iso": 11.081783611737444,
            "c6_ii": 39.74136281673308,
            "c8_ii": 1091.7994909194294,
            "c10_ii": 37580.06082980509,
            "slater_b_init": 35.941144659757086
        },
        {
            "index": 9,
            "element": "C",
            "charge": -0.4045134589208548,
            "dipole": [
                -0.0889352924333362,
                0.010972496670270405,
                -0.005270454942348022
            ],
            "quadrupole": [
                [
                    -5.106839172552224,
                    -5.014286326310017,
                    -0.012137675438153766
                ],
                [
                    -5.014286326310017,
                    0.020501934476983834,
                    -5.01393572645016
                ],
                [
                    -0.012137675438153766,
                    -5.01393572645016,
                    -0.006650502799027772
                ]
            ],
            "volume_eff": 38.04980649827401,
            "alpha_iso": 11.952818795269321,
            "c6_ii": 46.23427968964256,
            "c8_ii": 1335.8919744239226,
            "c10_ii": 48360.75199290994,
            "slater_b_init": 35.04599121965353
        },
        {
            "index": 10,
            "element": "H",
            "charge": 0.12571301483689412,
            "dipole": [
                0.00931347509140746,
                -0.006288931367355495,
                0.045863043157103954
            ],
            "quadrupole": [
                [
                    -0.5139895253748212,
                    -0.5018318495632539,
                    -0.0003504016089671558
                ],
                [
                    -0.5018318495632539,
                    -0.0013949781531011906,
                    -0.5211060201335932
                ],
                [
                    -0.0003504016089671558,
                    -0.5211060201335932,
                    -0.002910876716477458
                ]
            ],
            "volume_eff": 2.9281471771195253,
            "alpha_iso": 0.9345150565275081,
            "c6_ii": 0.28032442176286304,
            "c8_ii": 1.8814116033438366,
            "c10_ii": 17.427972113128536,
            "slater_b_init": 67.54637730647457
        },
        {
            "index": 11,
            "element": "H",
            "charge": 0.1293290575497773,
            "dipole": [
                -0.047209072500140545,
                0.00563080794104178,
                -0.013264080513120514
            ],
            "quadrupole": [
                [
                    -0.5123536249843336,
                    -0.5007393083088368,
                    0.0044381782429319975
                ],
                [
                    -0.5007393083088368,
                    0.0050185945939102625,
                    -0.5053758407390148
                ],
                [
                    0.0044381782429319975,
                    -0.5053758407390148,
                    0.0009929481386484191
                ]
            ],
            "volume_eff": 2.874356725413419,
            "alpha_iso": 0.9173478910893891,
            "c6_ii": 0.27011982698073933,
            "c8_ii": 1.7906519857180712,
            "c10_ii": 16.38347676181455,
            "slater_b_init": 67.9651281783166
        },
        {
            "index": 12,
            "element": "H",
            "charge": 0.14382190602596434,
            "dipole": [
                0.03486413159435831,
                0.021037236964261297,
                -0.02893622139674548
            ],
            "quadrupole": [
                [
                    -0.4946043571129038,
                    -0.4861382946413737,
                    0.00541921045212769
                ],
                [
                    -0.4861382946413737,
                    -0.004578262815457526,
                    -0.4891913779507579
                ],
                [
                    0.00541921045212769,
                    -0.4891913779507579,
                    -4.5742215051368184e-06
                ]
            ],
            "volume_eff": 2.762209912424408,
            "alpha_iso": 0.8815563550290665,
            "c6_ii": 0.24945286153574653,
            "c8_ii": 1.6103510412748985,
            "c10_ii": 14.348046705060295,
            "slater_b_init": 68.87275712338
        },
        {
            "index": 13,
            "element": "H",
            "charge": 0.12784702473806586,
            "dipole": [
                -0.03468604919980126,
                -0.01970357927274437,
                0.031346516216140326
            ],
            "quadrupole": [
                [
                    -0.49713739399106055,
                    -0.4969428285950992,
                    0.003755834152033193
                ],
                [
                    -0.4969428285950992,
                    -0.011120375800631216,
                    -0.500391804941955
                ],
                [
                    0.003755834152033193,
                    -0.500391804941955,
                    0.001999715536474213
                ]
            ],
            "volume_eff": 2.8011669609017633,
            "alpha_iso": 0.8939894556069458,
            "c6_ii": 0.25653883722403065,
            "c8_ii": 1.6716296566312467,
            "c10_ii": 15.033744598314454,
            "slater_b_init": 68.5519843134513
        },
        {
            "index": 14,
            "element": "H",
            "charge": 0.12641069963830698,
            "dipole": [
                -0.0018012164017490602,
                0.01248561296916119,
                -0.04952765824627789
            ],
            "quadrupole": [
                [
                    -0.4947251586596203,
                    -0.4916550275150517,
                    -0.0005407199876184351
                ],
                [
                    -0.4916550275150517,
                    -0.00650789418462618,
                    -0.5122281442012769
                ],
                [
                    -0.0005407199876184351,
                    -0.5122281442012769,
                    -0.0034088479736685594
                ]
            ],
            "volume_eff": 2.8137172149346488,
            "alpha_iso": 0.8979948558302071,
            "c6_ii": 0.2588427628214244,
            "c8_ii": 1.6916763343221974,
            "c10_ii": 15.259442810372752,
            "slater_b_init": 68.44990971645377
        },
        {
            "index": 15,
            "element": "H",
            "charge": 0.09558875375909948,
            "dipole": [
                0.007869836669664378,
                0.012691853339070042,
                0.06151135007964695
            ],
            "quadrupole": [
                [
                    -0.5143757878870507,
                    -0.5221562207007882,
                    -0.005969293259268832
                ],
                [
                    -0.5221562207007882,
                    0.0070980302854186566,
                    -0.5314716950456908
                ],
                [
                    -0.005969293259268832,
                    -0.5314716950456908,
                    -0.008320382499214678
                ]
            ],
            "volume_eff": 2.96617091723568,
            "alpha_iso": 0.9466502927347914,
            "c6_ii": 0.2876520517914386,
            "c8_ii": 1.947268654640088,
            "c10_ii": 18.19384225454584,
            "slater_b_init": 67.25650645462049
        },
        {
            "index": 16,
            "element": "H",
            "charge": 0.09102396498457677,
            "dipole": [
                -0.00242193430182855,
                -0.059255211527372065,
                -0.02821591296375107
            ],
            "quadrupole": [
                [
                    -0.5200938831441411,
                    -0.5334522021257544,
                    -0.004590900384222335
                ],
                [
                    -0.5334522021257544,
                    0.007424114511267177,
                    -0.5250093864714528
                ],
                [
                    -0.004590900384222335,
                    -0.5250093864714528,
                    -0.007968819309409526
                ]
            ],
            "volume_eff": 2.985702230552575,
            "alpha_iso": 0.9528836906018857,
            "c6_ii": 0.2914527225085411,
            "c8_ii": 1.9816489742704142,
            "c10_ii": 18.596254973975437,
            "slater_b_init": 67.10953011805364
        },
        {
            "index": 17,
            "element": "H",
            "charge": 0.09504992454659122,
            "dipole": [
                0.024355128525459454,
                0.030242606956909647,
                -0.04831849401358188
            ],
            "quadrupole": [
                [
                    -0.5028997592046272,
                    -0.5242712138649288,
                    0.0018900663105511654
                ],
                [
                    -0.5242712138649288,
                    -0.0015599642955784587,
                    -0.5272978790785322
                ],
                [
                    0.0018900663105511654,
                    -0.5272978790785322,
                    0.008350384092847994
                ]
            ],
            "volume_eff": 2.9221148664923513,
            "alpha_iso": 0.9325898510081972,
            "c6_ii": 0.2791706121640837,
            "c8_ii": 1.8710935571598053,
            "c10_ii": 17.308580921421996,
            "slater_b_init": 67.59282547693422
        },
        {
            "index": 18,
            "element": "H",
            "charge": 0.09957694240715509,
            "dipole": [
                0.011206729230730085,
                -0.06389410430604511,
                0.014598292831651729
            ],
            "quadrupole": [
                [
                    -0.5082101481212201,
                    -0.5315984051978883,
                    0.002330286689008843
                ],
                [
                    -0.5315984051978883,
                    0.0013226910280194793,
                    -0.5268997762034053
                ],
                [
                    0.002330286689008843,
                    -0.5268997762034053,
                    0.008621444802975562
                ]
            ],
            "volume_eff": 2.9694428897069787,
            "alpha_iso": 0.9476945392681847,
            "c6_ii": 0.28828701770033527,
            "c8_ii": 1.9530019882384173,
            "c10_ii": 18.260826931417036,
            "slater_b_init": 67.23179448871826
        },
        {
            "index": 19,
            "element": "H",
            "charge": 0.12333096430797585,
            "dipole": [
                -0.0018849378078701793,
                0.047759783460760784,
                -0.009507283756185222
            ],
            "quadrupole": [
                [
                    -0.4955874565069604,
                    -0.5149318065236784,
                    0.0016335680318482673
                ],
                [
                    -0.5149318065236784,
                    0.0067062517089063085,
                    -0.4990892434386937
                ],
                [
                    0.0016335680318482673,
                    -0.4990892434386937,
                    0.0056695661313275044
                ]
            ],
            "volume_eff": 2.8402576608811643,
            "alpha_iso": 0.9064652109195206,
            "c6_ii": 0.26374887214557585,
            "c8_ii": 1.7345628994993392,
            "c10_ii": 15.744528158250162,
            "slater_b_init": 68.23603483564553
        },
        {
            "index": 20,
            "element": "H",
            "charge": 0.134344328108559,
            "dipole": [
                -0.014087541125768615,
                -0.022442331573791555,
                0.04310143605244146
            ],
            "quadrupole": [
                [
                    -0.4839161868241699,
                    -0.49193871394306365,
                    0.0025414707914475114
                ],
                [
                    -0.49193871394306365,
                    -0.0001230835710123049,
                    -0.4944307958967383
                ],
                [
                    0.0025414707914475114,
                    -0.4944307958967383,
                    0.009785434782287097
                ]
            ],
            "volume_eff": 2.7434155124329602,
            "alpha_iso": 0.8755581422658384,
            "c6_ii": 0.24606979719368097,
            "c8_ii": 1.5812977509784711,
            "c10_ii": 14.025202815776058,
            "slater_b_init": 69.02967556156158
        },
        {
            "index": 21,
            "element": "H",
            "charge": 0.13404237877352343,
            "dipole": [
                -0.000995946081910626,
                -0.04769873748562938,
                0.007505611269785056
            ],
            "quadrupole": [
                [
                    -0.49143142600716944,
                    -0.5085309429616769,
                    -0.0012703111650930296
                ],
                [
                    -0.5085309429616769,
                    0.004158464314676367,
                    -0.5021577600859205
                ],
                [
                    -0.0012703111650930296,
                    -0.5021577600859205,
                    -0.0006755734048430337
                ]
            ],
            "volume_eff": 2.8394967473106747,
            "alpha_iso": 0.9062223661629812,
            "c6_ii": 0.2636075728430228,
            "c8_ii": 1.73332399048584,
            "c10_ii": 15.7304725307321,
            "slater_b_init": 68.24212947051792
        },
        {
            "index": 22,
            "element": "H",
            "charge": 0.1269281920208547,
            "dipole": [
                0.011927106376587098,
                0.019098259859980808,
                -0.04217112161361202
            ],
            "quadrupole": [
                [
                    -0.503065580712195,
                    -0.5100924866948366,
                    -0.00012358968856886242
                ],
                [
                    -0.5100924866948366,
                    -0.0038852254373122797,
                    -0.5169438664754813
                ],
                [
                    -0.00012358968856886242,
                    -0.5169438664754813,
                    0.006496565077726593
                ]
            ],
            "volume_eff": 2.910393358214684,
            "alpha_iso": 0.9288489441110694,
            "c6_ii": 0.2769354245108946,
            "c8_ii": 1.8511456390817569,
            "c10_ii": 17.078228462004642,
            "slater_b_init": 67.68344651442267
        },
        {
            "index": 23,
            "element": "H",
            "charge": 0.1379682201719572,
            "dipole": [
                0.008093200994817779,
                0.02780069144846394,
                0.04029264813250388
            ],
            "quadrupole": [
                [
                    -0.49012081657377143,
                    -0.4967520215573334,
                    -0.0010726049954587348
                ],
                [
                    -0.4967520215573334,
                    -0.004655922583749017,
                    -0.4994597624300801
                ],
                [
                    -0.0010726049954587348,
                    -0.4994597624300801,
                    -0.004701885351160184
                ]
            ],
            "volume_eff": 2.794339572956917,
            "alpha_iso": 0.8918105020075267,
            "c6_ii": 0.25528981800943007,
            "c8_ii": 1.6607868461858546,
            "c10_ii": 14.911950529684113,
            "slater_b_init": 68.60776974644735
        }
    ]
}