{
    "molecule": "Phos_888",
    "atoms": [
        {
            "index": 0,
            "element": "C",
            "charge": -0.3817106138548567,
            "dipole": [
                -0.03768180265121427,
                -0.033671258630713435,
                0.0025211479931036996
            ],
            "quadrupole": [
                [
                    -5.076413162313242,
                    -5.092901758361848,
                    0.02661993980204078
                ],
                [
                    -5.092901758361848,
                    -0.1182130094917897,
                    -5.077619847553579
                ],
                [
                    0.02661993980204078,
                    -5.077619847553579,
                    -0.018506083011191103
                ]
            ],
            "volume_eff": 38.505367765038784,
            "alpha_iso": 12.095927046609042,
            "c6_ii": 47.3480112642152,
            "c8_ii": 1378.9701626094004,
            "c10_ii": 50317.89400897321,
            "slater_b_init": 34.9072315453022
        },
        {
            "index": 1,
            "element": "C",
            "charge": -0.15453725651462236,
            "dipole": [
                0.007211612676211206,
                0.06131061416132133,
                -0.02855150253429144
            ],
            "quadrupole": [
                [
                    -4.597963472155307,
                    -4.591141761004921,
                    0.04807628982836938
                ],
                [
                    -4.591141761004921,
                    -0.13455613623572804,
                    -4.659299508764286
                ],
                [
                    0.04807628982836938,
                    -4.659299508764286,
                    -0.00514884628797042
                ]
            ],
            "volume_eff": 34.197744649154735,
            "alpha_iso": 10.742747010205676,
            "c6_ii": 37.34686236776518,
            "c8_ii": 1004.9814397043299,
            "c10_ii": 33882.575977201515,
            "slater_b_init": 36.315331278361995
        },
        {
            "index": 2,
            "element": "C",
            "charge": 0.1038087761667672,
            "dipole": [
                -0.05085579581649531,
                0.12621450387165706,
                0.0906988932042366
            ],
            "quadrupole": [
                [
                    -4.088271052421072,
                    -4.056406416331493,
                    0.05896163845169819
                ],
                [
                    -4.056406416331493,
                    -0.027445784441387004,
                    -4.220245270497993
                ],
                [
                    0.05896163845169819,
                    -4.220245270497993,
                    0.002324276233008379
                ]
            ],
            "volume_eff": 29.65229985259588,
            "alpha_iso": 9.314858592438496,
            "c6_ii": 28.078632790458595,
            "c8_ii": 687.0481204931635,
            "c10_ii": 21062.640453677282,
            "slater_b_init": 38.08345758204298
        },
        {
            "index": 3,
            "element": "O",
            "charge": -0.5805477238586931,
            "dipole": [
                -0.030838546607006172,
                -0.1516282322141364,
                0.13477278272763246
            ],
            "quadrupole": [
                [
                    -4.271443325312344,
                    -4.246587480499359,
                    0.014677165813983714
                ],
                [
                    -4.246587480499359,
                    -0.008942325521624455,
                    -4.324707383536182
                ],
                [
                    0.014677165813983714,
                    -4.324707383536182,
                    0.0037449352634354254
                ]
            ],
            "volume_eff": 24.692604915679194,
            "alpha_iso": 7.366854505230258,
            "c6_ii": 29.033625058271905,
            "c8_ii": 1236.2206126786598,
            "c10_ii": 50687.43110120305,
            "slater_b_init": 33.36099126323855
        },
        {
            "index": 4,
            "element": "P",
            "charge": 1.7429621156166988,
            "dipole": [
                0.04081369346836096,
                0.029630558987449734,
                0.03136547217810243
            ],
            "quadrupole": [
                [
                    -6.342424468849421,
                    -6.313313160741068,
                    -0.026545442752949042
                ],
                [
                    -6.313313160741068,
                    0.0038021156486980753,
                    -6.33482138986848
                ],
                [
                    -0.026545442752949042,
                    -6.33482138986848,
                    -0.07014219551141301
                ]
            ],
            "volume_eff": 51.0516152573763,
            "alpha_iso": 19.635236637452422,
            "c6_ii": 114.12058527139115,
            "c8_ii": 3675.821293086269,
            "c10_ii": 67051.99369836887,
            "slater_b_init": 35.766949064527736
        },
        {
            "index": 5,
            "element": "O",
            "charge": -0.8487545184709369,
            "dipole": [
                -0.12573573104137764,
                -0.09051016550233797,
                -0.2826193628156856
            ],
            "quadrupole": [
                [
                    -4.730497653412823,
                    -4.756681153992285,
                    -0.0047002117965230595
                ],
                [
                    -4.756681153992285,
                    -0.009606463846958182,
                    -4.775581307948645
                ],
                [
                    -0.0047002117965230595,
                    -4.775581307948645,
                    -0.015259799130514446
                ]
            ],
            "volume_eff": 28.397489042865793,
            "alpha_iso": 8.472179051462723,
            "c6_ii": 38.3996556559905,
            "c8_ii": 1794.7228901048506,
            "c10_ii": 80775.01692471094,
            "slater_b_init": 31.842068244995964
        },
        {
            "index": 6,
            "element": "O",
            "charge": -0.5531388188448876,
            "dipole": [
                -0.10093700879257642,
                0.16662457538913716,
                0.043581047161885246
            ],
            "quadrupole": [
                [
                    -4.2090440812525545,
                    -4.2593267400786194,
                    -0.04369995925713176
                ],
                [
                    -4.2593267400786194,
                    -0.012858516776116229,
                    -4.2309051986099835
                ],
                [
                    -0.04369995925713176,
                    -4.2309051986099835,
                    0.0014585607080903327
                ]
            ],
            "volume_eff": 24.299592411976484,
            "alpha_iso": 7.249602156059283,
            "c6_ii": 28.1167698960828,
            "c8_ii": 1184.4449054457048,
            "c10_ii": 48047.84188404856,
            "slater_b_init": 33.53988629940407
        },
        {
            "index": 7,
            "element": "C",
            "charge": 0.031617251367429766,
            "dipole": [
                0.18217825306100807,
                0.015336294044524277,
                -0.00857885460890606
            ],
            "quadrupole": [
                [
                    -4.180996328445687,
                    -4.28480263026911,
                    0.024468855970300747
                ],
                [
                    -4.28480263026911,
                    0.03334545697563232,
                    -4.361568674518532
                ],
                [
                    0.024468855970300747,
                    -4.361568674518532,
                    0.020196513933322436
                ]
            ],
            "volume_eff": 31.113928562445825,
            "alpha_iso": 9.77400897249607,
            "c6_ii": 30.914974409587565,
            "c8_ii": 781.1079680145567,
            "c10_ii": 24726.787948878216,
            "slater_b_init": 37.477523219809164
        },
        {
            "index": 8,
            "element": "C",
            "charge": -0.02529643965286965,
            "dipole": [
                0.08538412681773228,
                0.12945159485292965,
                0.02066500103938435
            ],
            "quadrupole": [
                [
                    -4.334873660778424,
                    -4.3380266415067394,
                    0.017195654898545937
                ],
                [
                    -4.3380266415067394,
                    0.02375069013710068,
                    -4.441734110177525
                ],
                [
                    0.017195654898545937,
                    -4.441734110177525,
                    -0.015215974647574716
                ]
            ],
            "volume_eff": 31.945011884112954,
            "alpha_iso": 10.035082267260613,
            "c6_ii": 32.588569630264445,
            "c8_ii": 837.9914961667265,
            "c10_ii": 26997.800497831886,
            "slater_b_init": 37.14965748498478
        },
        {
            "index": 9,
            "element": "O",
            "charge": -0.33960522699176643,
            "dipole": [
                -0.06832086448708208,
                -0.014651819220313809,
                0.0691909061105229
            ],
            "quadrupole": [
                [
                    -4.071600652899635,
                    -3.9283063910440514,
                    0.03519612922276398
                ],
                [
                    -3.9283063910440514,
                    -0.010304335682271409,
                    -4.053025667071601
                ],
                [
                    0.03519612922276398,
                    -4.053025667071601,
                    -0.002807549686824607
                ]
            ],
            "volume_eff": 22.84111083006168,
            "alpha_iso": 6.8144750542725445,
            "c6_ii": 24.842877096664047,
            "c8_ii": 1004.2229672784828,
            "c10_ii": 39090.209008590326,
            "slater_b_init": 34.239086985304795
        },
        {
            "index": 10,
            "element": "C",
            "charge": -0.09055675405013908,
            "dipole": [
                0.07892075224493024,
                -0.10814542444580404,
                -0.09076017243617707
            ],
            "quadrupole": [
                [
                    -4.5248472329097265,
                    -4.498587024772388,
                    0.03318090709065467
                ],
                [
                    -4.498587024772388,
                    -0.050663246635860686,
                    -4.504630744240083
                ],
                [
                    0.03318090709065467,
                    -4.504630744240083,
                    -0.015091822757603362
                ]
            ],
            "volume_eff": 33.26918232907362,
            "alpha_iso": 10.451052040546687,
            "c6_ii": 35.3462581662946,
            "c8_ii": 933.8500359081677,
            "c10_ii": 30911.87112981399,
            "slater_b_init": 36.65009653840385
        },
        {
            "index": 11,
            "element": "O",
            "charge": -0.5535696636066838,
            "dipole": [
                0.1963262208836179,
                0.03773320562624269,
                0.017178002389710567
            ],
            "quadrupole": [
                [
                    -4.269802947605993,
                    -4.226743363503228,
                    0.002088382066315254
                ],
                [
                    -4.226743363503228,
                    0.0016574501285429371,
                    -4.218227607657132
                ],
                [
                    0.002088382066315254,
                    -4.218227607657132,
                    0.018320987566149104
                ]
            ],
            "volume_eff": 24.32887489763673,
            "alpha_iso": 7.2583383672507376,
            "c6_ii": 28.18457555948779,
            "c8_ii": 1188.2549369840883,
            "c10_ii": 48241.1152701434,
            "slater_b_init": 33.5264245789604
        },
        {
            "index": 12,
            "element": "C",
            "charge": 0.026040548764356686,
            "dipole": [
                -0.036730752749100294,
                -0.06805991790863615,
                -0.14301734364999175
            ],
            "quadrupole": [
                [
                    -4.366997135620076,
                    -4.2650966750455,
                    0.012171592968583753
                ],
                [
                    -4.2650966750455,
                    0.037491572677671864,
                    -4.189735857248312
                ],
                [
                    0.012171592968583753,
                    -4.189735857248312,
                    0.06957465100488673
                ]
            ],
            "volume_eff": 31.069593617099713,
            "alpha_iso": 9.760081764533941,
            "c6_ii": 30.82693427741722,
            "c8_ii": 778.1434418493222,
            "c10_ii": 24609.53719098312,
            "slater_b_init": 37.49534100723406
        },
        {
            "index": 13,
            "element": "C",
            "charge": 0.012750726732791762,
            "dipole": [
                0.044261991449773365,
                0.05357443245542415,
                0.11090112293151386
            ],
            "quadrupole": [
                [
                    -4.343482869833507,
                    -4.306475694387747,
                    0.007234775110572235
                ],
                [
                    -4.306475694387747,
                    0.03736075429046119,
                    -4.258144063608579
                ],
                [
                    0.007234775110572235,
                    -4.258144063608579,
                    0.07967162131434173
                ]
            ],
            "volume_eff": 31.35807963683396,
            "alpha_iso": 9.85070564507873,
            "c6_ii": 31.40205777429824,
            "c8_ii": 797.5599864085002,
            "c10_ii": 25379.500244941348,
            "slater_b_init": 37.38000419231257
        },
        {
            "index": 14,
            "element": "O",
            "charge": -0.3460529644280541,
            "dipole": [
                -0.03022413107946869,
                0.06845259610778519,
                -0.065818006180906
            ],
            "quadrupole": [
                [
                    -4.045118733004084,
                    -3.9887693853730535,
                    0.05278852301874147
                ],
                [
                    -3.9887693853730535,
                    0.0489840451885618,
                    -4.057775290326165
                ],
                [
                    0.05278852301874147,
                    -4.057775290326165,
                    0.04095505538328062
                ]
            ],
            "volume_eff": 22.95541064352767,
            "alpha_iso": 6.848575551107703,
            "c6_ii": 25.09213300534947,
            "c8_ii": 1017.6796023655073,
            "c10_ii": 39746.06539192021,
            "slater_b_init": 34.182164534513745
        },
        {
            "index": 15,
            "element": "C",
            "charge": -0.09610755041043717,
            "dipole": [
                -0.02570891371426727,
                -0.1584990285457617,
                0.010672965342332716
            ],
            "quadrupole": [
                [
                    -4.527676161207852,
                    -4.4451102247378484,
                    -0.00752181011658222
                ],
                [
                    -4.4451102247378484,
                    0.017566275270452618,
                    -4.568057636176276
                ],
                [
                    -0.00752181011658222,
                    -4.568057636176276,
                    -0.007323378521590903
                ]
            ],
            "volume_eff": 33.278808633732176,
            "alpha_iso": 10.454076010596495,
            "c6_ii": 35.36671572198845,
            "c8_ii": 934.570758373035,
            "c10_ii": 30941.695282474237,
            "slater_b_init": 36.64656236723281
        },
        {
            "index": 16,
            "element": "H",
            "charge": 0.174975659460456,
            "dipole": [
                0.0001352534951383489,
                -0.017180777896645807,
                0.047528579034901694
            ],
            "quadrupole": [
                [
                    -0.447830561374683,
                    -0.44907724215490663,
                    0.0024373035748867324
                ],
                [
                    -0.44907724215490663,
                    0.0060584863145658535,
                    -0.45050838872232346
                ],
                [
                    0.0024373035748867324,
                    -0.45050838872232346,
                    0.0034075392723536893
                ]
            ],
            "volume_eff": 2.4576230590678145,
            "alpha_iso": 0.784347784808877,
            "c6_ii": 0.19747206957900498,
            "c8_ii": 1.179261558979792,
            "c10_ii": 9.7197425316017,
            "slater_b_init": 71.60795499042636
        },
        {
            "index": 17,
            "element": "H",
            "charge": 0.1720422019580059,
            "dipole": [
                -0.027585775833060128,
                -0.013295020928091959,
                -0.0383567159382684
            ],
            "quadrupole": [
                [
                    -0.45586395816966013,
                    -0.4520932988592906,
                    -0.004015346126797212
                ],
                [
                    -0.4520932988592906,
                    0.004387303422878077,
                    -0.45736257571863614
                ],
                [
                    -0.004015346126797212,
                    -0.45736257571863614,
                    -0.0025410162479075895
                ]
            ],
            "volume_eff": 2.5080469967800467,
            "alpha_iso": 0.800440530887249,
            "c6_ii": 0.20565840902053809,
            "c8_ii": 1.2448906368810881,
            "c10_ii": 10.400544686320895,
            "slater_b_init": 71.12481320331389
        },
        {
            "index": 18,
            "element": "H",
            "charge": 0.1463733191040275,
            "dipole": [
                0.026677284167641806,
                0.014046460624876174,
                0.04411157006204858
            ],
            "quadrupole": [
                [
                    -0.4791081220151674,
                    -0.4744573777739476,
                    -0.010099673413373148
                ],
                [
                    -0.4744573777739476,
                    0.005331224436707648,
                    -0.4724368945133935
                ],
                [
                    -0.010099673413373148,
                    -0.4724368945133935,
                    -0.00438292010755639
                ]
            ],
            "volume_eff": 2.6389174187476723,
            "alpha_iso": 0.8422076868343635,
            "c6_ii": 0.22768096891154468,
            "c8_ii": 1.4257330355226994,
            "c10_ii": 12.322245284921841,
            "slater_b_init": 69.92907157300559
        },
        {
            "index": 19,
            "element": "H",
            "charge": 0.11230788492495669,
            "dipole": [
                -0.0504089789206897,
                -0.01823201119126677,
                -0.03868022027573607
            ],
            "quadrupole": [
                [
                    -0.5060112433471172,
                    -0.48978644688819417,
                    -0.002607055181086264
                ],
                [
                    -0.48978644688819417,
                    -0.006044180563130049,
                    -0.5037543143661691
                ],
                [
                    -0.002607055181086264,
                    -0.5037543143661691,
                    -0.00224358724093764
                ]
            ],
            "volume_eff": 2.7914623039188777,
            "alpha_iso": 0.890892224654961,
            "c6_ii": 0.2547643562310778,
            "c8_ii": 1.656230557926233,
            "c10_ii": 14.860830311094787,
            "slater_b_init": 68.63133388659168
        },
        {
            "index": 20,
            "element": "H",
            "charge": 0.0938619442649895,
            "dipole": [
                0.06451728330152814,
                -0.0069940883657237055,
                -0.011085954992824434
            ],
            "quadrupole": [
                [
                    -0.5279514927834671,
                    -0.5039889629490758,
                    0.0007089371057993509
                ],
                [
                    -0.5039889629490758,
                    -0.0010342392011357094,
                    -0.5221174643615664
                ],
                [
                    0.0007089371057993509,
                    -0.5221174643615664,
                    0.0014058125331600773
                ]
            ],
            "volume_eff": 2.9105466512075155,
            "alpha_iso": 0.9288978674066539,
            "c6_ii": 0.27696459814677,
            "c8_ii": 1.851405654436516,
            "c10_ii": 17.08122706426384,
            "slater_b_init": 67.68225824047956
        },
        {
            "index": 21,
            "element": "H",
            "charge": 0.10796017001003011,
            "dipole": [
                -0.029945378145023648,
                -0.059040539645918724,
                -0.003979165088018742
            ],
            "quadrupole": [
                [
                    -0.49850221080628676,
                    -0.5105663031123656,
                    -0.002431925405287998
                ],
                [
                    -0.5105663031123656,
                    -0.005138712927089834,
                    -0.5130884607836411
                ],
                [
                    -0.002431925405287998,
                    -0.5130884607836411,
                    0.006009158562816405
                ]
            ],
            "volume_eff": 2.846324226148732,
            "alpha_iso": 0.9084013487708719,
            "c6_ii": 0.26487676878601507,
            "c8_ii": 1.744460196760131,
            "c10_ii": 15.856904639735728,
            "slater_b_init": 68.18752164529936
        },
        {
            "index": 22,
            "element": "H",
            "charge": 0.101777913459417,
            "dipole": [
                -0.0043771079770220725,
                0.038783492200380715,
                0.04663675326246732
            ],
            "quadrupole": [
                [
                    -0.495167411078334,
                    -0.5188189959429251,
                    -0.005226745688040021
                ],
                [
                    -0.5188189959429251,
                    -0.0041128448126140004,
                    -0.518818122473781
                ],
                [
                    -0.005226745688040021,
                    -0.518818122473781,
                    0.003938161331359331
                ]
            ],
            "volume_eff": 2.8694138161244576,
            "alpha_iso": 0.9157703668482311,
            "c6_ii": 0.26919159857692515,
            "c8_ii": 1.782452260052277,
            "c10_ii": 16.289751800320197,
            "slater_b_init": 68.00413181775887
        },
        {
            "index": 23,
            "element": "H",
            "charge": 0.14209183415015425,
            "dipole": [
                0.0312315387317898,
                -0.02888059990061727,
                -0.04740520669525204
            ],
            "quadrupole": [
                [
                    -0.47081307385417814,
                    -0.4602576050718024,
                    -0.003054904646234361
                ],
                [
                    -0.4602576050718024,
                    0.005859016249111222,
                    -0.47416457413041313
                ],
                [
                    -0.003054904646234361,
                    -0.47416457413041313,
                    -0.00023847147585584494
                ]
            ],
            "volume_eff": 2.5674355915826945,
            "alpha_iso": 0.8193943377391579,
            "c6_ii": 0.21551338393449163,
            "c8_ii": 1.325058034161979,
            "c10_ii": 11.244385029034664,
            "slater_b_init": 70.57212203006272
        },
        {
            "index": 24,
            "element": "H",
            "charge": 0.08314101775875626,
            "dipole": [
                -0.05488748656007853,
                0.012203676623650217,
                -0.005504199804149009
            ],
            "quadrupole": [
                [
                    -0.5594656156056157,
                    -0.5301145844330775,
                    -0.006740960216987248
                ],
                [
                    -0.5301145844330775,
                    0.00934262485648633,
                    -0.5443482141632192
                ],
                [
                    -0.006740960216987248,
                    -0.5443482141632192,
                    0.0015093954435639405
                ]
            ],
            "volume_eff": 3.1417366647292235,
            "alpha_iso": 1.002681914275284,
            "c6_ii": 0.322711685822018,
            "c8_ii": 2.269980680193714,
            "c10_ii": 22.037878522731166,
            "slater_b_init": 65.97961374005686
        },
        {
            "index": 25,
            "element": "H",
            "charge": 0.07448247028663402,
            "dipole": [
                -0.05238355380796415,
                0.004003756836369887,
                -0.025410039450709472
            ],
            "quadrupole": [
                [
                    -0.5721723789990901,
                    -0.5543414868570842,
                    0.012623016088063745
                ],
                [
                    -0.5543414868570842,
                    -0.009366914105509005,
                    -0.5532839514510494
                ],
                [
                    0.012623016088063745,
                    -0.5532839514510494,
                    -0.004845355491393228
                ]
            ],
            "volume_eff": 3.262609233848782,
            "alpha_iso": 1.0412582661219516,
            "c6_ii": 0.34802084192530397,
            "c8_ii": 2.510399901822162,
            "c10_ii": 24.993134148168476,
            "slater_b_init": 65.15453883904937
        },
        {
            "index": 26,
            "element": "H",
            "charge": 0.11099808031118541,
            "dipole": [
                0.03379634477577195,
                0.04772658075465896,
                -0.016460620680669596
            ],
            "quadrupole": [
                [
                    -0.508977319318613,
                    -0.5075788873097266,
                    0.008248087325815922
                ],
                [
                    -0.5075788873097266,
                    -0.007496233708405291,
                    -0.5072672564915885
                ],
                [
                    0.008248087325815922,
                    -0.5072672564915885,
                    -0.00805685399056733
                ]
            ],
            "volume_eff": 2.8536173412332246,
            "alpha_iso": 0.9107289386914548,
            "c6_ii": 0.26623589128421793,
            "c8_ii": 1.7564051748392748,
            "c10_ii": 15.992743381236604,
            "slater_b_init": 68.12938213996304
        },
        {
            "index": 27,
            "element": "H",
            "charge": 0.07215871553771369,
            "dipole": [
                0.014019786058601111,
                -0.019959713977943674,
                0.053133743495770845
            ],
            "quadrupole": [
                [
                    -0.5568020121034577,
                    -0.5474916258594209,
                    0.008614511795265747
                ],
                [
                    -0.5474916258594209,
                    -0.01154384446097792,
                    -0.5654388411682592
                ],
                [
                    0.008614511795265747,
                    -0.5654388411682592,
                    -0.0026927555605479226
                ]
            ],
            "volume_eff": 3.220171634436398,
            "alpha_iso": 1.0277143514158718,
            "c6_ii": 0.339026129515553,
            "c8_ii": 2.4242652350699934,
            "c10_ii": 23.925843111847364,
            "slater_b_init": 65.43950750230393
        },
        {
            "index": 28,
            "element": "H",
            "charge": 0.10288146856413682,
            "dipole": [
                -0.016690585141920015,
                -0.03263297334629962,
                0.05214419862453439
            ],
            "quadrupole": [
                [
                    -0.50878444934253,
                    -0.5124379041577014,
                    0.005348700145374188
                ],
                [
                    -0.5124379041577014,
                    0.0034460070576353874,
                    -0.513359529052697
                ],
                [
                    0.005348700145374188,
                    -0.513359529052697,
                    0.008336145546185279
                ]
            ],
            "volume_eff": 2.8749677312504764,
            "alpha_iso": 0.9175428929522798,
            "c6_ii": 0.2702346786492371,
            "c8_ii": 1.7916672089403383,
            "c10_ii": 16.395088499328825,
            "slater_b_init": 67.9603130480697
        },
        {
            "index": 29,
            "element": "H",
            "charge": 0.0997372700617356,
            "dipole": [
                -0.01098214005340345,
                0.06182808155652351,
                -0.008376775280894293
            ],
            "quadrupole": [
                [
                    -0.5094124162093642,
                    -0.5222257088653617,
                    0.0025497987017938694
                ],
                [
                    -0.5222257088653617,
                    0.0023220992788475447,
                    -0.5052653738420144
                ],
                [
                    0.0025497987017938694,
                    -0.5052653738420144,
                    0.010415930039470256
                ]
            ],
            "volume_eff": 2.876824646406263,
            "alpha_iso": 0.9181355254488073,
            "c6_ii": 0.27058387556012464,
            "c8_ii": 1.7947547937118624,
            "c10_ii": 16.43041322725021,
            "slater_b_init": 67.94568769862659
        },
        {
            "index": 30,
            "element": "H",
            "charge": 0.08643935845609096,
            "dipole": [
                0.019421398811677575,
                0.025789007458143175,
                -0.04784853197362323
            ],
            "quadrupole": [
                [
                    -0.5273958564649632,
                    -0.5437222856796144,
                    0.008443697292910014
                ],
                [
                    -0.5437222856796144,
                    0.000643379740348428,
                    -0.5384759316586294
                ],
                [
                    0.008443697292910014,
                    -0.5384759316586294,
                    0.014630630998048394
                ]
            ],
            "volume_eff": 3.0747760588483595,
            "alpha_iso": 0.9813115081430934,
            "c6_ii": 0.3091022120538998,
            "c8_ii": 2.143246166327817,
            "c10_ii": 20.510778901557533,
            "slater_b_init": 66.45513306276506
        },
        {
            "index": 31,
            "element": "H",
            "charge": 0.1009222143646783,
            "dipole": [
                0.007733807126378606,
                -0.05903635939602129,
                0.004437424838379079
            ],
            "quadrupole": [
                [
                    -0.5077903966154051,
                    -0.5257136000907224,
                    0.001666568862780762
                ],
                [
                    -0.5257136000907224,
                    0.003895099871999592,
                    -0.5088160845769955
                ],
                [
                    0.001666568862780762,
                    -0.5088160845769955,
                    0.009388332863715782
                ]
            ],
            "volume_eff": 2.897934959721175,
            "alpha_iso": 0.9248728594854815,
            "c6_ii": 0.2745695674263473,
            "c8_ii": 1.8300899559659327,
            "c10_ii": 16.83575629554505,
            "slater_b_init": 67.78029960414463
        },
        {
            "index": 32,
            "element": "H",
            "charge": 0.08107230118186548,
            "dipole": [
                0.03529739112705395,
                0.0054698297568938434,
                -0.04687732220102123
            ],
            "quadrupole": [
                [
                    -0.5570214475955687,
                    -0.5304731791108567,
                    0.004435516350782774
                ],
                [
                    -0.5304731791108567,
                    0.0008585885380418139,
                    -0.5649724219573995
                ],
                [
                    0.004435516350782774,
                    -0.5649724219573995,
                    -0.00044103184467513825
                ]
            ],
            "volume_eff": 3.191603355700867,
            "alpha_iso": 1.018596815649213,
            "c6_ii": 0.3330373616557856,
            "c8_ii": 2.3673357032145517,
            "c10_ii": 23.225597405236027,
            "slater_b_init": 65.63417911019891
        },
        {
            "index": 33,
            "element": "H",
            "charge": 0.08062057859325589,
            "dipole": [
                -0.055208891344139005,
                0.020528017596858416,
                0.005066380017692853
            ],
            "quadrupole": [
                [
                    -0.5501051592649039,
                    -0.5317214110591262,
                    -0.00024603616038976873
                ],
                [
                    -0.5317214110591262,
                    0.011570657081382812,
                    -0.5537262345967487
                ],
                [
                    -0.00024603616038976873,
                    -0.5537262345967487,
                    -0.001487068955867639
                ]
            ],
            "volume_eff": 3.133938234242083,
            "alpha_iso": 1.000193053481516,
            "c6_ii": 0.32111160185246473,
            "c8_ii": 2.2549862645616057,
            "c10_ii": 21.856064303030454,
            "slater_b_init": 66.03429586774374
        },
        {
            "index": 34,
            "element": "H",
            "charge": 0.11259007904263929,
            "dipole": [
                0.03286093244343509,
                0.005187821224757629,
                0.05067858958671432
            ],
            "quadrupole": [
                [
                    -0.5142656430471534,
                    -0.4900017174103343,
                    -0.0036628555440997392
                ],
                [
                    -0.4900017174103343,
                    0.0026225408699396724,
                    -0.5130282574617491
                ],
                [
                    -0.0036628555440997392,
                    -0.5130282574617491,
                    0.00017144901642157596
                ]
            ],
            "volume_eff": 2.836942842359212,
            "alpha_iso": 0.905407290114642,
            "c6_ii": 0.2631335973556942,
            "c8_ii": 1.7291698013427375,
            "c10_ii": 15.683360904536952,
            "slater_b_init": 68.26260123062023
        }
    ]
}