{
    "molecule": "Est_333",
    "atoms": [
        {
            "index": 0,
            "element": "C",
            "charge": -0.23755735209473272,
            "dipole": [
                0.01062273738581514,
                -0.0005068656668578591,
                0.0047429629033758185
            ],
            "quadrupole": [
                [
                    -4.89337120329514,
                    -4.637097880933795,
                    0.08074150630238937
                ],
                [
                    -4.637097880933795,
                    -0.0340757156662117,
                    -4.737797825260121
                ],
                [
                    0.08074150630238937,
                    -4.737797825260121,
                    -0.05844133437292894
                ]
            ],
            "volume_eff": 35.309604973725904,
            "alpha_iso": 11.092022504835363,
            "c6_ii": 39.81483393990469,
            "c8_ii": 1094.4915791376209,
            "c10_ii": 37695.92459712573,
            "slater_b_init": 35.93008233013887
        },
        {
            "index": 1,
            "element": "C",
            "charge": -0.3678558734346815,
            "dipole": [
                -0.009332254558100871,
                0.015920471030447927,
                -0.029539962351331897
            ],
            "quadrupole": [
                [
                    -5.103109494647389,
                    -4.8510136994900375,
                    0.09991982755406699
                ],
                [
                    -4.8510136994900375,
                    -0.05287776399131625,
                    -4.952834110444261
                ],
                [
                    0.09991982755406699,
                    -4.952834110444261,
                    -0.029239049922320934
                ]
            ],
            "volume_eff": 37.245559366106846,
            "alpha_iso": 11.700175717101626,
            "c6_ii": 44.30045562774405,
            "c8_ii": 1261.9150991401964,
            "c10_ii": 45036.69789970909,
            "slater_b_init": 35.29644761254873
        },
        {
            "index": 2,
            "element": "C",
            "charge": 0.804937418868855,
            "dipole": [
                -0.06508209501130968,
                -0.027314699556720654,
                0.020789374296302704
            ],
            "quadrupole": [
                [
                    -3.089766599176183,
                    -2.983127814963854,
                    0.1183227049323277
                ],
                [
                    -2.983127814963854,
                    -0.04773406983891128,
                    -3.0954584837108423
                ],
                [
                    0.1183227049323277,
                    -3.0954584837108423,
                    0.01066164552786786
                ]
            ],
            "volume_eff": 20.63414451528479,
            "alpha_iso": 6.481930214225589,
            "c6_ii": 13.596656524148761,
            "c8_ii": 261.253458516005,
            "c10_ii": 6289.359647825964,
            "slater_b_init": 42.976100773955
        },
        {
            "index": 3,
            "element": "O",
            "charge": -0.5786174939817617,
            "dipole": [
                0.03546173904427406,
                -0.04532619379663566,
                0.09006920544561656
            ],
            "quadrupole": [
                [
                    -4.421322103514764,
                    -4.3068932411624505,
                    0.05439681070368148
                ],
                [
                    -4.3068932411624505,
                    -0.035048439585571085,
                    -4.360682316384066
                ],
                [
                    0.05439681070368148,
                    -4.360682316384066,
                    0.0015684201393539967
                ]
            ],
            "volume_eff": 25.52598366241443,
            "alpha_iso": 7.615486838510383,
            "c6_ii": 31.026473960404243,
            "c8_ii": 1350.633524678147,
            "c10_ii": 56617.69857875491,
            "slater_b_init": 32.99390756655869
        },
        {
            "index": 4,
            "element": "O",
            "charge": -0.38650528097265635,
            "dipole": [
                -0.09306165213347085,
                -0.02865048873454707,
                0.022470820287776368
            ],
            "quadrupole": [
                [
                    -4.00001697335801,
                    -4.046045660357003,
                    0.02303593050699612
                ],
                [
                    -4.046045660357003,
                    0.004516234813817673,
                    -4.082191552589111
                ],
                [
                    0.02303593050699612,
                    -4.082191552589111,
                    -0.009959294459496667
                ]
            ],
            "volume_eff": 22.97937653694028,
            "alpha_iso": 6.8557255966562165,
            "c6_ii": 25.14455370108699,
            "c8_ii": 1020.5153405162035,
            "c10_ii": 39884.55281976514,
            "slater_b_init": 34.17027719330959
        },
        {
            "index": 5,
            "element": "C",
            "charge": 0.03314344175250916,
            "dipole": [
                0.07417163256792775,
                0.08879053354307741,
                -0.09250258621913025
            ],
            "quadrupole": [
                [
                    -4.258636513207762,
                    -4.244119144714995,
                    -0.0032001706864709227
                ],
                [
                    -4.244119144714995,
                    0.05382198773902383,
                    -4.325106244432351
                ],
                [
                    -0.0032001706864709227,
                    -4.325106244432351,
                    -0.10013899501708991
                ]
            ],
            "volume_eff": 31.186763879868042,
            "alpha_iso": 9.796889176921898,
            "c6_ii": 31.059882983276715,
            "c8_ii": 785.9935217026747,
            "c10_ii": 24920.260484119026,
            "slater_b_init": 37.44832477423886
        },
        {
            "index": 6,
            "element": "C",
            "charge": -0.028083102296237783,
            "dipole": [
                -0.03814769245027434,
                0.02998118536991758,
                0.025072392185501897
            ],
            "quadrupole": [
                [
                    -4.339857235940722,
                    -4.357213181059881,
                    0.007920717134837213
                ],
                [
                    -4.357213181059881,
                    0.02089402187414558,
                    -4.327960156449186
                ],
                [
                    0.007920717134837213,
                    -4.327960156449186,
                    -0.01401367009774108
                ]
            ],
            "volume_eff": 31.607225251744293,
            "alpha_iso": 9.928971283270458,
            "c6_ii": 31.90303011576971,
            "c8_ii": 814.5700876409799,
            "c10_ii": 26057.901731177448,
            "slater_b_init": 37.28152837419322
        },
        {
            "index": 7,
            "element": "C",
            "charge": -0.4429352861793685,
            "dipole": [
                0.012551216830926182,
                -0.0729381886120562,
                0.014749070919625138
            ],
            "quadrupole": [
                [
                    -5.103519073379822,
                    -5.180280770244425,
                    -0.0007847396337318162
                ],
                [
                    -5.180280770244425,
                    0.02688977234021006,
                    -5.115008658515752
                ],
                [
                    -0.0007847396337318162,
                    -5.115008658515752,
                    4.345229132043762e-05
                ]
            ],
            "volume_eff": 38.99087316184848,
            "alpha_iso": 12.248441830947165,
            "c6_ii": 48.54953924675061,
            "c8_ii": 1425.8243582695936,
            "c10_ii": 52464.00088161387,
            "slater_b_init": 34.76174037987895
        },
        {
            "index": 8,
            "element": "C",
            "charge": -0.44797418704751735,
            "dipole": [
                0.04927175256694736,
                0.04631268532176607,
                -0.02428608228280687
            ],
            "quadrupole": [
                [
                    -5.177418730921596,
                    -5.126899635170658,
                    0.012848359892009194
                ],
                [
                    -5.126899635170658,
                    -0.021136160148661265,
                    -5.142392312493258
                ],
                [
                    0.012848359892009194,
                    -5.142392312493258,
                    0.02596744809599901
                ]
            ],
            "volume_eff": 39.158271902678344,
            "alpha_iso": 12.301027822830893,
            "c6_ii": 48.96730766812211,
            "c8_ii": 1442.206718887605,
            "c10_ii": 53218.57757246455,
            "slater_b_init": 34.71213499579885
        },
        {
            "index": 9,
            "element": "H",
            "charge": 0.17787688239294286,
            "dipole": [
                0.008643291059895067,
                -0.027355913475906275,
                0.04925147473753682
            ],
            "quadrupole": [
                [
                    -0.44519930323667495,
                    -0.4511558806939713,
                    0.0006968510218871572
                ],
                [
                    -0.4511558806939713,
                    -0.0004890823095856597,
                    -0.45103771022261374
                ],
                [
                    0.0006968510218871572,
                    -0.45103771022261374,
                    0.002762948730278229
                ]
            ],
            "volume_eff": 2.466213426581271,
            "alpha_iso": 0.7870893914621078,
            "c6_ii": 0.1988549686908268,
            "c8_ii": 1.1902855667842174,
            "c10_ii": 9.833452922793839,
            "slater_b_init": 71.52471614738575
        },
        {
            "index": 10,
            "element": "H",
            "charge": 0.1587966567200254,
            "dipole": [
                0.03268160926989887,
                0.02848496403325206,
                -0.035363561854809065
            ],
            "quadrupole": [
                [
                    -0.45998589506083704,
                    -0.46626309923094716,
                    -0.001984966982366147
                ],
                [
                    -0.46626309923094716,
                    -0.0007506584390809373,
                    -0.46226124817501146
                ],
                [
                    -0.001984966982366147,
                    -0.46226124817501146,
                    0.0038356891589370733
                ]
            ],
            "volume_eff": 2.5451302474641353,
            "alpha_iso": 0.8122756108928091,
            "c6_ii": 0.2117849798683141,
            "c8_ii": 1.2945816480022314,
            "c10_ii": 10.922043234986965,
            "slater_b_init": 70.77768573227276
        },
        {
            "index": 11,
            "element": "H",
            "charge": 0.18773191080108353,
            "dipole": [
                -0.011277112754493456,
                0.022109254614223126,
                -0.041575176559903865
            ],
            "quadrupole": [
                [
                    -0.4272657152125717,
                    -0.4372252217072914,
                    -0.001928816787408025
                ],
                [
                    -0.4372252217072914,
                    0.004510300706327301,
                    -0.4372596312006956
                ],
                [
                    -0.001928816787408025,
                    -0.4372596312006956,
                    -0.0028578820460124343
                ]
            ],
            "volume_eff": 2.3571857167607297,
            "alpha_iso": 0.7522933138598074,
            "c6_ii": 0.1816614318769437,
            "c8_ii": 1.0550820039378717,
            "c10_ii": 8.457652807186314,
            "slater_b_init": 72.61089032496282
        },
        {
            "index": 12,
            "element": "H",
            "charge": 0.09691485741832984,
            "dipole": [
                0.009694334717698183,
                -0.06209765558607251,
                -0.005489538602209597
            ],
            "quadrupole": [
                [
                    -0.512200231402127,
                    -0.531437356639522,
                    -0.0005671896908270744
                ],
                [
                    -0.531437356639522,
                    0.006639733405763431,
                    -0.5248643142431696
                ],
                [
                    -0.0005671896908270744,
                    -0.5248643142431696,
                    -0.008059004625812676
                ]
            ],
            "volume_eff": 2.9715464195923937,
            "alpha_iso": 0.9483658785933171,
            "c6_ii": 0.2886956028602708,
            "c8_ii": 1.9566934762938477,
            "c10_ii": 18.303981997480463,
            "slater_b_init": 67.21592649126931
        },
        {
            "index": 13,
            "element": "H",
            "charge": 0.10108079507087586,
            "dipole": [
                -0.009852950725143327,
                0.030536411248837613,
                0.05214316137036856
            ],
            "quadrupole": [
                [
                    -0.510403146692541,
                    -0.5213587472214827,
                    -0.006188279649424602
                ],
                [
                    -0.5213587472214827,
                    0.0088376084495251,
                    -0.5288765267015206
                ],
                [
                    -0.006188279649424602,
                    -0.5288765267015206,
                    -0.0037876305810367787
                ]
            ],
            "volume_eff": 2.9592870647343066,
            "alpha_iso": 0.9444533185322255,
            "c6_ii": 0.2863184425067885,
            "c8_ii": 1.9352407579568964,
            "c10_ii": 18.0534761376285,
            "slater_b_init": 67.30861645361023
        },
        {
            "index": 14,
            "element": "H",
            "charge": 0.11048230700204387,
            "dipole": [
                0.0029320418250927487,
                -0.012417816481806575,
                -0.048238647343756165
            ],
            "quadrupole": [
                [
                    -0.4965110653216254,
                    -0.4984888638171979,
                    -0.009433816642441516
                ],
                [
                    -0.4984888638171979,
                    0.002021027429118758,
                    -0.5209048117057344
                ],
                [
                    -0.009433816642441516,
                    -0.5209048117057344,
                    0.005098225579368291
                ]
            ],
            "volume_eff": 2.834719572938252,
            "alpha_iso": 0.9046977360441231,
            "c6_ii": 0.26272133128009145,
            "c8_ii": 1.7255584959607553,
            "c10_ii": 15.642428969861015,
            "slater_b_init": 68.28044267731657
        },
        {
            "index": 15,
            "element": "H",
            "charge": 0.13170492536256906,
            "dipole": [
                -0.0048886923537571295,
                0.010759604999826347,
                0.043907078713221914
            ],
            "quadrupole": [
                [
                    -0.5086417838410232,
                    -0.4996367782965717,
                    -0.005926686311489341
                ],
                [
                    -0.4996367782965717,
                    -0.0011686712983823347,
                    -0.5171583674371926
                ],
                [
                    -0.005926686311489341,
                    -0.5171583674371926,
                    0.0014710404859907603
                ]
            ],
            "volume_eff": 2.9099939629504514,
            "alpha_iso": 0.9287214775373782,
            "c6_ii": 0.2768594216520924,
            "c8_ii": 1.85046829260814,
            "c10_ii": 17.070417522905405,
            "slater_b_init": 67.68654287953696
        },
        {
            "index": 16,
            "element": "H",
            "charge": 0.14089826781942416,
            "dipole": [
                0.04042544462849021,
                0.016177039828385403,
                -0.022487902781545
            ],
            "quadrupole": [
                [
                    -0.499018945775761,
                    -0.49100996750905973,
                    0.0017775775627062607
                ],
                [
                    -0.49100996750905973,
                    -0.006084133416090407,
                    -0.496858844467858
                ],
                [
                    0.0017775775627062607,
                    -0.496858844467858,
                    0.0011824870334776038
                ]
            ],
            "volume_eff": 2.8077718668785296,
            "alpha_iso": 0.896097404322935,
            "c6_ii": 0.25775005566533143,
            "c8_ii": 1.682161136691887,
            "c10_ii": 15.152230824088182,
            "slater_b_init": 68.4981889991896
        },
        {
            "index": 17,
            "element": "H",
            "charge": 0.13518676177220368,
            "dipole": [
                -0.03899312702223964,
                -0.0031596993418037717,
                -0.025172413013728717
            ],
            "quadrupole": [
                [
                    -0.509300317392446,
                    -0.4919500404170719,
                    0.0018047869309385826
                ],
                [
                    -0.4919500404170719,
                    0.0013516527507545268,
                    -0.5031716699219018
                ],
                [
                    0.0018047869309385826,
                    -0.5031716699219018,
                    -0.002468700494389349
                ]
            ],
            "volume_eff": 2.8489586231884787,
            "alpha_iso": 0.9092421137835571,
            "c6_ii": 0.26536730565947364,
            "c8_ii": 1.7487690486132594,
            "c10_ii": 15.905878339156093,
            "slater_b_init": 68.16649777593261
        },
        {
            "index": 18,
            "element": "H",
            "charge": 0.13823882594144132,
            "dipole": [
                -0.0025892685842182077,
                0.01995708179074143,
                0.040959066579957355
            ],
            "quadrupole": [
                [
                    -0.4943247298267643,
                    -0.4967424090003579,
                    -0.00508947075448474
                ],
                [
                    -0.4967424090003579,
                    0.005696293084926996,
                    -0.5073278128364891
                ],
                [
                    -0.00508947075448474,
                    -0.5073278128364891,
                    -0.00045846021782557154
                ]
            ],
            "volume_eff": 2.841390681961744,
            "alpha_iso": 0.906826813392046,
            "c6_ii": 0.2639593408229146,
            "c8_ii": 1.7364086942076722,
            "c10_ii": 15.765473659372995,
            "slater_b_init": 68.22696379107916
        },
        {
            "index": 19,
            "element": "H",
            "charge": 0.14423604792754596,
            "dipole": [
                -0.0339655046156726,
                0.010867956982972198,
                -0.0301526536020788
            ],
            "quadrupole": [
                [
                    -0.494151779992348,
                    -0.48839625732065284,
                    -0.0029470455349727863
                ],
                [
                    -0.48839625732065284,
                    0.004992368664262294,
                    -0.48875278477724476
                ],
                [
                    -0.0029470455349727863,
                    -0.48875278477724476,
                    -0.0057851045758158665
                ]
            ],
            "volume_eff": 2.7670295028048812,
            "alpha_iso": 0.8830945221717706,
            "c6_ii": 0.2503241273127714,
            "c8_ii": 1.6178547160316155,
            "c10_ii": 14.431666447944265,
            "slater_b_init": 68.83274654082867
        },
        {
            "index": 20,
            "element": "H",
            "charge": 0.1328505386458516,
            "dipole": [
                0.01700748203966827,
                -0.044802325439922325,
                -0.0030944282190567174
            ],
            "quadrupole": [
                [
                    -0.4987632473076105,
                    -0.5123900734889123,
                    0.0007574851277237682
                ],
                [
                    -0.5123900734889123,
                    0.0037392544879020625,
                    -0.5030934586710928
                ],
                [
                    0.0007574851277237682,
                    -0.5030934586710928,
                    -0.004380283961377968
                ]
            ],
            "volume_eff": 2.874560736677906,
            "alpha_iso": 0.9174130010674169,
            "c6_ii": 0.2701581725643905,
            "c8_ii": 1.7909909228027903,
            "c10_ii": 16.387353212454784,
            "slater_b_init": 67.96352028282175
        }
    ]
}