{
    "molecule": "LCarb_33",
    "atoms": [
        {
            "index": 0,
            "element": "C",
            "charge": -0.37468880518740555,
            "dipole": [
                0.028856276506779396,
                0.015011640848087704,
                -0.034039543983831334
            ],
            "quadrupole": [
                [
                    -5.090213383447922,
                    -5.063647957554015,
                    0.0545594443167893
                ],
                [
                    -5.063647957554015,
                    -0.00749607160028881,
                    -5.04048814258553
                ],
                [
                    0.0545594443167893,
                    -5.04048814258553,
                    0.09703541027249149
                ]
            ],
            "volume_eff": 38.32824187022146,
            "alpha_iso": 12.04028540425805,
            "c6_ii": 46.913408499341024,
            "c8_ii": 1362.1194571981173,
            "c10_ii": 49550.479924581734,
            "slater_b_init": 34.96092106388715
        },
        {
            "index": 1,
            "element": "C",
            "charge": -0.15638534364605405,
            "dipole": [
                -0.06240877491250576,
                0.006824202954973961,
                0.011769628145185273
            ],
            "quadrupole": [
                [
                    -4.6488927835112195,
                    -4.636629948369011,
                    0.040621349393719204
                ],
                [
                    -4.636629948369011,
                    0.04153638120331867,
                    -4.580376405555388
                ],
                [
                    0.040621349393719204,
                    -4.580376405555388,
                    0.12550523837616812
                ]
            ],
            "volume_eff": 34.23705859224903,
            "alpha_iso": 10.755096939973516,
            "c6_ii": 37.43278010257924,
            "c8_ii": 1008.0652799817773,
            "c10_ii": 34012.588950863574,
            "slater_b_init": 36.30142582285151
        },
        {
            "index": 2,
            "element": "C",
            "charge": 0.06859906754510536,
            "dipole": [
                -0.08771906462193133,
                -0.10483367154112555,
                -0.06415676663082073
            ],
            "quadrupole": [
                [
                    -4.153178776994742,
                    -4.237403855209934,
                    -0.016905513131824732
                ],
                [
                    -4.237403855209934,
                    0.09639453318662013,
                    -4.167868201255933
                ],
                [
                    -0.016905513131824732,
                    -4.167868201255933,
                    0.041753038122202206
                ]
            ],
            "volume_eff": 30.23654863668301,
            "alpha_iso": 9.49839224188995,
            "c6_ii": 29.196018134896224,
            "c8_ii": 723.7424494062695,
            "c10_ii": 22478.065209128545,
            "slater_b_init": 37.83657002400328
        },
        {
            "index": 3,
            "element": "O",
            "charge": -0.4130983383555975,
            "dipole": [
                0.10056081582074153,
                -0.010184263949884413,
                -0.002005002270327426
            ],
            "quadrupole": [
                [
                    -4.005748484405008,
                    -4.113830658559714,
                    -0.015538785307030257
                ],
                [
                    -4.113830658559714,
                    0.0017235306443177645,
                    -4.08407044620715
                ],
                [
                    -0.015538785307030257,
                    -4.08407044620715,
                    0.0018957443728606052
                ]
            ],
            "volume_eff": 23.139553743697135,
            "alpha_iso": 6.90351327160025,
            "c6_ii": 25.496314460291778,
            "c8_ii": 1039.5949740140675,
            "c10_ii": 40818.82690468825,
            "slater_b_init": 34.09124977635442
        },
        {
            "index": 4,
            "element": "C",
            "charge": 0.9855775348215658,
            "dipole": [
                -7.844804186399386e-05,
                -0.04097026827336836,
                -0.019889114450972942
            ],
            "quadrupole": [
                [
                    -2.9067966574499926,
                    -2.91913890175608,
                    -0.06817622080913202
                ],
                [
                    -2.91913890175608,
                    0.003608838095757687,
                    -2.799652917180049
                ],
                [
                    -0.06817622080913202,
                    -2.799652917180049,
                    -0.010633538018244206
                ]
            ],
            "volume_eff": 19.392878754551777,
            "alpha_iso": 6.092003797241395,
            "c6_ii": 12.010020683174492,
            "c8_ii": 221.41696151032812,
            "c10_ii": 5114.373931165787,
            "slater_b_init": 43.87411856813858
        },
        {
            "index": 5,
            "element": "O",
            "charge": -0.6550248417561129,
            "dipole": [
                -0.0008109850132246262,
                0.15253407006098543,
                0.06954200737163722
            ],
            "quadrupole": [
                [
                    -4.526046362744927,
                    -4.4726974483712905,
                    -0.030915077423928572
                ],
                [
                    -4.4726974483712905,
                    0.003230393918930232,
                    -4.415210696631192
                ],
                [
                    -0.030915077423928572,
                    -4.415210696631192,
                    -0.008159032466822655
                ]
            ],
            "volume_eff": 26.369032763339,
            "alpha_iso": 7.8670042498359445,
            "c6_ii": 33.10974593704438,
            "c8_ii": 1472.8847300762352,
            "c10_ii": 63094.46395233311,
            "slater_b_init": 32.63847428601598
        },
        {
            "index": 6,
            "element": "O",
            "charge": -0.4182973905113485,
            "dipole": [
                -0.1061158657060605,
                -0.004164363250754717,
                -0.01078953660487625
            ],
            "quadrupole": [
                [
                    -4.011134272870511,
                    -4.1188943247697924,
                    -0.01364355745560147
                ],
                [
                    -4.1188943247697924,
                    -0.004043802259448762,
                    -4.095709861972456
                ],
                [
                    -0.01364355745560147,
                    -4.095709861972456,
                    0.0026910042411337136
                ]
            ],
            "volume_eff": 23.19265283398191,
            "alpha_iso": 6.919354989143774,
            "c6_ii": 25.61346317099814,
            "c8_ii": 1045.968725496547,
            "c10_ii": 41131.89130369499,
            "slater_b_init": 34.06521282972383
        },
        {
            "index": 7,
            "element": "C",
            "charge": 0.10619038944404835,
            "dipole": [
                0.08093152585987266,
                -0.12565230841985311,
                -0.05159627804749632
            ],
            "quadrupole": [
                [
                    -4.106824933294491,
                    -4.1753425061117175,
                    -0.031625099512434404
                ],
                [
                    -4.1753425061117175,
                    -0.09255459246045852,
                    -4.139542715004074
                ],
                [
                    -0.031625099512434404,
                    -4.139542715004074,
                    -0.04154623452925773
                ]
            ],
            "volume_eff": 29.864853697344177,
            "alpha_iso": 9.381629433720683,
            "c6_ii": 28.48262250524367,
            "c8_ii": 700.2597722801656,
            "c10_ii": 21570.133955351404,
            "slater_b_init": 37.99289331599085
        },
        {
            "index": 8,
            "element": "C",
            "charge": -0.4875114206504305,
            "dipole": [
                0.04909636600626347,
                0.019448959876802986,
                0.013365520325387167
            ],
            "quadrupole": [
                [
                    -5.135534714717115,
                    -5.167009966662115,
                    -0.017704620474848123
                ],
                [
                    -5.167009966662115,
                    -0.04781863788861194,
                    -5.148023873333462
                ],
                [
                    -0.017704620474848123,
                    -5.148023873333462,
                    -0.021088671254650578
                ]
            ],
            "volume_eff": 38.796623809447226,
            "alpha_iso": 12.187421091972949,
            "c6_ii": 48.067004526978664,
            "c8_ii": 1406.9606697576141,
            "c10_ii": 51597.81559414864,
            "slater_b_init": 34.81965957160661
        },
        {
            "index": 9,
            "element": "H",
            "charge": 0.17400724925825561,
            "dipole": [
                0.031423396882281095,
                -0.03919463786584247,
                -0.0073170467161365665
            ],
            "quadrupole": [
                [
                    -0.4520530562746256,
                    -0.4477446515736618,
                    -0.004996870092331962
                ],
                [
                    -0.4477446515736618,
                    0.002861522601947407,
                    -0.4510709071413178
                ],
                [
                    -0.004996870092331962,
                    -0.4510709071413178,
                    -0.004234751260605967
                ]
            ],
            "volume_eff": 2.465984706411926,
            "alpha_iso": 0.7870163956633807,
            "c6_ii": 0.19881808621132657,
            "c8_ii": 1.1899912194269453,
            "c10_ii": 9.830413356612906,
            "slater_b_init": 71.52692738567967
        },
        {
            "index": 10,
            "element": "H",
            "charge": 0.16858436239994,
            "dipole": [
                0.0005128528684056334,
                0.045155017530001305,
                -0.01948111341044881
            ],
            "quadrupole": [
                [
                    -0.45411788526726926,
                    -0.4638871197356981,
                    0.00044943250472610324
                ],
                [
                    -0.4638871197356981,
                    -0.0006869319652813898,
                    -0.4594893729213353
                ],
                [
                    0.00044943250472610324,
                    -0.4594893729213353,
                    -0.005425089981804406
                ]
            ],
            "volume_eff": 2.5379967681006184,
            "alpha_iso": 0.8099989685427507,
            "c6_ii": 0.21059946364257182,
            "c8_ii": 1.284928373483359,
            "c10_ii": 10.820335643658545,
            "slater_b_init": 70.84393468317037
        },
        {
            "index": 11,
            "element": "H",
            "charge": 0.14982979981299582,
            "dipole": [
                -0.0005162759433443797,
                -0.05034938146506313,
                0.017766938904067036
            ],
            "quadrupole": [
                [
                    -0.4631747784229482,
                    -0.47488536203620507,
                    0.0020972485165961985
                ],
                [
                    -0.47488536203620507,
                    -0.006338544257891757,
                    -0.473223501689893
                ],
                [
                    0.0020972485165961985,
                    -0.473223501689893,
                    -0.008299031804840878
                ]
            ],
            "volume_eff": 2.6011046049484334,
            "alpha_iso": 0.8301397675367341,
            "c6_ii": 0.2212028749974632,
            "c8_ii": 1.3719035960699022,
            "c10_ii": 11.74347362596852,
            "slater_b_init": 70.26630064542633
        },
        {
            "index": 12,
            "element": "H",
            "charge": 0.10867818189345735,
            "dipole": [
                0.008786667627943858,
                0.04884314021898841,
                -0.03901052410118082
            ],
            "quadrupole": [
                [
                    -0.495587271762676,
                    -0.5162995202370433,
                    0.0042097774564055545
                ],
                [
                    -0.5162995202370433,
                    0.0026936192331724557,
                    -0.5115703984198607
                ],
                [
                    0.0042097774564055545,
                    -0.5115703984198607,
                    0.005384485163210614
                ]
            ],
            "volume_eff": 2.858698766452853,
            "alpha_iso": 0.9123506701445276,
            "c6_ii": 0.26718490590299243,
            "c8_ii": 1.7647578862332753,
            "c10_ii": 16.08786813190363,
            "slater_b_init": 68.08899083895226
        },
        {
            "index": 13,
            "element": "H",
            "charge": 0.1036305445759016,
            "dipole": [
                0.004543221758078673,
                0.0005546223041532663,
                0.06498760467007267
            ],
            "quadrupole": [
                [
                    -0.5003919073599226,
                    -0.515363727184207,
                    -0.0010496056450776561
                ],
                [
                    -0.515363727184207,
                    0.00703911419994941,
                    -0.5225687511524454
                ],
                [
                    -0.0010496056450776561,
                    -0.5225687511524454,
                    0.003836079253077056
                ]
            ],
            "volume_eff": 2.887127176838529,
            "alpha_iso": 0.9214235670761264,
            "c6_ii": 0.2725253844326619,
            "c8_ii": 1.8119457308704543,
            "c10_ii": 16.627370201109525,
            "slater_b_init": 67.8647714132131
        },
        {
            "index": 14,
            "element": "H",
            "charge": 0.09224355612595347,
            "dipole": [
                -0.003917091903424255,
                0.04942828668329104,
                -0.04329554655175459
            ],
            "quadrupole": [
                [
                    -0.5080160344546244,
                    -0.531215877825105,
                    0.0029600603119072956
                ],
                [
                    -0.531215877825105,
                    -0.006439804290259837,
                    -0.5261543552825062
                ],
                [
                    0.0029600603119072956,
                    -0.5261543552825062,
                    -0.0022575940412494174
                ]
            ],
            "volume_eff": 2.9458262991777713,
            "alpha_iso": 0.9401573295248207,
            "c6_ii": 0.283719640873337,
            "c8_ii": 1.9118556849532382,
            "c10_ii": 17.781195916432733,
            "slater_b_init": 67.4109815059652
        },
        {
            "index": 15,
            "element": "H",
            "charge": 0.09216713859568748,
            "dipole": [
                -0.012076250165762926,
                -5.377942467173439e-07,
                0.06452816138936156
            ],
            "quadrupole": [
                [
                    -0.5085690124471854,
                    -0.5248173407297487,
                    -0.0023468983679771627
                ],
                [
                    -0.5248173407297487,
                    -0.00664107539943917,
                    -0.5324524881907287
                ],
                [
                    -0.0023468983679771627,
                    -0.5324524881907287,
                    -0.0006802345933175466
                ]
            ],
            "volume_eff": 2.9474334578165005,
            "alpha_iso": 0.9406702524946278,
            "c6_ii": 0.2840293039769874,
            "c8_ii": 1.9146384265435725,
            "c10_ii": 17.8135528779095,
            "slater_b_init": 67.39872679459504
        },
        {
            "index": 16,
            "element": "H",
            "charge": 0.15392927522744404,
            "dipole": [
                -0.04007281988955061,
                0.02429842681561559,
                0.007959161640815993
            ],
            "quadrupole": [
                [
                    -0.483799661832859,
                    -0.47680081213074993,
                    0.0032017603644916934
                ],
                [
                    -0.47680081213074993,
                    0.006028355462646689,
                    -0.48120311078412387
                ],
                [
                    0.0032017603644916934,
                    -0.48120311078412387,
                    0.0026021748350394482
                ]
            ],
            "volume_eff": 2.693228011500272,
            "alpha_iso": 0.8595408547341293,
            "c6_ii": 0.23714904327017308,
            "c8_ii": 1.5053277719692577,
            "c10_ii": 13.18806036124029,
            "slater_b_init": 69.455821859362
        },
        {
            "index": 17,
            "element": "H",
            "charge": 0.15047663860001181,
            "dipole": [
                0.013765336545436163,
                -0.00774704493137479,
                -0.04370191235556808
            ],
            "quadrupole": [
                [
                    -0.47704803384970274,
                    -0.4819023520627034,
                    -0.0021931472660386185
                ],
                [
                    -0.4819023520627034,
                    0.005055235278272806,
                    -0.49039944421963355
                ],
                [
                    -0.0021931472660386185,
                    -0.49039944421963355,
                    -0.0001367904867450737
                ]
            ],
            "volume_eff": 2.712143857844758,
            "alpha_iso": 0.8655778269717314,
            "c6_ii": 0.24049196713793472,
            "c8_ii": 1.533686769651818,
            "c10_ii": 13.4993520227987,
            "slater_b_init": 69.29397179835459
        },
        {
            "index": 18,
            "element": "H",
            "charge": 0.1499992436413058,
            "dipole": [
                0.008681676663168509,
                -0.038942840876024724,
                0.02416535649646689
            ],
            "quadrupole": [
                [
                    -0.47831919699519926,
                    -0.49033341076187426,
                    0.00404228432736582
                ],
                [
                    -0.49033341076187426,
                    0.0023198532363777106,
                    -0.48263414980151653
                ],
                [
                    0.00404228432736582,
                    -0.48263414980151653,
                    0.004694597035156144
                ]
            ],
            "volume_eff": 2.7171629065727467,
            "alpha_iso": 0.8671796510338554,
            "c6_ii": 0.24138289168329852,
            "c8_ii": 1.5412670209137251,
            "c10_ii": 13.582804217972386,
            "slater_b_init": 69.25127969697883
        }
    ]
}