{
    "molecule": "EP",
    "atoms": [
        {
            "index": 0,
            "element": "C",
            "charge": -0.4901974285641355,
            "dipole": [
                0.05177509720206494,
                0.01581234778459158,
                0.0030314767286224787
            ],
            "quadrupole": [
                [
                    -5.174106723995507,
                    -5.17378346790656,
                    -0.0011356602383112073
                ],
                [
                    -5.17378346790656,
                    -0.0536958708675676,
                    -5.147575134453897
                ],
                [
                    -0.0011356602383112073,
                    -5.147575134453897,
                    0.0024300393064953423
                ]
            ],
            "volume_eff": 38.97733872331177,
            "alpha_iso": 12.244190174862336,
            "c6_ii": 48.515840247082664,
            "c8_ii": 1424.50492809893,
            "c10_ii": 52403.32144358581,
            "slater_b_init": 34.76576345421016
        },
        {
            "index": 1,
            "element": "C",
            "charge": 0.10007626975614414,
            "dipole": [
                0.05397141266278828,
                -0.14557823740652034,
                0.009037106760400778
            ],
            "quadrupole": [
                [
                    -4.155956001686074,
                    -4.172780389750191,
                    -0.004099513115955902
                ],
                [
                    -4.172780389750191,
                    -0.10971929815703756,
                    -4.132799302082457
                ],
                [
                    -0.004099513115955902,
                    -4.132799302082457,
                    0.003933226868348239
                ]
            ],
            "volume_eff": 29.99987004360309,
            "alpha_iso": 9.424042945634477,
            "c6_ii": 28.740739455265235,
            "c8_ii": 708.7337751155454,
            "c10_ii": 21896.907394297745,
            "slater_b_init": 37.93581110876448
        },
        {
            "index": 2,
            "element": "O",
            "charge": -0.4024824951283854,
            "dipole": [
                -0.09333924362270501,
                0.026489769686122197,
                -0.005973906162740805
            ],
            "quadrupole": [
                [
                    -4.026993308430094,
                    -4.113855289702916,
                    0.002155150922526987
                ],
                [
                    -4.113855289702916,
                    -0.01322126420078011,
                    -4.070530224534818
                ],
                [
                    0.002155150922526987,
                    -4.070530224534818,
                    0.002843677209786006
                ]
            ],
            "volume_eff": 23.196849648487216,
            "alpha_iso": 6.920607077449224,
            "c6_ii": 25.622733751675874,
            "c8_ii": 1046.473528890325,
            "c10_ii": 41156.70654227653,
            "slater_b_init": 34.06315832657345
        },
        {
            "index": 3,
            "element": "C",
            "charge": 0.7874117612566369,
            "dipole": [
                -0.05941550023706696,
                0.03671984226702459,
                -0.005944890389637481
            ],
            "quadrupole": [
                [
                    -3.1353933386689827,
                    -3.232196352561109,
                    0.01689053893468451
                ],
                [
                    -3.232196352561109,
                    0.038074652465384856,
                    -2.9337970446113677
                ],
                [
                    0.01689053893468451,
                    -2.9337970446113677,
                    -0.016179641895758885
                ]
            ],
            "volume_eff": 21.048964253216248,
            "alpha_iso": 6.612240079544371,
            "c6_ii": 14.14883402305719,
            "c8_ii": 275.49480613736006,
            "c10_ii": 6720.794849521208,
            "slater_b_init": 42.6919103202904
        },
        {
            "index": 4,
            "element": "O",
            "charge": -0.5699254965878033,
            "dipole": [
                0.040132221290440896,
                0.10286838314638101,
                -0.0015719286347976107
            ],
            "quadrupole": [
                [
                    -4.410181431419936,
                    -4.3909546602224525,
                    0.006215932704242035
                ],
                [
                    -4.3909546602224525,
                    0.016567264112481436,
                    -4.256814246130368
                ],
                [
                    0.006215932704242035,
                    -4.256814246130368,
                    -0.010716892846101594
                ]
            ],
            "volume_eff": 25.447784948143482,
            "alpha_iso": 7.592156835357724,
            "c6_ii": 30.836666270152136,
            "c8_ii": 1339.6279175187985,
            "c10_ii": 56041.60209979094,
            "slater_b_init": 33.02766876127926
        },
        {
            "index": 5,
            "element": "C",
            "charge": -0.42952187632048044,
            "dipole": [
                0.10507645173628063,
                0.016476174947563312,
                0.006325711326540659
            ],
            "quadrupole": [
                [
                    -5.100407483955464,
                    -5.065850800479751,
                    0.005985458570914245
                ],
                [
                    -5.065850800479751,
                    -0.01961610207676084,
                    -4.931884546834143
                ],
                [
                    0.005985458570914245,
                    -4.931884546834143,
                    -0.01039419980818611
                ]
            ],
            "volume_eff": 37.68006402052033,
            "alpha_iso": 11.836669325817903,
            "c6_ii": 45.340098041389886,
            "c8_ii": 1301.554883769793,
            "c10_ii": 46811.97635870022,
            "slater_b_init": 35.16025002206356
        },
        {
            "index": 6,
            "element": "C",
            "charge": -0.3904745177622395,
            "dipole": [
                -0.08948517611445653,
                -0.03721978421944948,
                -0.004067481338727593
            ],
            "quadrupole": [
                [
                    -5.0721996020405475,
                    -5.006765279799341,
                    0.0007534162500312075
                ],
                [
                    -5.006765279799341,
                    -0.0230406340793135,
                    -4.97514575822392
                ],
                [
                    0.0007534162500312075,
                    -4.97514575822392,
                    -0.0038918224505884846
                ]
            ],
            "volume_eff": 37.756629381699035,
            "alpha_iso": 11.860721271737916,
            "c6_ii": 45.524546134728496,
            "c8_ii": 1308.6194748991554,
            "c10_ii": 47129.79963149209,
            "slater_b_init": 35.13646718755283
        },
        {
            "index": 7,
            "element": "H",
            "charge": 0.14793294134219304,
            "dipole": [
                0.0040786226711479814,
                -0.024600538131819658,
                0.03872783406986321
            ],
            "quadrupole": [
                [
                    -0.47995572319631025,
                    -0.4894744800442731,
                    0.004898466219278365
                ],
                [
                    -0.4894744800442731,
                    0.0024786874107386656,
                    -0.4902840909231417
                ],
                [
                    0.004898466219278365,
                    -0.4902840909231417,
                    0.00425855511452656
                ]
            ],
            "volume_eff": 2.7390959986519716,
            "alpha_iso": 0.8741795740378633,
            "c6_ii": 0.24529553233692006,
            "c8_ii": 1.5746671078581027,
            "c10_ii": 13.951728892378865,
            "slater_b_init": 69.0659427622748
        },
        {
            "index": 8,
            "element": "H",
            "charge": 0.1478527884030052,
            "dipole": [
                0.008633755329382355,
                -0.027898119582523247,
                -0.03573665224370427
            ],
            "quadrupole": [
                [
                    -0.47921555164184904,
                    -0.4904234696134004,
                    -0.00475675591020556
                ],
                [
                    -0.4904234696134004,
                    0.0028472502774427415,
                    -0.4903195115293513
                ],
                [
                    -0.00475675591020556,
                    -0.4903195115293513,
                    -0.0031017073790920078
                ]
            ],
            "volume_eff": 2.7395014278951026,
            "alpha_iso": 0.874308966349501,
            "c6_ii": 0.24536815289651176,
            "c8_ii": 1.5752887191176526,
            "c10_ii": 13.958613664744616,
            "slater_b_init": 69.06253548360347
        },
        {
            "index": 9,
            "element": "H",
            "charge": 0.15357220173707886,
            "dipole": [
                -0.03339844308219791,
                0.032697526846524286,
                -0.003534887728509958
            ],
            "quadrupole": [
                [
                    -0.48085649032615824,
                    -0.4782585291725137,
                    0.0004640599453418161
                ],
                [
                    -0.4782585291725137,
                    0.007638902790489076,
                    -0.4828777256182155
                ],
                [
                    0.0004640599453418161,
                    -0.4828777256182155,
                    -0.0003598930518132425
                ]
            ],
            "volume_eff": 2.693329572365724,
            "alpha_iso": 0.859573267776295,
            "c6_ii": 0.23716692925390206,
            "c8_ii": 1.5054791513499273,
            "c10_ii": 13.189718160908255,
            "slater_b_init": 69.4549488281868
        },
        {
            "index": 10,
            "element": "H",
            "charge": 0.09179981790678382,
            "dipole": [
                0.0010020737503940713,
                0.024693024737512125,
                -0.06027079111237471
            ],
            "quadrupole": [
                [
                    -0.513350770496918,
                    -0.5263210670033187,
                    0.003299489306584873
                ],
                [
                    -0.5263210670033187,
                    -0.010507596944495332,
                    -0.5315380647204014
                ],
                [
                    0.003299489306584873,
                    -0.5315380647204014,
                    0.0015909628029466666
                ]
            ],
            "volume_eff": 2.963392304366812,
            "alpha_iso": 0.9457635013936635,
            "c6_ii": 0.2871133779602278,
            "c8_ii": 1.9424080825768604,
            "c10_ii": 18.137092976571463,
            "slater_b_init": 67.27752081885127
        },
        {
            "index": 11,
            "element": "H",
            "charge": 0.09185616713975753,
            "dipole": [
                -0.006160161533130331,
                0.0298110468193776,
                0.05751653753763737
            ],
            "quadrupole": [
                [
                    -0.513254660830319,
                    -0.5270358715291042,
                    -0.005041886936574869
                ],
                [
                    -0.5270358715291042,
                    -0.009886531554169839,
                    -0.5304641049225327
                ],
                [
                    -0.005041886936574869,
                    -0.5304641049225327,
                    0.0014703237304792866
                ]
            ],
            "volume_eff": 2.9618506891346703,
            "alpha_iso": 0.9452714965323417,
            "c6_ii": 0.28681473155640513,
            "c8_ii": 1.9397146397580094,
            "c10_ii": 18.105661146616608,
            "slater_b_init": 67.28919123177357
        },
        {
            "index": 12,
            "element": "H",
            "charge": 0.1694123050134082,
            "dipole": [
                0.0029031876855134474,
                -0.018592482964975152,
                0.04370051612363629
            ],
            "quadrupole": [
                [
                    -0.44956832368734584,
                    -0.46300612454609036,
                    0.0049831814590490225
                ],
                [
                    -0.46300612454609036,
                    -0.002084456107296319,
                    -0.46144441811700604
                ],
                [
                    0.0049831814590490225,
                    -0.46144441811700604,
                    0.0035715696712100087
                ]
            ],
            "volume_eff": 2.5263954020252286,
            "alpha_iso": 0.8062964049016687,
            "c6_ii": 0.20867853341347217,
            "c8_ii": 1.2693253083929508,
            "c10_ii": 10.65634464200336,
            "slater_b_init": 70.95220904753147
        },
        {
            "index": 13,
            "element": "H",
            "charge": 0.1695001514270147,
            "dipole": [
                0.008005967739060139,
                -0.02225921306890728,
                -0.041158569080820544
            ],
            "quadrupole": [
                [
                    -0.4489252239005293,
                    -0.46391015020925364,
                    -0.0050843124035158125
                ],
                [
                    -0.46391015020925364,
                    -0.001772801142407291,
                    -0.46088731050628556
                ],
                [
                    -0.0050843124035158125,
                    -0.46088731050628556,
                    -0.001968345522985772
                ]
            ],
            "volume_eff": 2.5260299371619284,
            "alpha_iso": 0.8061797671793388,
            "c6_ii": 0.20861816348447726,
            "c8_ii": 1.2688357171702112,
            "c10_ii": 10.651207068915065,
            "slater_b_init": 70.95563066031073
        },
        {
            "index": 14,
            "element": "H",
            "charge": 0.1429404252385913,
            "dipole": [
                -0.005847467863639893,
                0.029832619293874214,
                0.03958244695953791
            ],
            "quadrupole": [
                [
                    -0.48210584304108767,
                    -0.49569112643862195,
                    -0.002807806146287471
                ],
                [
                    -0.49569112643862195,
                    0.003409865378952442,
                    -0.4943254301668856
                ],
                [
                    -0.002807806146287471,
                    -0.4943254301668856,
                    -0.004876946807974628
                ]
            ],
            "volume_eff": 2.76648694354061,
            "alpha_iso": 0.8829213649597691,
            "c6_ii": 0.25022596980571565,
            "c8_ii": 1.6170089101928589,
            "c10_ii": 14.422236066278877,
            "slater_b_init": 68.83724603831956
        },
        {
            "index": 15,
            "element": "H",
            "charge": 0.12974772824069858,
            "dipole": [
                0.026045602998125722,
                -0.04215606819395377,
                0.0035012234034667218
            ],
            "quadrupole": [
                [
                    -0.5017433341620583,
                    -0.5035518471371353,
                    0.0006545778819977017
                ],
                [
                    -0.5035518471371353,
                    0.009440128131144022,
                    -0.5069187868488273
                ],
                [
                    0.0006545778819977017,
                    -0.5069187868488273,
                    -0.00032955302918951865
                ]
            ],
            "volume_eff": 2.8549701559689358,
            "alpha_iso": 0.9111606880751923,
            "c6_ii": 0.266488380084384,
            "c8_ii": 1.7586264767278548,
            "c10_ii": 16.018029634775527,
            "slater_b_init": 68.11861950632873
        },
        {
            "index": 16,
            "element": "H",
            "charge": 0.14277987992079955,
            "dipole": [
                -0.0009225167667853674,
                0.026332077590771826,
                -0.04256474098248523
            ],
            "quadrupole": [
                [
                    -0.48347448128963344,
                    -0.49539181593064485,
                    0.0032878032202512627
                ],
                [
                    -0.49539181593064485,
                    0.0036980561273213413,
                    -0.493954905334235
                ],
                [
                    0.0032878032202512627,
                    -0.493954905334235,
                    0.005934996954751555
                ]
            ],
            "volume_eff": 2.7678812918042337,
            "alpha_iso": 0.8833663697247555,
            "c6_ii": 0.2504782681750374,
            "c8_ii": 1.6191831436353106,
            "c10_ii": 14.446480348723291,
            "slater_b_init": 68.82568494322392
        }
    ]
}