{
    "molecule": "Sulf_492",
    "atoms": [
        {
            "index": 0,
            "element": "C",
            "charge": -0.4738953319838686,
            "dipole": [
                -0.02249749172125584,
                0.01985976981157837,
                -0.054418997520690036
            ],
            "quadrupole": [
                [
                    -5.21595733576386,
                    -5.199488632692053,
                    0.02635291564822213
                ],
                [
                    -5.199488632692053,
                    0.020587084695588342,
                    -5.181973344703562
                ],
                [
                    0.02635291564822213,
                    -5.181973344703562,
                    -0.030713339387611865
                ]
            ],
            "volume_eff": 39.62025007861992,
            "alpha_iso": 12.446151857158089,
            "c6_ii": 50.129528027757594,
            "c8_ii": 1488.026619889763,
            "c10_ii": 55340.39378097966,
            "slater_b_init": 34.57669092306645
        },
        {
            "index": 1,
            "element": "C",
            "charge": 0.11174760940077633,
            "dipole": [
                0.025200857786794508,
                -0.04222750828975537,
                -0.03230260924249221
            ],
            "quadrupole": [
                [
                    -4.096758316081616,
                    -4.069810509260974,
                    0.024207268043376074
                ],
                [
                    -4.069810509260974,
                    -0.011990136648851303,
                    -4.094765625989335
                ],
                [
                    0.024207268043376074,
                    -4.094765625989335,
                    0.007278460028586273
                ]
            ],
            "volume_eff": 29.291723576690696,
            "alpha_iso": 9.201588558122731,
            "c6_ii": 27.39990424217113,
            "c8_ii": 664.9943258252672,
            "c10_ii": 20220.937830606304,
            "slater_b_init": 38.23908774719469
        },
        {
            "index": 2,
            "element": "C",
            "charge": -0.4826749587268182,
            "dipole": [
                -0.02853063549399006,
                -0.03766955512722644,
                0.03900631583335376
            ],
            "quadrupole": [
                [
                    -5.1909952074855,
                    -5.179892128409276,
                    0.026065635991748177
                ],
                [
                    -5.179892128409276,
                    -0.01098142059935428,
                    -5.202636086519066
                ],
                [
                    0.026065635991748177,
                    -5.202636086519066,
                    0.041421529112034235
                ]
            ],
            "volume_eff": 39.41656024984877,
            "alpha_iso": 12.382165523512702,
            "c6_ii": 49.615415793108774,
            "c8_ii": 1467.7138526136025,
            "c10_ii": 54397.709186254,
            "slater_b_init": 34.6361483626567
        },
        {
            "index": 3,
            "element": "C",
            "charge": -0.5354719115991129,
            "dipole": [
                0.10480239037090978,
                0.0339801973700948,
                0.03726134863731329
            ],
            "quadrupole": [
                [
                    -5.327491497523248,
                    -5.289248742481181,
                    -0.04793938880473017
                ],
                [
                    -5.289248742481181,
                    0.02636335331277704,
                    -5.208232314600052
                ],
                [
                    -0.04793938880473017,
                    -5.208232314600052,
                    -0.047886928767675606
                ]
            ],
            "volume_eff": 40.142852465298894,
            "alpha_iso": 12.610320146167192,
            "c6_ii": 51.460695258329764,
            "c8_ii": 1540.9436073570268,
            "c10_ii": 57811.242205328825,
            "slater_b_init": 34.425988728667875
        },
        {
            "index": 4,
            "element": "S",
            "charge": 1.2189622128820758,
            "dipole": [
                -0.039765868890345994,
                0.030889386544626182,
                -0.14646367460696336
            ],
            "quadrupole": [
                [
                    -7.595325016768054,
                    -7.665195402965047,
                    0.009208829819593131
                ],
                [
                    -7.665195402965047,
                    0.017753357222873394,
                    -7.662077630195757
                ],
                [
                    0.009208829819593131,
                    -7.662077630195757,
                    -0.015013209345097112
                ]
            ],
            "volume_eff": 59.14911529069421,
            "alpha_iso": 15.416524730021363,
            "c6_ii": 82.90211749448738,
            "c8_ii": 2108.6658184169146,
            "c10_ii": 53903.374563693425,
            "slater_b_init": 36.83286033092051
        },
        {
            "index": 5,
            "element": "O",
            "charge": -0.6201454350937254,
            "dipole": [
                -0.06534370571239942,
                -0.13465333067072566,
                -0.09184741753961845
            ],
            "quadrupole": [
                [
                    -4.358942208877882,
                    -4.365806581310214,
                    -0.018489661274244368
                ],
                [
                    -4.365806581310214,
                    -0.01148428984303466,
                    -4.366022359964515
                ],
                [
                    -0.018489661274244368,
                    -4.366022359964515,
                    -0.018102420364074685
                ]
            ],
            "volume_eff": 25.299464603164694,
            "alpha_iso": 7.54790656669002,
            "c6_ii": 30.478255803015227,
            "c8_ii": 1318.907815226508,
            "c10_ii": 54960.20670534252,
            "slater_b_init": 33.09208558309703
        },
        {
            "index": 6,
            "element": "O",
            "charge": -0.616008595727962,
            "dipole": [
                0.02628825139292156,
                0.1464248674937433,
                -0.08374040630410748
            ],
            "quadrupole": [
                [
                    -4.341931797275914,
                    -4.38875026984191,
                    0.024045261809385043
                ],
                [
                    -4.38875026984191,
                    0.002409427460608768,
                    -4.346080188531269
                ],
                [
                    0.024045261809385043,
                    -4.346080188531269,
                    0.011299530840664094
                ]
            ],
            "volume_eff": 25.281585417372263,
            "alpha_iso": 7.54257244496189,
            "c6_ii": 30.435192927468268,
            "c8_ii": 1316.423745502766,
            "c10_ii": 54830.84509751367,
            "slater_b_init": 33.099884673715096
        },
        {
            "index": 7,
            "element": "C",
            "charge": -0.5167718366780427,
            "dipole": [
                -0.11031416877994087,
                0.027374697975550654,
                0.019617282999811816
            ],
            "quadrupole": [
                [
                    -5.301750790201379,
                    -5.213352350584536,
                    0.02543192409069166
                ],
                [
                    -5.213352350584536,
                    0.06952140682485355,
                    -5.263357677854349
                ],
                [
                    0.02543192409069166,
                    -5.263357677854349,
                    0.02843946241246058
                ]
            ],
            "volume_eff": 40.125002486287144,
            "alpha_iso": 12.604712822917426,
            "c6_ii": 51.414940258520865,
            "c8_ii": 1539.1170891065508,
            "c10_ii": 57725.59854635693,
            "slater_b_init": 34.43109287851819
        },
        {
            "index": 8,
            "element": "C",
            "charge": 0.08129841713804353,
            "dipole": [
                0.00960190645933963,
                -0.053744203907595,
                0.029376193933856015
            ],
            "quadrupole": [
                [
                    -4.157772017303778,
                    -4.1396818807659725,
                    -0.02352999486929849
                ],
                [
                    -4.1396818807659725,
                    -0.014522940349265257,
                    -4.161547937148003
                ],
                [
                    -0.02352999486929849,
                    -4.161547937148003,
                    -0.004411232779088422
                ]
            ],
            "volume_eff": 29.911121838137063,
            "alpha_iso": 9.396163928210596,
            "c6_ii": 28.57094430532332,
            "c8_ii": 703.1565161127688,
            "c10_ii": 21681.727235893755,
            "slater_b_init": 37.973293385783286
        },
        {
            "index": 9,
            "element": "C",
            "charge": -0.46839382320847367,
            "dipole": [
                0.04037879917709103,
                0.02407771111899232,
                0.041368729233742345
            ],
            "quadrupole": [
                [
                    -5.1437397612137685,
                    -5.1681422957548655,
                    -0.023518118966376164
                ],
                [
                    -5.1681422957548655,
                    -0.04916703850843342,
                    -5.151943170763911
                ],
                [
                    -0.023518118966376164,
                    -5.151943170763911,
                    -0.019647632828814383
                ]
            ],
            "volume_eff": 39.048139578922815,
            "alpha_iso": 12.26643128133701,
            "c6_ii": 48.692254689562226,
            "c8_ii": 1431.41553482503,
            "c10_ii": 52721.28987878774,
            "slater_b_init": 34.744738679855296
        },
        {
            "index": 10,
            "element": "C",
            "charge": -0.4636878636140356,
            "dipole": [
                0.024429854746644972,
                -0.02766400358919467,
                -0.048180919356478384
            ],
            "quadrupole": [
                [
                    -5.169476456628299,
                    -5.138228205975359,
                    -0.007624672250581858
                ],
                [
                    -5.138228205975359,
                    0.0026092019605724256,
                    -5.232113345535542
                ],
                [
                    -0.007624672250581858,
                    -5.232113345535542,
                    0.031629275772818655
                ]
            ],
            "volume_eff": 39.435159236517485,
            "alpha_iso": 12.388008137125912,
            "c6_ii": 49.66224961955693,
            "c8_ii": 1469.5613823686833,
            "c10_ii": 54483.31612764349,
            "slater_b_init": 34.63070230406401
        },
        {
            "index": 11,
            "element": "H",
            "charge": 0.13106011448207888,
            "dipole": [
                -0.03168182551677782,
                -0.01690469542920879,
                0.028809261800974255
            ],
            "quadrupole": [
                [
                    -0.501404029218233,
                    -0.5111382449857025,
                    0.001503003471615228
                ],
                [
                    -0.5111382449857025,
                    -0.004758557188137692,
                    -0.5071709386289569
                ],
                [
                    0.001503003471615228,
                    -0.5071709386289569,
                    0.0065423232102103214
                ]
            ],
            "volume_eff": 2.8869129704933045,
            "alpha_iso": 0.921355203348927,
            "c6_ii": 0.27248494665668777,
            "c8_ii": 1.8115872603198,
            "c10_ii": 16.623258409125494,
            "slater_b_init": 67.86644987336201
        },
        {
            "index": 12,
            "element": "H",
            "charge": 0.14715618760649418,
            "dipole": [
                0.021159329049508638,
                0.0383350842929669,
                0.015369968967208034
            ],
            "quadrupole": [
                [
                    -0.48939457268584,
                    -0.4871054674969299,
                    -0.005953644764450398
                ],
                [
                    -0.4871054674969299,
                    -0.005845744118177804,
                    -0.4849979944033033
                ],
                [
                    -0.005953644764450398,
                    -0.4849979944033033,
                    0.0005606067937275579
                ]
            ],
            "volume_eff": 2.7447369481859,
            "alpha_iso": 0.8759798770806064,
            "c6_ii": 0.24630690581856804,
            "c8_ii": 1.5833296922723228,
            "c10_ii": 14.047734123339037,
            "slater_b_init": 69.01859582049642
        },
        {
            "index": 13,
            "element": "H",
            "charge": 0.14619178707025338,
            "dipole": [
                0.025474844754451234,
                -0.02817861083442464,
                -0.023857974358892538
            ],
            "quadrupole": [
                [
                    -0.4915561674026284,
                    -0.4924853219509297,
                    -0.0030546123776412602
                ],
                [
                    -0.4924853219509297,
                    0.0029888029944579297,
                    -0.4810909420701562
                ],
                [
                    -0.0030546123776412602,
                    -0.4810909420701562,
                    0.007205470830581055
                ]
            ],
            "volume_eff": 2.7558914123951053,
            "alpha_iso": 0.879539812466523,
            "c6_ii": 0.24831292993277543,
            "c8_ii": 1.6005467011709225,
            "c10_ii": 14.238935473430763,
            "slater_b_init": 68.9253523698162
        },
        {
            "index": 14,
            "element": "H",
            "charge": 0.10177485558450983,
            "dipole": [
                -0.028562392848975382,
                0.041249661033612856,
                0.020177804065486575
            ],
            "quadrupole": [
                [
                    -0.5092051958007684,
                    -0.5077832511162214,
                    -0.00516943402268988
                ],
                [
                    -0.5077832511162214,
                    0.01070220457649143,
                    -0.5057758589554173
                ],
                [
                    -0.00516943402268988,
                    -0.5057758589554173,
                    0.008848313219192029
                ]
            ],
            "volume_eff": 2.8324210820664715,
            "alpha_iso": 0.9039641751275973,
            "c6_ii": 0.2622954565156426,
            "c8_ii": 1.7218299663009915,
            "c10_ii": 15.600190834271494,
            "slater_b_init": 68.29890739193601
        },
        {
            "index": 15,
            "element": "H",
            "charge": 0.13954953421813554,
            "dipole": [
                0.01928021909841522,
                0.03205235884440519,
                0.025898317903945985
            ],
            "quadrupole": [
                [
                    -0.498719545136511,
                    -0.49943423227341516,
                    -0.004715318875284086
                ],
                [
                    -0.49943423227341516,
                    -0.001846099462060452,
                    -0.49173186231775984
                ],
                [
                    -0.004715318875284086,
                    -0.49173186231775984,
                    -0.007314220659689191
                ]
            ],
            "volume_eff": 2.81338626112977,
            "alpha_iso": 0.8978892322754587,
            "c6_ii": 0.25878187542396947,
            "c8_ii": 1.6911457793766542,
            "c10_ii": 15.253460833153664,
            "slater_b_init": 68.45259365527639
        },
        {
            "index": 16,
            "element": "H",
            "charge": 0.13639841972897204,
            "dipole": [
                0.026856781835801688,
                -0.030678086754694266,
                -0.015329845487664976
            ],
            "quadrupole": [
                [
                    -0.5047988025789832,
                    -0.5020032451100189,
                    -0.007863029880557012
                ],
                [
                    -0.5020032451100189,
                    0.007521998874389759,
                    -0.5003560933197053
                ],
                [
                    -0.007863029880557012,
                    -0.5003560933197053,
                    -0.001956448718538838
                ]
            ],
            "volume_eff": 2.8623487604450264,
            "alpha_iso": 0.9135155618441574,
            "c6_ii": 0.26786762623478527,
            "c8_ii": 1.7707729411189115,
            "c10_ii": 16.156440288784292,
            "slater_b_init": 68.06003674792092
        },
        {
            "index": 17,
            "element": "H",
            "charge": 0.17088725491041334,
            "dipole": [
                -0.03516356991983402,
                0.016636239084321,
                -0.03245219423024698
            ],
            "quadrupole": [
                [
                    -0.45569226305126376,
                    -0.4591165339431146,
                    -0.0008328599976322591
                ],
                [
                    -0.4591165339431146,
                    0.003684931608923792,
                    -0.4616804823040043
                ],
                [
                    -0.0008328599976322591,
                    -0.4616804823040043,
                    -0.002438539620522333
                ]
            ],
            "volume_eff": 2.534712360435711,
            "alpha_iso": 0.808950753330546,
            "c6_ii": 0.2100547451131544,
            "c8_ii": 1.2804989706670573,
            "c10_ii": 10.773730949250943,
            "slater_b_init": 70.87452065652951
        },
        {
            "index": 18,
            "element": "H",
            "charge": 0.22003901465079567,
            "dipole": [
                0.026440333422032537,
                -0.011353839154133865,
                -0.03357044097996108
            ],
            "quadrupole": [
                [
                    -0.4080289357077875,
                    -0.406702477190314,
                    -0.0017319398303196276
                ],
                [
                    -0.406702477190314,
                    0.006120144991339384,
                    -0.4057015700853723
                ],
                [
                    -0.0017319398303196276,
                    -0.4057015700853723,
                    0.007288642453065169
                ]
            ],
            "volume_eff": 2.1798214795926567,
            "alpha_iso": 0.6956877062529756,
            "c6_ii": 0.15535204938789737,
            "c8_ii": 0.8564300303248935,
            "c10_ii": 6.516388111594672,
            "slater_b_init": 74.5291302323337
        },
        {
            "index": 19,
            "element": "H",
            "charge": 0.19785283043808943,
            "dipole": [
                -0.0066146913858276335,
                -0.02815727667803496,
                0.03265011623063599
            ],
            "quadrupole": [
                [
                    -0.42081960503018495,
                    -0.43126987797423993,
                    0.007742542255563987
                ],
                [
                    -0.43126987797423993,
                    0.0030221417690965563,
                    -0.43095709119483244
                ],
                [
                    0.007742542255563987,
                    -0.43095709119483244,
                    0.003567324791026893
                ]
            ],
            "volume_eff": 2.3224752917005014,
            "alpha_iso": 0.7412155186278195,
            "c6_ii": 0.17635076014101722,
            "c8_ii": 1.0141581524628878,
            "c10_ii": 8.049597986334215,
            "slater_b_init": 72.97083705362154
        },
        {
            "index": 20,
            "element": "H",
            "charge": 0.19686734276024165,
            "dipole": [
                -0.015246889461305186,
                -0.03968253500672977,
                0.013645944906089797
            ],
            "quadrupole": [
                [
                    -0.42408848825702244,
                    -0.43417240565705995,
                    0.006827697502209376
                ],
                [
                    -0.43417240565705995,
                    -0.005253395357151492,
                    -0.43234878428997936
                ],
                [
                    0.006827697502209376,
                    -0.43234878428997936,
                    0.00014539543376044175
                ]
            ],
            "volume_eff": 2.3438153158846484,
            "alpha_iso": 0.7480261646440367,
            "c6_ii": 0.17960644096041672,
            "c8_ii": 1.0391983478090911,
            "c10_ii": 8.298797035753422,
            "slater_b_init": 72.74869931709509
        },
        {
            "index": 21,
            "element": "H",
            "charge": 0.1880588628706117,
            "dipole": [
                0.014400162092506153,
                0.03225852006576102,
                0.02549918838421046
            ],
            "quadrupole": [
                [
                    -0.43192953089894015,
                    -0.4391321146757104,
                    -0.005587887657365401
                ],
                [
                    -0.4391321146757104,
                    -0.006913741644534287,
                    -0.4435892650289677
                ],
                [
                    -0.005587887657365401,
                    -0.4435892650289677,
                    -0.0053083322857526765
                ]
            ],
            "volume_eff": 2.3964501084899696,
            "alpha_iso": 0.7648245027095648,
            "c6_ii": 0.1877638212168921,
            "c8_ii": 1.1026011936066176,
            "c10_ii": 8.93645260724233,
            "slater_b_init": 72.21214268121604
        },
        {
            "index": 22,
            "element": "H",
            "charge": 0.12640052541524416,
            "dipole": [
                0.0055122855079373975,
                0.04488695007267589,
                -0.03209918071427529
            ],
            "quadrupole": [
                [
                    -0.47407001785642783,
                    -0.4896555387369906,
                    0.00958633114512816
                ],
                [
                    -0.4896555387369906,
                    -0.004744719984492586,
                    -0.48179121596713387
                ],
                [
                    0.00958633114512816,
                    -0.48179121596713387,
                    0.0039777987616526796
                ]
            ],
            "volume_eff": 2.6523387897683883,
            "alpha_iso": 0.8464911031175708,
            "c6_ii": 0.23000280097638579,
            "c8_ii": 1.445151588795634,
            "c10_ii": 12.53238821453642,
            "slater_b_init": 69.81092030741293
        },
        {
            "index": 23,
            "element": "H",
            "charge": 0.16717680739423302,
            "dipole": [
                0.026897505357061337,
                -0.00585390765540362,
                -0.043404863025498015
            ],
            "quadrupole": [
                [
                    -0.457398003132206,
                    -0.46164020602591177,
                    -8.654471117853944e-05
                ],
                [
                    -0.46164020602591177,
                    0.0051001196192086195,
                    -0.46528344125040516
                ],
                [
                    -8.654471117853944e-05,
                    -0.46528344125040516,
                    0.0018795111500081397
                ]
            ],
            "volume_eff": 2.550030675628772,
            "alpha_iso": 0.8138395773283315,
            "c6_ii": 0.21260131232438134,
            "c8_ii": 1.3012392643204613,
            "c10_ii": 10.99229899772833,
            "slater_b_init": 70.73231851614175
        },
        {
            "index": 24,
            "element": "H",
            "charge": 0.13850205244617553,
            "dipole": [
                0.0006858027963955092,
                -0.037010474292500636,
                0.023426258729794102
            ],
            "quadrupole": [
                [
                    -0.49540914947943976,
                    -0.5042208009496831,
                    0.007942925086611726
                ],
                [
                    -0.5042208009496831,
                    0.0018610101469650712,
                    -0.49770147281011634
                ],
                [
                    0.007942925086611726,
                    -0.49770147281011634,
                    0.00575352659496361
                ]
            ],
            "volume_eff": 2.8375503307362173,
            "alpha_iso": 0.9056011693838992,
            "c6_ii": 0.263246301576872,
            "c8_ii": 1.7301573790011715,
            "c10_ii": 15.694558216110368,
            "slater_b_init": 68.25772945841254
        },
        {
            "index": 25,
            "element": "H",
            "charge": 0.13624913065620292,
            "dipole": [
                -0.03876724829979071,
                0.02462664443778766,
                -0.002646335726775612
            ],
            "quadrupole": [
                [
                    -0.5082437874948791,
                    -0.49490253963598074,
                    0.004278725767097903
                ],
                [
                    -0.49490253963598074,
                    0.006076007276174499,
                    -0.4987599786430673
                ],
                [
                    0.004278725767097903,
                    -0.4987599786430673,
                    0.003149639657141426
                ]
            ],
            "volume_eff": 2.8434623166547723,
            "alpha_iso": 0.9074879734004593,
            "c6_ii": 0.2643443823275097,
            "c8_ii": 1.7397867493702115,
            "c10_ii": 15.80382118696526,
            "slater_b_init": 68.21039060569316
        },
        {
            "index": 26,
            "element": "H",
            "charge": 0.14775325667754746,
            "dipole": [
                -0.03913543786341628,
                0.020035690458147116,
                -0.016737418090694983
            ],
            "quadrupole": [
                [
                    -0.49441490731310894,
                    -0.4873367452107346,
                    0.0015126587699326982
                ],
                [
                    -0.4873367452107346,
                    0.0014153470485225215,
                    -0.47828423506247836
                ],
                [
                    0.0015126587699326982,
                    -0.47828423506247836,
                    -0.00297501628809874
                ]
            ],
            "volume_eff": 2.7408526781079647,
            "alpha_iso": 0.8747402164174355,
            "c6_ii": 0.24561026668726632,
            "c8_ii": 1.5773615870564004,
            "c10_ii": 13.9815770111101,
            "slater_b_init": 69.05118425866722
        },
        {
            "index": 27,
            "element": "H",
            "charge": 0.13960488709918617,
            "dipole": [
                -0.005260286734382827,
                -0.03991806740370467,
                0.018990457856434346
            ],
            "quadrupole": [
                [
                    -0.4953844655409983,
                    -0.5002986539883433,
                    0.009110824890767573
                ],
                [
                    -0.5002986539883433,
                    -0.004348018131920746,
                    -0.49493168781395297
                ],
                [
                    0.009110824890767573,
                    -0.49493168781395297,
                    -0.0026445783709974384
                ]
            ],
            "volume_eff": 2.8208245390695637,
            "alpha_iso": 0.900263150766882,
            "c6_ii": 0.26015206489316733,
            "c8_ii": 1.7030952641861488,
            "c10_ii": 15.38830410484023,
            "slater_b_init": 68.39237277390717
        },
        {
            "index": 28,
            "element": "H",
            "charge": 0.13243626855133006,
            "dipole": [
                0.030999493235352435,
                0.03050327015099792,
                0.016319854127810996
            ],
            "quadrupole": [
                [
                    -0.5034006988379774,
                    -0.5058580418124929,
                    -0.0022333390589081856
                ],
                [
                    -0.5058580418124929,
                    -0.0027306136699651365,
                    -0.5032942439217629
                ],
                [
                    -0.0022333390589081856,
                    -0.5032942439217629,
                    -0.009341912995606837
                ]
            ],
            "volume_eff": 2.8677614394603315,
            "alpha_iso": 0.9152430125937229,
            "c6_ii": 0.26888165524249963,
            "c8_ii": 1.7797163987692306,
            "c10_ii": 16.258504155984127,
            "slater_b_init": 68.01719041972473
        }
    ]
}