{
    "molecule": "LEth_176",
    "atoms": [
        {
            "index": 0,
            "element": "C",
            "charge": -0.43989605599667136,
            "dipole": [
                0.019086738067340084,
                0.07210216562445385,
                0.02407299157944941
            ],
            "quadrupole": [
                [
                    -5.120542698136995,
                    -5.179623109274557,
                    -0.006848591731579523
                ],
                [
                    -5.179623109274557,
                    -0.028112172937209568,
                    -5.112141686733544
                ],
                [
                    -0.006848591731579523,
                    -5.112141686733544,
                    0.003930544371607398
                ]
            ],
            "volume_eff": 39.10480818597186,
            "alpha_iso": 12.284232938001633,
            "c6_ii": 48.83368649707586,
            "c8_ii": 1436.9618139919917,
            "c10_ii": 52976.76118553855,
            "slater_b_init": 34.72794715733333
        },
        {
            "index": 1,
            "element": "C",
            "charge": -0.014059554267096708,
            "dipole": [
                -0.0407643344265902,
                -0.028866167271469942,
                0.01895077726199394
            ],
            "quadrupole": [
                [
                    -4.3148827129023095,
                    -4.319250589816747,
                    -0.01029658391284847
                ],
                [
                    -4.319250589816747,
                    -0.01826156142227608,
                    -4.307273557140491
                ],
                [
                    -0.01029658391284847,
                    -4.307273557140491,
                    -0.01866738114492607
                ]
            ],
            "volume_eff": 31.374424571782555,
            "alpha_iso": 9.855840179617555,
            "c6_ii": 31.43480202160579,
            "c8_ii": 798.6690448953105,
            "c10_ii": 25423.622695768398,
            "slater_b_init": 37.373511856869165
        },
        {
            "index": 2,
            "element": "C",
            "charge": -0.4456545490313193,
            "dipole": [
                0.047867408230233506,
                -0.05184700506448229,
                -0.022329406395868927
            ],
            "quadrupole": [
                [
                    -5.18822987655871,
                    -5.1369611527903665,
                    -0.015303278297638048
                ],
                [
                    -5.1369611527903665,
                    0.026211504483307856,
                    -5.1415809739008
                ],
                [
                    -0.015303278297638048,
                    -5.1415809739008,
                    0.019085120632138408
                ]
            ],
            "volume_eff": 39.29491598655261,
            "alpha_iso": 12.343952665932754,
            "c6_ii": 49.30965001191346,
            "c8_ii": 1455.666116095563,
            "c10_ii": 53840.12823210176,
            "slater_b_init": 34.67185229067958
        },
        {
            "index": 3,
            "element": "C",
            "charge": 0.037293647360872484,
            "dipole": [
                0.06409491004997234,
                -0.0808691093987669,
                -0.07850260951063091
            ],
            "quadrupole": [
                [
                    -4.299390574203191,
                    -4.282136014551733,
                    -6.684224341774448e-05
                ],
                [
                    -4.282136014551733,
                    -0.03300460887097894,
                    -4.400632879887812
                ],
                [
                    -6.684224341774448e-05,
                    -4.400632879887812,
                    -0.07568558919909545
                ]
            ],
            "volume_eff": 31.936657035234923,
            "alpha_iso": 10.03245770740364,
            "c6_ii": 32.57152553145327,
            "c8_ii": 837.4071782141132,
            "c10_ii": 26974.271135717812,
            "slater_b_init": 37.15289673773355
        },
        {
            "index": 4,
            "element": "O",
            "charge": -0.3402324519530122,
            "dipole": [
                0.009478384049722588,
                0.023823680439657397,
                0.07060947516408929
            ],
            "quadrupole": [
                [
                    -3.894935372421861,
                    -4.051062322514521,
                    0.0015655979754516654
                ],
                [
                    -4.051062322514521,
                    -0.052440829505175666,
                    -4.076731158561819
                ],
                [
                    0.0015655979754516654,
                    -4.076731158561819,
                    0.015076346304232425
                ]
            ],
            "volume_eff": 22.780225799111456,
            "alpha_iso": 6.796310459403418,
            "c6_ii": 24.710611777273733,
            "c8_ii": 997.1005570710248,
            "c10_ii": 38743.95966769569,
            "slater_b_init": 34.269563613285534
        },
        {
            "index": 5,
            "element": "C",
            "charge": 0.046315141218701505,
            "dipole": [
                -0.09032876061760899,
                -0.026053416935774346,
                -0.12325518867724829
            ],
            "quadrupole": [
                [
                    -4.300575666408095,
                    -4.305119470783749,
                    -0.03837333271292556
                ],
                [
                    -4.305119470783749,
                    0.03918249442934874,
                    -4.304008875327154
                ],
                [
                    -0.03837333271292556,
                    -4.304008875327154,
                    0.055315814501095684
                ]
            ],
            "volume_eff": 31.676817859601897,
            "alpha_iso": 9.950832835477035,
            "c6_ii": 32.043672597039794,
            "c8_ii": 819.3615760831065,
            "c10_ii": 26249.640610172686,
            "slater_b_init": 37.254206383983124
        },
        {
            "index": 6,
            "element": "C",
            "charge": -0.021583390761281684,
            "dipole": [
                -0.026530904940408568,
                -0.023757472850368607,
                -0.06108915611433012
            ],
            "quadrupole": [
                [
                    -4.2898574954370865,
                    -4.357796311465564,
                    -0.007249789726934874
                ],
                [
                    -4.357796311465564,
                    -0.008944140270711524,
                    -4.361594614039306
                ],
                [
                    -0.007249789726934874,
                    -4.361594614039306,
                    0.04109722989970801
                ]
            ],
            "volume_eff": 31.59102219644853,
            "alpha_iso": 9.923881318256083,
            "c6_ii": 31.870329107760934,
            "c8_ii": 813.4570183917516,
            "c10_ii": 26013.400813214466,
            "slater_b_init": 37.287901191283055
        },
        {
            "index": 7,
            "element": "C",
            "charge": -0.4368699185967575,
            "dipole": [
                0.0107158206216785,
                0.07983990283709165,
                0.00012592103976546705
            ],
            "quadrupole": [
                [
                    -5.113877597523449,
                    -5.166600554267391,
                    -0.033628918026472346
                ],
                [
                    -5.166600554267391,
                    -0.02753102126691497,
                    -5.118546297143261
                ],
                [
                    -0.033628918026472346,
                    -5.118546297143261,
                    -0.01821263740616204
                ]
            ],
            "volume_eff": 39.06547848864196,
            "alpha_iso": 12.271878059259251,
            "c6_ii": 48.73550684251329,
            "c8_ii": 1433.11110819094,
            "c10_ii": 52799.364732880684,
            "slater_b_init": 34.739597524873865
        },
        {
            "index": 8,
            "element": "C",
            "charge": -0.4503026428904331,
            "dipole": [
                -0.035198434645212114,
                -0.037870531342536956,
                0.054050683799578
            ],
            "quadrupole": [
                [
                    -5.1312718588292485,
                    -5.136104807578855,
                    0.030761296612744914
                ],
                [
                    -5.136104807578855,
                    -0.004505071619512723,
                    -5.230981054825299
                ],
                [
                    0.030761296612744914,
                    -5.230981054825299,
                    0.0070585199005270575
                ]
            ],
            "volume_eff": 39.38762127070703,
            "alpha_iso": 12.373074744724718,
            "c6_ii": 49.542588920529035,
            "c8_ii": 1464.8420878504407,
            "c10_ii": 54264.69688441728,
            "slater_b_init": 34.6446289407628
        },
        {
            "index": 9,
            "element": "H",
            "charge": 0.14258738825206807,
            "dipole": [
                0.041671256107816454,
                -0.018356335988394153,
                -0.01827173239872819
            ],
            "quadrupole": [
                [
                    -0.49991508124648104,
                    -0.49215353394485883,
                    -0.0006823212838144058
                ],
                [
                    -0.49215353394485883,
                    0.006397735961552131,
                    -0.49659035809094176
                ],
                [
                    -0.0006823212838144058,
                    -0.49659035809094176,
                    0.0005322975452864187
                ]
            ],
            "volume_eff": 2.8191317064632635,
            "alpha_iso": 0.899722885041467,
            "c6_ii": 0.2598399137845786,
            "c8_ii": 1.700371130603361,
            "c10_ii": 15.357542898992172,
            "slater_b_init": 68.4060594553085
        },
        {
            "index": 10,
            "element": "H",
            "charge": 0.1294240349695417,
            "dipole": [
                -0.03458121265075266,
                0.008861884792711487,
                -0.030096621358821733
            ],
            "quadrupole": [
                [
                    -0.5162727838311632,
                    -0.4987579198876722,
                    -0.0008276484525586224
                ],
                [
                    -0.4987579198876722,
                    0.0006246177446502064,
                    -0.5117483905561743
                ],
                [
                    -0.0008276484525586224,
                    -0.5117483905561743,
                    -0.0038488324826377643
                ]
            ],
            "volume_eff": 2.9055217164022404,
            "alpha_iso": 0.9272941648092257,
            "c6_ii": 0.2760090885224719,
            "c8_ii": 1.8428942515306692,
            "c10_ii": 16.983124872077997,
            "slater_b_init": 67.72125330985313
        },
        {
            "index": 11,
            "element": "H",
            "charge": 0.12800642537440354,
            "dipole": [
                -0.010383922724538584,
                -0.012366934220350746,
                0.04142661988527912
            ],
            "quadrupole": [
                [
                    -0.5135516074602621,
                    -0.5055995877228778,
                    0.007232112453435807
                ],
                [
                    -0.5055995877228778,
                    0.0009631308208059023,
                    -0.5210550161601064
                ],
                [
                    0.007232112453435807,
                    -0.5210550161601064,
                    0.004060596770562814
                ]
            ],
            "volume_eff": 2.9492338620743266,
            "alpha_iso": 0.9412448495981893,
            "c6_ii": 0.2843764017194206,
            "c8_ii": 1.9177587712164432,
            "c10_ii": 17.849849381012028,
            "slater_b_init": 67.38500914666427
        },
        {
            "index": 12,
            "element": "H",
            "charge": 0.10941733353111716,
            "dipole": [
                0.011650066275575114,
                0.014519018565097888,
                -0.04595908623117929
            ],
            "quadrupole": [
                [
                    -0.502680925566163,
                    -0.5011272540281375,
                    0.009579675557809302
                ],
                [
                    -0.5011272540281375,
                    -0.003561072578031436,
                    -0.5193285983411813
                ],
                [
                    0.009579675557809302,
                    -0.5193285983411813,
                    0.00928786673176346
                ]
            ],
            "volume_eff": 2.856832795053169,
            "alpha_iso": 0.9117551473573944,
            "c6_ii": 0.26683621811173214,
            "c8_ii": 1.7616877744412887,
            "c10_ii": 16.05289109008781,
            "slater_b_init": 68.10381196743761
        },
        {
            "index": 13,
            "element": "H",
            "charge": 0.13982803224390072,
            "dipole": [
                -0.030285507677733834,
                -0.005734721531234047,
                -0.0357593854559965
            ],
            "quadrupole": [
                [
                    -0.4996851398366558,
                    -0.49341778823786653,
                    0.0031006444556421608
                ],
                [
                    -0.49341778823786653,
                    -0.004010401213160384,
                    -0.4959531275859538
                ],
                [
                    0.0031006444556421608,
                    -0.4959531275859538,
                    -0.006944736625790116
                ]
            ],
            "volume_eff": 2.8124538366498437,
            "alpha_iso": 0.897591649994631,
            "c6_ii": 0.2586103706622493,
            "c8_ii": 1.6896515608087717,
            "c10_ii": 15.236616124319802,
            "slater_b_init": 68.4601576101533
        },
        {
            "index": 14,
            "element": "H",
            "charge": 0.1289725308747086,
            "dipole": [
                0.02192438525297895,
                0.04161912717029905,
                0.0018307552055444075
            ],
            "quadrupole": [
                [
                    -0.5039346645770322,
                    -0.51647212663676,
                    -0.00166341196209021
                ],
                [
                    -0.51647212663676,
                    -0.004992630071576772,
                    -0.5097434490147001
                ],
                [
                    -0.00166341196209021,
                    -0.5097434490147001,
                    -0.004211413710060282
                ]
            ],
            "volume_eff": 2.916409290060464,
            "alpha_iso": 0.9307689223597225,
            "c6_ii": 0.2780814871308353,
            "c8_ii": 1.8613669906798858,
            "c10_ii": 17.196184399699508,
            "slater_b_init": 67.63687562803096
        },
        {
            "index": 15,
            "element": "H",
            "charge": 0.13362803800408551,
            "dipole": [
                -0.009342531406975507,
                -0.022563680749220147,
                0.037894487465543136
            ],
            "quadrupole": [
                [
                    -0.5019601104406409,
                    -0.5022518997845344,
                    0.0049787773861470295
                ],
                [
                    -0.5022518997845344,
                    -0.006357167225828453,
                    -0.5138070183614869
                ],
                [
                    0.0049787773861470295,
                    -0.5138070183614869,
                    0.001493216104354965
                ]
            ],
            "volume_eff": 2.894340820079144,
            "alpha_iso": 0.92372579364228,
            "c6_ii": 0.2738889245412538,
            "c8_ii": 1.8240435331187181,
            "c10_ii": 16.766255595613103,
            "slater_b_init": 67.80834411223964
        },
        {
            "index": 16,
            "element": "H",
            "charge": 0.06511207266269847,
            "dipole": [
                0.015366919056129545,
                0.054658508110263515,
                -0.005938403413305633
            ],
            "quadrupole": [
                [
                    -0.5502699566751152,
                    -0.5749544084391296,
                    -0.00468982746638304
                ],
                [
                    -0.5749544084391296,
                    -0.012864260509792806,
                    -0.5654072653379335
                ],
                [
                    -0.00468982746638304,
                    -0.5654072653379335,
                    -0.0072894196587293385
                ]
            ],
            "volume_eff": 3.2880487023766065,
            "alpha_iso": 1.0493772454393424,
            "c6_ii": 0.3534692306715113,
            "c8_ii": 2.562937748593231,
            "c10_ii": 25.648658536025085,
            "slater_b_init": 64.98607114321108
        },
        {
            "index": 17,
            "element": "H",
            "charge": 0.06767921408759503,
            "dipole": [
                -0.019223560900793468,
                -0.03404765474490205,
                0.039416669613751495
            ],
            "quadrupole": [
                [
                    -0.5494705514554841,
                    -0.560695547598388,
                    0.009517025328773472
                ],
                [
                    -0.560695547598388,
                    -0.010256794373581884,
                    -0.5789538279594538
                ],
                [
                    0.009517025328773472,
                    -0.5789538279594538,
                    0.0004367089037068541
                ]
            ],
            "volume_eff": 3.292350688909003,
            "alpha_iso": 1.0507502198645755,
            "c6_ii": 0.35439477331088637,
            "c8_ii": 2.571889561348221,
            "c10_ii": 25.760689224931046,
            "slater_b_init": 64.9577538824705
        },
        {
            "index": 18,
            "element": "H",
            "charge": 0.060422512795255234,
            "dipole": [
                0.020854680252040042,
                0.053887208115423545,
                -0.004185612075580336
            ],
            "quadrupole": [
                [
                    -0.556381312014557,
                    -0.5876117741968486,
                    -0.005654934973922359
                ],
                [
                    -0.5876117741968486,
                    -0.004588377782874848,
                    -0.5663262660151342
                ],
                [
                    -0.005654934973922359,
                    -0.5663262660151342,
                    0.007813187423768003
                ]
            ],
            "volume_eff": 3.338353082473348,
            "alpha_iso": 1.0654318348319196,
            "c6_ii": 0.3643675291543961,
            "c8_ii": 2.6688374815116847,
            "c10_ii": 26.98017386521414,
            "slater_b_init": 64.65800088452721
        },
        {
            "index": 19,
            "element": "H",
            "charge": 0.060291673017580205,
            "dipole": [
                -0.015449412153171091,
                -0.037634512681353406,
                0.041720841593784974
            ],
            "quadrupole": [
                [
                    -0.5583322704799463,
                    -0.5718512545544532,
                    0.004632006319497881
                ],
                [
                    -0.5718512545544532,
                    -0.003529955016923307,
                    -0.5811599392549526
                ],
                [
                    0.004632006319497881,
                    -0.5811599392549526,
                    0.014765208802075555
                ]
            ],
            "volume_eff": 3.341431486999244,
            "alpha_iso": 1.066414304361461,
            "c6_ii": 0.3650398294100642,
            "c8_ii": 2.675405251765889,
            "c10_ii": 27.06319412222386,
            "slater_b_init": 64.63813867479534
        },
        {
            "index": 20,
            "element": "H",
            "charge": 0.10437499439698339,
            "dipole": [
                0.04306410170680506,
                -0.004269034332365591,
                0.025510899968165718
            ],
            "quadrupole": [
                [
                    -0.5189254234338401,
                    -0.503399999082716,
                    -0.0013206787729590351
                ],
                [
                    -0.503399999082716,
                    -0.0007378212211535932,
                    -0.5171386145083952
                ],
                [
                    -0.0013206787729590351,
                    -0.5171386145083952,
                    -0.014664225567466362
                ]
            ],
            "volume_eff": 2.8919540287346557,
            "alpha_iso": 0.9229640517238262,
            "c6_ii": 0.27343739086587665,
            "c8_ii": 1.8200351408054016,
            "c10_ii": 16.72021279438197,
            "slater_b_init": 67.82699354016631
        },
        {
            "index": 21,
            "element": "H",
            "charge": 0.12482626507046723,
            "dipole": [
                -0.012900379368336904,
                -0.012130493708168896,
                0.04319520730350245
            ],
            "quadrupole": [
                [
                    -0.5160701084996673,
                    -0.5095032869902861,
                    0.006912675570715197
                ],
                [
                    -0.5095032869902861,
                    -0.00040627012537786957,
                    -0.5199061860524357
                ],
                [
                    0.006912675570715197,
                    -0.5199061860524357,
                    0.0041531638635927655
                ]
            ],
            "volume_eff": 2.954668020130494,
            "alpha_iso": 0.942979155360796,
            "c6_ii": 0.2854253317724564,
            "c8_ii": 1.9271961714241987,
            "c10_ii": 17.95971699730193,
            "slater_b_init": 67.34367280386314
        },
        {
            "index": 22,
            "element": "H",
            "charge": 0.1291752890892871,
            "dipole": [
                0.040914540946269874,
                -0.015192988429097085,
                -0.017560371143676066
            ],
            "quadrupole": [
                [
                    -0.5110950426872664,
                    -0.5035414835801596,
                    -0.0020673911846814494
                ],
                [
                    -0.5035414835801596,
                    0.007888031715501464,
                    -0.5117707444178734
                ],
                [
                    -0.0020673911846814494,
                    -0.5117707444178734,
                    0.0027854264418238914
                ]
            ],
            "volume_eff": 2.9034716866202332,
            "alpha_iso": 0.9266398999851808,
            "c6_ii": 0.2756197421031875,
            "c8_ii": 1.8394288799833873,
            "c10_ii": 16.943215502735434,
            "slater_b_init": 67.73718801832602
        },
        {
            "index": 23,
            "element": "H",
            "charge": 0.1453028048377185,
            "dipole": [
                -0.035319641988394546,
                0.007544359568404743,
                -0.030995285748054414
            ],
            "quadrupole": [
                [
                    -0.4990521701732651,
                    -0.483509697250863,
                    -0.0009761811043563903
                ],
                [
                    -0.483509697250863,
                    0.0024873722823510937,
                    -0.4971445887853044
                ],
                [
                    -0.0009761811043563903,
                    -0.4971445887853044,
                    -0.0035925791748202328
                ]
            ],
            "volume_eff": 2.800028638571286,
            "alpha_iso": 0.8936261612461551,
            "c6_ii": 0.25633037799570396,
            "c8_ii": 1.6698187837020861,
            "c10_ii": 15.013389825413574,
            "slater_b_init": 68.56127275205102
        },
        {
            "index": 24,
            "element": "H",
            "charge": 0.13162907957776027,
            "dipole": [
                0.03493725135142499,
                -0.028399379762076137,
                -0.010605730852059602
            ],
            "quadrupole": [
                [
                    -0.5112275103367259,
                    -0.5038345185239322,
                    -0.007625879951656479
                ],
                [
                    -0.5038345185239322,
                    0.0035773139982104318,
                    -0.5024342463562025
                ],
                [
                    -0.007625879951656479,
                    -0.5024342463562025,
                    0.0021484571908188953
                ]
            ],
            "volume_eff": 2.881761833498397,
            "alpha_iso": 0.9197112234569353,
            "c6_ii": 0.2715134209675182,
            "c8_ii": 1.8029802680582823,
            "c10_ii": 16.52459411367667,
            "slater_b_init": 67.90686280023756
        },
        {
            "index": 25,
            "element": "H",
            "charge": 0.14832492347731452,
            "dipole": [
                -0.04024125908784696,
                -0.00501113040551501,
                -0.024675842710431776
            ],
            "quadrupole": [
                [
                    -0.49473250995981444,
                    -0.4869742388846779,
                    -0.004629132747171884
                ],
                [
                    -0.4869742388846779,
                    0.003466600010142778,
                    -0.487677442894633
                ],
                [
                    -0.004629132747171884,
                    -0.487677442894633,
                    -0.006943118840937226
                ]
            ],
            "volume_eff": 2.7757490387495647,
            "alpha_iso": 0.8858773527924143,
            "c6_ii": 0.2519042689994184,
            "c8_ii": 1.631485712409221,
            "c10_ii": 14.58381603038586,
            "slater_b_init": 68.76059554515004
        },
        {
            "index": 26,
            "element": "H",
            "charge": 0.127645840105036,
            "dipole": [
                0.008994626503170405,
                0.04194516950290931,
                0.015322068783527158
            ],
            "quadrupole": [
                [
                    -0.5110971863563964,
                    -0.5205238273266721,
                    -0.0021335930587880443
                ],
                [
                    -0.5205238273266721,
                    -0.0016255729511251349,
                    -0.5030972026453315
                ],
                [
                    -0.0021335930587880443,
                    -0.5030972026453315,
                    -0.0020698485619690876
                ]
            ],
            "volume_eff": 2.927618666906939,
            "alpha_iso": 0.9343463830554061,
            "c6_ii": 0.2802232376758853,
            "c8_ii": 1.8805061882974203,
            "c10_ii": 17.41748889482717,
            "slater_b_init": 67.5504416794132
        }
    ]
}