{
    "molecule": "Phos_660",
    "atoms": [
        {
            "index": 0,
            "element": "C",
            "charge": -0.520754916373904,
            "dipole": [
                0.03866690429919432,
                0.18647292402311033,
                -0.09351579004233955
            ],
            "quadrupole": [
                [
                    -5.224579722084563,
                    -5.459543346586176,
                    0.14777917602353063
                ],
                [
                    -5.459543346586176,
                    -0.06534320457979198,
                    -5.179258111402809
                ],
                [
                    0.14777917602353063,
                    -5.179258111402809,
                    0.03250434851229501
                ]
            ],
            "volume_eff": 39.98157758180287,
            "alpha_iso": 12.559657879100376,
            "c6_ii": 51.04803667684892,
            "c8_ii": 1524.4900860359544,
            "c10_ii": 57040.67090030921,
            "slater_b_init": 34.472215009103664
        },
        {
            "index": 1,
            "element": "C",
            "charge": 0.2853383764260755,
            "dipole": [
                -0.08664897227910294,
                -0.2323953560985823,
                0.1488989932742275
            ],
            "quadrupole": [
                [
                    -3.902801325633399,
                    -4.078438007881893,
                    0.03642967773369218
                ],
                [
                    -4.078438007881893,
                    -0.05335202985109643,
                    -3.8578887434997364
                ],
                [
                    0.03642967773369218,
                    -3.8578887434997364,
                    0.0021951693038465194
                ]
            ],
            "volume_eff": 28.420463913373375,
            "alpha_iso": 8.927894423049228,
            "c6_ii": 25.794167537754788,
            "c8_ii": 613.5470910181833,
            "c10_ii": 18284.738182525558,
            "slater_b_init": 38.62591475909514
        },
        {
            "index": 2,
            "element": "O",
            "charge": -0.4669796909444699,
            "dipole": [
                0.01931066551811975,
                0.14570485574396586,
                0.1096351138534933
            ],
            "quadrupole": [
                [
                    -4.054372385100699,
                    -4.072101320865087,
                    -0.040468916284079094
                ],
                [
                    -4.072101320865087,
                    -0.01023271255486908,
                    -4.090472958826932
                ],
                [
                    -0.040468916284079094,
                    -4.090472958826932,
                    -0.00610187254882418
                ]
            ],
            "volume_eff": 22.96967726576623,
            "alpha_iso": 6.852831891444068,
            "c6_ii": 25.123331856835698,
            "c8_ii": 1019.3670907667712,
            "c10_ii": 39828.4647545814,
            "slater_b_init": 34.17508614413947
        },
        {
            "index": 3,
            "element": "P",
            "charge": 1.8128538004412462,
            "dipole": [
                0.0051664057998624426,
                -0.031536644395275946,
                0.08675605915401849
            ],
            "quadrupole": [
                [
                    -6.057956667469309,
                    -6.046315743794713,
                    0.019844533941461115
                ],
                [
                    -6.046315743794713,
                    0.008872435356710107,
                    -6.072991776992689
                ],
                [
                    0.019844533941461115,
                    -6.072991776992689,
                    -0.0030900294545262172
                ]
            ],
            "volume_eff": 47.80803696905393,
            "alpha_iso": 18.387706526559203,
            "c6_ii": 100.07989438683289,
            "c8_ii": 3085.542409458722,
            "c10_ii": 53874.48219152252,
            "slater_b_init": 36.55819582978867
        },
        {
            "index": 4,
            "element": "O",
            "charge": -0.8555207684939958,
            "dipole": [
                -0.011931952735893104,
                0.036785456124538304,
                -0.3418060746825698
            ],
            "quadrupole": [
                [
                    -4.733610427671739,
                    -4.753088277213305,
                    0.014247196256475506
                ],
                [
                    -4.753088277213305,
                    0.006727427871583518,
                    -4.808142093942683
                ],
                [
                    0.014247196256475506,
                    -4.808142093942683,
                    -0.007476306539479445
                ]
            ],
            "volume_eff": 28.501557703296605,
            "alpha_iso": 8.50322716009954,
            "c6_ii": 38.681618838325434,
            "c8_ii": 1812.3155504213976,
            "c10_ii": 81765.96684380558,
            "slater_b_init": 31.80326565464509
        },
        {
            "index": 5,
            "element": "O",
            "charge": -0.5877212486646748,
            "dipole": [
                0.15042061542685536,
                -0.12075214195316461,
                0.04289637500299851
            ],
            "quadrupole": [
                [
                    -4.27003363596514,
                    -4.264970419332343,
                    0.020079243491039084
                ],
                [
                    -4.264970419332343,
                    0.033278595199120777,
                    -4.2507312674554765
                ],
                [
                    0.020079243491039084,
                    -4.2507312674554765,
                    -0.02169620269638765
                ]
            ],
            "volume_eff": 24.46586291617711,
            "alpha_iso": 7.299207720848419,
            "c6_ii": 28.502865579309102,
            "c8_ii": 1206.1805699038937,
            "c10_ii": 49152.51174294792,
            "slater_b_init": 33.46373427692201
        },
        {
            "index": 6,
            "element": "C",
            "charge": 0.5037538355872417,
            "dipole": [
                -0.10961524697829252,
                -0.01975798761831532,
                0.018993420090087535
            ],
            "quadrupole": [
                [
                    -3.452950502233231,
                    -3.5796135712331045,
                    -0.0012855568313683903
                ],
                [
                    -3.5796135712331045,
                    0.03262943699804216,
                    -3.5680076058041648
                ],
                [
                    -0.0012855568313683903,
                    -3.5680076058041648,
                    -0.023362811979129518
                ]
            ],
            "volume_eff": 24.752904978576662,
            "alpha_iso": 7.775781668662825,
            "c6_ii": 19.566427597472348,
            "c8_ii": 424.45787925674466,
            "c10_ii": 11536.448169104631,
            "slater_b_init": 40.44645288696572
        },
        {
            "index": 7,
            "element": "C",
            "charge": -0.5381869642532138,
            "dipole": [
                -0.01657721777686331,
                0.024029609718940036,
                0.00048462099080025863
            ],
            "quadrupole": [
                [
                    -5.245300276435086,
                    -5.3481470069128925,
                    0.005473847575246433
                ],
                [
                    -5.3481470069128925,
                    0.026374138385865907,
                    -5.269516219248455
                ],
                [
                    0.005473847575246433,
                    -5.269516219248455,
                    -0.006924933203393907
                ]
            ],
            "volume_eff": 40.33696477762054,
            "alpha_iso": 12.671297835901738,
            "c6_ii": 51.95957889048311,
            "c8_ii": 1560.8938750297432,
            "c10_ii": 58748.33869055908,
            "slater_b_init": 34.37067754032417
        },
        {
            "index": 8,
            "element": "C",
            "charge": -0.5425683737019718,
            "dipole": [
                -0.008531962730826513,
                -0.019560511091749992,
                -0.022100306481973798
            ],
            "quadrupole": [
                [
                    -5.247204588975378,
                    -5.265196827178876,
                    -0.026745087213823116
                ],
                [
                    -5.265196827178876,
                    -0.01589311376345336,
                    -5.29294629046755
                ],
                [
                    -0.026745087213823116,
                    -5.29294629046755,
                    -0.028027453578407642
                ]
            ],
            "volume_eff": 40.028474774881836,
            "alpha_iso": 12.574389981638271,
            "c6_ii": 51.16786254806348,
            "c8_ii": 1529.263231559738,
            "c10_ii": 57263.999587837105,
            "slater_b_init": 34.45874724732493
        },
        {
            "index": 9,
            "element": "C",
            "charge": -0.5775618742423969,
            "dipole": [
                0.002938927180121944,
                -0.010418753170175718,
                0.014855222867837423
            ],
            "quadrupole": [
                [
                    -5.326926665491695,
                    -5.337469938632865,
                    0.004449844014712084
                ],
                [
                    -5.337469938632865,
                    -0.0015396420610345317,
                    -5.37149186658509
                ],
                [
                    0.004449844014712084,
                    -5.37149186658509,
                    0.024721807417038826
                ]
            ],
            "volume_eff": 40.772057767006686,
            "alpha_iso": 12.807976261886916,
            "c6_ii": 53.08654393130373,
            "c8_ii": 1606.19578920131,
            "c10_ii": 60887.336053800325,
            "slater_b_init": 34.24797951305038
        },
        {
            "index": 10,
            "element": "O",
            "charge": -0.5903843695592421,
            "dipole": [
                -0.16276338991113437,
                -0.07915948563458415,
                0.058292257699298466
            ],
            "quadrupole": [
                [
                    -4.277120334939482,
                    -4.256661636301318,
                    0.01997528835266296
                ],
                [
                    -4.256661636301318,
                    -0.021208595864562613,
                    -4.263449052065128
                ],
                [
                    0.01997528835266296,
                    -4.263449052065128,
                    0.025854325719264503
                ]
            ],
            "volume_eff": 24.49479596971471,
            "alpha_iso": 7.307839681572343,
            "c6_ii": 28.570319775733484,
            "c8_ii": 1209.988094240196,
            "c10_ii": 49346.536561279805,
            "slater_b_init": 33.45055338902924
        },
        {
            "index": 11,
            "element": "C",
            "charge": 0.5195482328465442,
            "dipole": [
                0.10015108906747541,
                -0.031404843818546434,
                0.03487199109644132
            ],
            "quadrupole": [
                [
                    -3.435945669736002,
                    -3.530501397173774,
                    -0.01473413934795208
                ],
                [
                    -3.530501397173774,
                    -0.0428368263588595,
                    -3.52587497923768
                ],
                [
                    -0.01473413934795208,
                    -3.52587497923768,
                    0.040512919674999814
                ]
            ],
            "volume_eff": 24.41174771587458,
            "alpha_iso": 7.668611847918715,
            "c6_ii": 19.030795261182163,
            "c8_ii": 409.0362475750727,
            "c10_ii": 11014.91408121964,
            "slater_b_init": 40.63399669722116
        },
        {
            "index": 12,
            "element": "C",
            "charge": -0.5889586142637819,
            "dipole": [
                -0.01174257889052364,
                -0.02346277765933566,
                8.678351494749842e-05
            ],
            "quadrupole": [
                [
                    -5.360496529292928,
                    -5.412982735103261,
                    0.0032301353914967377
                ],
                [
                    -5.412982735103261,
                    0.019761786213990426,
                    -5.3368874896068546
                ],
                [
                    0.0032301353914967377,
                    -5.3368874896068546,
                    0.01700298692974315
                ]
            ],
            "volume_eff": 41.01834341840903,
            "alpha_iso": 12.88534348222273,
            "c6_ii": 53.729824806364356,
            "c8_ii": 1632.1990180080115,
            "c10_ii": 62121.97574478357,
            "slater_b_init": 34.17929703763779
        },
        {
            "index": 13,
            "element": "C",
            "charge": -0.560349620797763,
            "dipole": [
                0.005796687811467362,
                0.010574509828592005,
                0.029387157249365834
            ],
            "quadrupole": [
                [
                    -5.270775058793634,
                    -5.296311319157711,
                    -0.025962580595875757
                ],
                [
                    -5.296311319157711,
                    -0.024880868087670444,
                    -5.338637012645059
                ],
                [
                    -0.025962580595875757,
                    -5.338637012645059,
                    -0.01143021861972401
                ]
            ],
            "volume_eff": 40.3308213652724,
            "alpha_iso": 12.669367968148396,
            "c6_ii": 51.94375296941153,
            "c8_ii": 1560.2600148967015,
            "c10_ii": 58718.51896679953,
            "slater_b_init": 34.37242262854897
        },
        {
            "index": 14,
            "element": "C",
            "charge": -0.5235559249938762,
            "dipole": [
                0.02758480265410536,
                0.011694955115242838,
                -0.02432187279330042
            ],
            "quadrupole": [
                [
                    -5.221830723197581,
                    -5.245771304606427,
                    0.019450491670737986
                ],
                [
                    -5.245771304606427,
                    -0.018488115019631796,
                    -5.272563898142189
                ],
                [
                    0.019450491670737986,
                    -5.272563898142189,
                    0.023717214542494335
                ]
            ],
            "volume_eff": 39.92250882046635,
            "alpha_iso": 12.541102247266915,
            "c6_ii": 50.89731141569717,
            "c8_ii": 1518.4913958594361,
            "c10_ii": 56760.24857258197,
            "slater_b_init": 34.489208159640235
        },
        {
            "index": 15,
            "element": "H",
            "charge": 0.300445208047884,
            "dipole": [
                0.011913572109360164,
                0.04415929231832907,
                -0.021968633600247214
            ],
            "quadrupole": [
                [
                    -0.3385730045452414,
                    -0.3297544051559553,
                    -0.003319877874639435
                ],
                [
                    -0.3297544051559553,
                    0.002499306017211434,
                    -0.3349497528933348
                ],
                [
                    -0.003319877874639435,
                    -0.3349497528933348,
                    -0.0011108478489076242
                ]
            ],
            "volume_eff": 1.696350135963977,
            "alpha_iso": 0.541388341265099,
            "c6_ii": 0.09408191033953282,
            "c8_ii": 0.43881090092480485,
            "c10_ii": 2.824807407196821,
            "slater_b_init": 81.02664613382572
        },
        {
            "index": 16,
            "element": "H",
            "charge": 0.1550358081445179,
            "dipole": [
                -0.014507186797164354,
                -0.014772627586532869,
                0.03940244898694443
            ],
            "quadrupole": [
                [
                    -0.47811116597999187,
                    -0.4747689931631971,
                    0.005079685589415133
                ],
                [
                    -0.4747689931631971,
                    -0.0046342910397982875,
                    -0.4869774774806929
                ],
                [
                    0.005079685589415133,
                    -0.4869774774806929,
                    -0.000471124204567711
                ]
            ],
            "volume_eff": 2.6961660510357035,
            "alpha_iso": 0.8604785269262885,
            "c6_ii": 0.23766673676335948,
            "c8_ii": 1.5097108484101478,
            "c10_ii": 13.236077561469198,
            "slater_b_init": 69.43058378485779
        },
        {
            "index": 17,
            "element": "H",
            "charge": 0.15772548580288315,
            "dipole": [
                -0.0236596068669395,
                -0.020863884535735254,
                -0.031472086652562466
            ],
            "quadrupole": [
                [
                    -0.47479964057764146,
                    -0.47437202719840443,
                    -0.005219141444568772
                ],
                [
                    -0.47437202719840443,
                    -0.005448296830987206,
                    -0.4811607546896069
                ],
                [
                    -0.005219141444568772,
                    -0.4811607546896069,
                    1.1564738244940024e-05
                ]
            ],
            "volume_eff": 2.672730839078972,
            "alpha_iso": 0.8529992039613741,
            "c6_ii": 0.23355307025836033,
            "c8_ii": 1.474970539442737,
            "c10_ii": 12.856455948658954,
            "slater_b_init": 69.63292212993943
        },
        {
            "index": 18,
            "element": "H",
            "charge": 0.15808291872557723,
            "dipole": [
                0.043225951021433624,
                0.004203612601592988,
                -0.006408067955088205
            ],
            "quadrupole": [
                [
                    -0.4847306202651601,
                    -0.4678538660892346,
                    -0.0005100254446898575
                ],
                [
                    -0.4678538660892346,
                    -0.002189021283141437,
                    -0.4781375770647343
                ],
                [
                    -0.0005100254446898575,
                    -0.4781375770647343,
                    0.0007952598865499159
                ]
            ],
            "volume_eff": 2.676310283878044,
            "alpha_iso": 0.854141579961078,
            "c6_ii": 0.234179059309612,
            "c8_ii": 1.4802440168038005,
            "c10_ii": 12.913938878400387,
            "slater_b_init": 69.60186464455471
        },
        {
            "index": 19,
            "element": "H",
            "charge": 0.15581615153373107,
            "dipole": [
                -0.016734716343888865,
                -0.019732861181611213,
                0.03700876932538117
            ],
            "quadrupole": [
                [
                    -0.4794969469751661,
                    -0.4780679197618524,
                    0.006733600777799321
                ],
                [
                    -0.4780679197618524,
                    0.0031194992571384797,
                    -0.4841825171666972
                ],
                [
                    0.006733600777799321,
                    -0.4841825171666972,
                    0.0031058495125493445
                ]
            ],
            "volume_eff": 2.703126900130473,
            "alpha_iso": 0.8627000745097254,
            "c6_ii": 0.2388955170683485,
            "c8_ii": 1.5201271127196265,
            "c10_ii": 13.350328895428504,
            "slater_b_init": 69.37093542510068
        },
        {
            "index": 20,
            "element": "H",
            "charge": 0.1620590263570999,
            "dipole": [
                -0.020730289143953633,
                0.042612223399808746,
                -0.003871974235495897
            ],
            "quadrupole": [
                [
                    -0.4629543716040097,
                    -0.47057549138222526,
                    0.00211733837752662
                ],
                [
                    -0.47057549138222526,
                    -0.002337717450843888,
                    -0.4629416451959541
                ],
                [
                    0.00211733837752662,
                    -0.4629416451959541,
                    0.0037356466743715087
                ]
            ],
            "volume_eff": 2.577119971775243,
            "alpha_iso": 0.8224850973750776,
            "c6_ii": 0.21714228543835015,
            "c8_ii": 1.3384282998910964,
            "c10_ii": 11.386387830637252,
            "slater_b_init": 70.48361170937254
        },
        {
            "index": 21,
            "element": "H",
            "charge": 0.16028297718481666,
            "dipole": [
                0.043453235008241796,
                -0.001759891063317661,
                -0.005958927037609529
            ],
            "quadrupole": [
                [
                    -0.482393163415602,
                    -0.4725166328933571,
                    0.004635170104135055
                ],
                [
                    -0.4725166328933571,
                    0.0010814553728537503,
                    -0.4694958582699029
                ],
                [
                    0.004635170104135055,
                    -0.4694958582699029,
                    0.0017972774560494874
                ]
            ],
            "volume_eff": 2.6616366252370964,
            "alpha_iso": 0.8494584974160946,
            "c6_ii": 0.23161818777336593,
            "c8_ii": 1.4587004509349741,
            "c10_ii": 12.679429993084488,
            "slater_b_init": 69.7295358273123
        },
        {
            "index": 22,
            "element": "H",
            "charge": 0.16282970341887593,
            "dipole": [
                0.04233949036511512,
                -0.00046120128949199874,
                -0.005856988984914923
            ],
            "quadrupole": [
                [
                    -0.4812235449566974,
                    -0.47119646184625064,
                    -0.004394134946516242
                ],
                [
                    -0.47119646184625064,
                    -4.9329761590565094e-06,
                    -0.4648880145234163
                ],
                [
                    -0.004394134946516242,
                    -0.4648880145234163,
                    0.0010992127931796975
                ]
            ],
            "volume_eff": 2.644578492911479,
            "alpha_iso": 0.844014412631323,
            "c6_ii": 0.2286588709501769,
            "c8_ii": 1.4339036750195688,
            "c10_ii": 12.410579357137676,
            "slater_b_init": 69.87913841461287
        },
        {
            "index": 23,
            "element": "H",
            "charge": 0.1747327095132012,
            "dipole": [
                -0.019448475432349573,
                0.04178950823568451,
                -0.002718138891592347
            ],
            "quadrupole": [
                [
                    -0.45625322574300486,
                    -0.45969965930482837,
                    -0.0008862864686397419
                ],
                [
                    -0.45969965930482837,
                    -0.0011211525288884977,
                    -0.44801464751674563
                ],
                [
                    -0.0008862864686397419,
                    -0.44801464751674563,
                    -0.0015217924391619144
                ]
            ],
            "volume_eff": 2.505617360633811,
            "alpha_iso": 0.799665115095897,
            "c6_ii": 0.2052601444917863,
            "c8_ii": 1.2416773105024788,
            "c10_ii": 10.366998010097882,
            "slater_b_init": 71.1477951097724
        },
        {
            "index": 24,
            "element": "H",
            "charge": 0.18061610009536355,
            "dipole": [
                -0.026608748411404974,
                -0.02204443016497882,
                -0.029717052768443653
            ],
            "quadrupole": [
                [
                    -0.45050019914472084,
                    -0.45101950810162444,
                    -0.007504444264335012
                ],
                [
                    -0.45101950810162444,
                    0.0012707375904219705,
                    -0.45137883531203693
                ],
                [
                    -0.007504444264335012,
                    -0.45137883531203693,
                    -0.0012996857504197858
                ]
            ],
            "volume_eff": 2.4880427746827025,
            "alpha_iso": 0.7940562046859689,
            "c6_ii": 0.20239082297786937,
            "c8_ii": 1.2185882699555652,
            "c10_ii": 10.126592295718025,
            "slater_b_init": 71.3149225204319
        },
        {
            "index": 25,
            "element": "H",
            "charge": 0.17904190767283756,
            "dipole": [
                0.025482419631186127,
                0.015568886786420875,
                -0.03586879300223115
            ],
            "quadrupole": [
                [
                    -0.4523415157705882,
                    -0.44796687226502124,
                    0.003361601258768591
                ],
                [
                    -0.44796687226502124,
                    -0.00015864796425821382,
                    -0.4547469248981058
                ],
                [
                    0.003361601258768591,
                    -0.4547469248981058,
                    0.0008473493648150993
                ]
            ],
            "volume_eff": 2.4898209017459463,
            "alpha_iso": 0.7946236920465786,
            "c6_ii": 0.2026802112469769,
            "c8_ii": 1.2209120193333038,
            "c10_ii": 10.15073628837812,
            "slater_b_init": 71.29794175521442
        },
        {
            "index": 26,
            "element": "H",
            "charge": 0.17304310144938773,
            "dipole": [
                -0.04065558149707506,
                0.005439324420706052,
                -0.007459989423149117
            ],
            "quadrupole": [
                [
                    -0.46749906480058784,
                    -0.45283071537798114,
                    0.00017253849402075662
                ],
                [
                    -0.45283071537798114,
                    0.0018283165125166714,
                    -0.46189253019848786
                ],
                [
                    0.00017253849402075662,
                    -0.46189253019848786,
                    -0.000592612827637751
                ]
            ],
            "volume_eff": 2.5604730422475193,
            "alpha_iso": 0.8171722475258041,
            "c6_ii": 0.21434608068253982,
            "c8_ii": 1.3154973189005887,
            "c10_ii": 11.143061893031607,
            "slater_b_init": 70.63603172790897
        },
        {
            "index": 27,
            "element": "H",
            "charge": 0.16470734011224608,
            "dipole": [
                0.01621596576858857,
                0.015871162413602487,
                0.03796090348530738
            ],
            "quadrupole": [
                [
                    -0.46741450440103827,
                    -0.4621070282423479,
                    -0.0050120011532184304
                ],
                [
                    -0.4621070282423479,
                    -8.88677465020698e-05,
                    -0.47396452960282837
                ],
                [
                    -0.0050120011532184304,
                    -0.47396452960282837,
                    0.001490469707146729
                ]
            ],
            "volume_eff": 2.604705132313741,
            "alpha_iso": 0.8312888720150238,
            "c6_ii": 0.22181569021155895,
            "c8_ii": 1.3769735201924167,
            "c10_ii": 11.797746752730399,
            "slater_b_init": 70.2339089557096
        },
        {
            "index": 28,
            "element": "H",
            "charge": 0.18283924852915145,
            "dipole": [
                0.03149779337587998,
                0.020468311107768096,
                -0.031526039182881986
            ],
            "quadrupole": [
                [
                    -0.4469974313314919,
                    -0.44717039005274384,
                    0.004039622394516138
                ],
                [
                    -0.44717039005274384,
                    0.002154546408952631,
                    -0.4489416770352444
                ],
                [
                    0.004039622394516138,
                    -0.4489416770352444,
                    0.0007233898953456292
                ]
            ],
            "volume_eff": 2.461192538162028,
            "alpha_iso": 0.785486980264477,
            "c6_ii": 0.19804610741098988,
            "c8_ii": 1.1838344825234648,
            "c10_ii": 9.766879194237823,
            "slater_b_init": 71.57332045703546
        },
        {
            "index": 29,
            "element": "H",
            "charge": 0.1552864869355428,
            "dipole": [
                -0.041318164518467634,
                0.006953626638189136,
                -0.00701109157678798
            ],
            "quadrupole": [
                [
                    -0.489209526872193,
                    -0.4793949533665274,
                    0.0049242973441205795
                ],
                [
                    -0.4793949533665274,
                    -6.29868417150123e-07,
                    -0.47512449957653524
                ],
                [
                    0.0049242973441205795,
                    -0.47512449957653524,
                    -0.0009175743779750368
                ]
            ],
            "volume_eff": 2.709204889806678,
            "alpha_iso": 0.8646398584489398,
            "c6_ii": 0.23997103957140328,
            "c8_ii": 1.5292588953635189,
            "c10_ii": 13.450652503445866,
            "slater_b_init": 69.31901963582845
        },
        {
            "index": 30,
            "element": "H",
            "charge": 0.1559017360663173,
            "dipole": [
                0.01484540904075707,
                -0.0412840877376308,
                0.004669545153825534
            ],
            "quadrupole": [
                [
                    -0.48013541039907065,
                    -0.4895419574073773,
                    0.0026549354596051957
                ],
                [
                    -0.4895419574073773,
                    0.00036439236385061566,
                    -0.4727142917561125
                ],
                [
                    0.0026549354596051957,
                    -0.4727142917561125,
                    0.0031279989386542085
                ]
            ],
            "volume_eff": 2.7043280177945426,
            "alpha_iso": 0.8630834099344286,
            "c6_ii": 0.23910786771734643,
            "c8_ii": 1.5219290038865325,
            "c10_ii": 13.370112934206773,
            "slater_b_init": 69.36066361953212
        },
        {
            "index": 31,
            "element": "H",
            "charge": 0.15619820856164313,
            "dipole": [
                -0.041170634552073385,
                0.009008464948845702,
                -0.010690367446604513
            ],
            "quadrupole": [
                [
                    -0.48397135374908934,
                    -0.47895857904704053,
                    -0.00368877434144654
                ],
                [
                    -0.47895857904704053,
                    0.0024564860216537143,
                    -0.4743819670053998
                ],
                [
                    -0.00368877434144654,
                    -0.4743819670053998,
                    -0.004126748896957788
                ]
            ],
            "volume_eff": 2.6929452069751263,
            "alpha_iso": 0.8594505979707849,
            "c6_ii": 0.2370992418414918,
            "c8_ii": 1.504906293849264,
            "c10_ii": 13.183444851219118,
            "slater_b_init": 69.45825311729153
        },
        {
            "index": 32,
            "element": "H",
            "charge": 0.14923186509548692,
            "dipole": [
                0.017178340200208843,
                0.019418801658237835,
                0.03706668219236536
            ],
            "quadrupole": [
                [
                    -0.48367921794347885,
                    -0.48680518571910997,
                    -0.005739035939435349
                ],
                [
                    -0.48680518571910997,
                    0.003142902849561661,
                    -0.4920170407608261
                ],
                [
                    -0.005739035939435349,
                    -0.4920170407608261,
                    -0.00423297504068032
                ]
            ],
            "volume_eff": 2.7526173629128823,
            "alpha_iso": 0.8784949030573029,
            "c6_ii": 0.24772327977949582,
            "c8_ii": 1.5954811096912114,
            "c10_ii": 14.182626531894384,
            "slater_b_init": 68.9526688680863
        },
        {
            "index": 33,
            "element": "H",
            "charge": 0.15364999527973366,
            "dipole": [
                0.012775415330876222,
                -0.04307985761402692,
                8.784451478707552e-05
            ],
            "quadrupole": [
                [
                    -0.47797007309281686,
                    -0.49022089254823287,
                    -0.0008550129300920426
                ],
                [
                    -0.49022089254823287,
                    0.0005457911111952502,
                    -0.4774298323101497
                ],
                [
                    -0.0008550129300920426,
                    -0.4774298323101497,
                    -0.004949656688343209
                ]
            ],
            "volume_eff": 2.7112769429866894,
            "alpha_iso": 0.8653011520170286,
            "c6_ii": 0.24033824908311005,
            "c8_ii": 1.532379836306831,
            "c10_ii": 13.484974189955206,
            "slater_b_init": 69.30135645800307
        }
    ]
}