{
    "molecule": "Sulf_528",
    "atoms": [
        {
            "index": 0,
            "element": "C",
            "charge": -0.10927870066310774,
            "dipole": [
                0.13514415744291125,
                0.006622939823898404,
                0.07766131519147741
            ],
            "quadrupole": [
                [
                    -4.49431228268449,
                    -4.587562996008655,
                    -0.019508423803389886
                ],
                [
                    -4.587562996008655,
                    0.017541187134345805,
                    -4.565139868303791
                ],
                [
                    -0.019508423803389886,
                    -4.565139868303791,
                    0.05014681062874579
                ]
            ],
            "volume_eff": 33.644389628117544,
            "alpha_iso": 10.568918207785615,
            "c6_ii": 36.148018715704055,
            "c8_ii": 962.1996860475954,
            "c10_ii": 32089.31031059555,
            "slater_b_init": 36.51334444648193
        },
        {
            "index": 1,
            "element": "O",
            "charge": -0.3526547046894848,
            "dipole": [
                -0.02476742586576787,
                -0.03132274529473283,
                -0.06894871083220794
            ],
            "quadrupole": [
                [
                    -3.948749141551532,
                    -4.048720012173099,
                    0.00031338112284194555
                ],
                [
                    -4.048720012173099,
                    -0.06479095461869934,
                    -4.100786569950124
                ],
                [
                    0.00031338112284194555,
                    -4.100786569950124,
                    0.0002615510420327988
                ]
            ],
            "volume_eff": 22.95943748776764,
            "alpha_iso": 6.849776930052224,
            "c6_ii": 25.100937114781217,
            "c8_ii": 1018.1557296306734,
            "c10_ii": 39769.31103323797,
            "slater_b_init": 34.18016602009806
        },
        {
            "index": 2,
            "element": "C",
            "charge": 0.15031456516281594,
            "dipole": [
                -0.0011325085346575554,
                0.11395100379940877,
                0.08867702935771318
            ],
            "quadrupole": [
                [
                    -4.077227883773565,
                    -4.024367614097526,
                    -0.014553087450998177
                ],
                [
                    -4.024367614097526,
                    -0.05351532630514897,
                    -4.064016502336149
                ],
                [
                    -0.014553087450998177,
                    -4.064016502336149,
                    -0.05585343540960822
                ]
            ],
            "volume_eff": 29.126308320024844,
            "alpha_iso": 9.149625650269584,
            "c6_ii": 27.09131436505079,
            "c8_ii": 655.0271691732839,
            "c10_ii": 19842.80259791662,
            "slater_b_init": 38.31134077394407
        },
        {
            "index": 3,
            "element": "C",
            "charge": -0.5528283990844924,
            "dipole": [
                -0.08969642330267456,
                -0.01578890053738647,
                0.016084828496547864
            ],
            "quadrupole": [
                [
                    -5.306364094509839,
                    -5.207160540988812,
                    0.04865189913303706
                ],
                [
                    -5.207160540988812,
                    -0.05795536197221321,
                    -5.26375972160946
                ],
                [
                    0.04865189913303706,
                    -5.26375972160946,
                    -0.032645214172996984
                ]
            ],
            "volume_eff": 39.78948918597466,
            "alpha_iso": 12.499315974651726,
            "c6_ii": 50.55870230745115,
            "c8_ii": 1505.0367478877506,
            "c10_ii": 56132.28860559217,
            "slater_b_init": 34.52759885885729
        },
        {
            "index": 4,
            "element": "S",
            "charge": 1.1306497175989882,
            "dipole": [
                -0.043262454319554944,
                0.04828157138932936,
                -0.14132551566620172
            ],
            "quadrupole": [
                [
                    -7.8286495190633145,
                    -7.83939848018659,
                    -0.014522053375688243
                ],
                [
                    -7.83939848018659,
                    -0.021845958207226908,
                    -7.871231210723426
                ],
                [
                    -0.014522053375688243,
                    -7.871231210723426,
                    -0.023049646925271852
                ]
            ],
            "volume_eff": 61.15525994516683,
            "alpha_iso": 15.939402858048803,
            "c6_ii": 88.62102120246084,
            "c8_ii": 2304.8142326103234,
            "c10_ii": 60242.24746723052,
            "slater_b_init": 36.42561768866687
        },
        {
            "index": 5,
            "element": "O",
            "charge": -0.5967660081122048,
            "dipole": [
                0.035227256213384614,
                -0.08497998702836258,
                -0.14895493681174907
            ],
            "quadrupole": [
                [
                    -4.326138214019466,
                    -4.3147931185490265,
                    -0.01913257087821204
                ],
                [
                    -4.3147931185490265,
                    -0.0035265724634020914,
                    -4.354373414589874
                ],
                [
                    -0.01913257087821204,
                    -4.354373414589874,
                    0.0017643507419210823
                ]
            ],
            "volume_eff": 25.03642276766925,
            "alpha_iso": 7.469429996984196,
            "c6_ii": 29.84777770526812,
            "c8_ii": 1282.6562966180545,
            "c10_ii": 53078.443286946625,
            "slater_b_init": 33.207574593212584
        },
        {
            "index": 6,
            "element": "O",
            "charge": -0.5764757251215293,
            "dipole": [
                -0.07811338904522906,
                0.15352391993442727,
                -0.01932593813166658
            ],
            "quadrupole": [
                [
                    -4.278531108295404,
                    -4.313570391172391,
                    0.003355448708972379
                ],
                [
                    -4.313570391172391,
                    0.013994894957152806,
                    -4.2883746736642205
                ],
                [
                    0.003355448708972379,
                    -4.2883746736642205,
                    -0.005383471792213546
                ]
            ],
            "volume_eff": 24.716219458181133,
            "alpha_iso": 7.373899727855145,
            "c6_ii": 29.08918368535013,
            "c8_ii": 1239.3757872149936,
            "c10_ii": 50849.19296654768,
            "slater_b_init": 33.35036321421926
        },
        {
            "index": 7,
            "element": "C",
            "charge": -0.20256809849265167,
            "dipole": [
                0.06850676335163848,
                -0.1606310350752527,
                0.06871372743291988
            ],
            "quadrupole": [
                [
                    -4.7955924824113305,
                    -4.636942568153093,
                    -0.024227327398506773
                ],
                [
                    -4.636942568153093,
                    -0.03250611108522106,
                    -4.706925291576085
                ],
                [
                    -0.024227327398506773,
                    -4.706925291576085,
                    -0.06477892727060983
                ]
            ],
            "volume_eff": 35.09976623786297,
            "alpha_iso": 11.026104577339153,
            "c6_ii": 39.34301505701073,
            "c8_ii": 1077.2323779094131,
            "c10_ii": 36954.35421816345,
            "slater_b_init": 36.00154100281376
        },
        {
            "index": 8,
            "element": "O",
            "charge": -0.3026373826789026,
            "dipole": [
                0.05145303093126735,
                0.08284278745316151,
                -0.0038014284657830553
            ],
            "quadrupole": [
                [
                    -3.947331790910053,
                    -3.9786554231713835,
                    -0.0443077682764302
                ],
                [
                    -3.9786554231713835,
                    -0.0515953220553256,
                    -3.9753412341229972
                ],
                [
                    -0.0443077682764302,
                    -3.9753412341229972,
                    0.06109917406136357
                ]
            ],
            "volume_eff": 22.465189055604835,
            "alpha_iso": 6.702321596699785,
            "c6_ii": 24.031872107516403,
            "c8_ii": 960.7515655617077,
            "c10_ii": 36986.580480984136,
            "slater_b_init": 34.4290117137073
        },
        {
            "index": 9,
            "element": "C",
            "charge": -0.0944567962862477,
            "dipole": [
                -0.13740022141072986,
                -0.018883178276350072,
                -0.07383169059676355
            ],
            "quadrupole": [
                [
                    -4.431012272147948,
                    -4.5440783846255925,
                    0.014553654551730058
                ],
                [
                    -4.5440783846255925,
                    0.0025382669301329676,
                    -4.491415003588614
                ],
                [
                    0.014553654551730058,
                    -4.491415003588614,
                    0.04895843091539347
                ]
            ],
            "volume_eff": 32.951035960044926,
            "alpha_iso": 10.351110772788982,
            "c6_ii": 34.67347243849682,
            "c8_ii": 910.225494818819,
            "c10_ii": 29937.471268910034,
            "slater_b_init": 36.76767269593072
        },
        {
            "index": 10,
            "element": "H",
            "charge": 0.08799539523836208,
            "dipole": [
                0.015008647908392141,
                0.020128649818792848,
                -0.05347870307865268
            ],
            "quadrupole": [
                [
                    -0.5239056327496248,
                    -0.5484753156719321,
                    -0.002500577383357998
                ],
                [
                    -0.5484753156719321,
                    0.0024119002838339314,
                    -0.5517616695213586
                ],
                [
                    -0.002500577383357998,
                    -0.5517616695213586,
                    0.008271219079710533
                ]
            ],
            "volume_eff": 3.118495228603237,
            "alpha_iso": 0.9952644346606077,
            "c6_ii": 0.31795473663466384,
            "c8_ii": 2.2254762830088524,
            "c10_ii": 21.499125584717305,
            "slater_b_init": 66.14311857697916
        },
        {
            "index": 11,
            "element": "H",
            "charge": 0.07602200784071445,
            "dipole": [
                -0.0239667309630872,
                -0.05010076507152002,
                0.013587968630103125
            ],
            "quadrupole": [
                [
                    -0.5457928993826654,
                    -0.5720906293816741,
                    -0.004372878350025712
                ],
                [
                    -0.5720906293816741,
                    -0.0061303020906419625,
                    -0.5568490362631896
                ],
                [
                    -0.004372878350025712,
                    -0.5568490362631896,
                    0.01179389820179474
                ]
            ],
            "volume_eff": 3.2535725927459263,
            "alpha_iso": 1.0383742317274232,
            "c6_ii": 0.34609564411115346,
            "c8_ii": 2.491900799031783,
            "c10_ii": 24.763129016150696,
            "slater_b_init": 65.21480427604035
        },
        {
            "index": 12,
            "element": "H",
            "charge": 0.11776336508907126,
            "dipole": [
                -0.02335856907461596,
                0.04551296418793896,
                0.03092283914822455
            ],
            "quadrupole": [
                [
                    -0.490281282708372,
                    -0.5070344830080992,
                    0.0010838143389431528
                ],
                [
                    -0.5070344830080992,
                    0.001301967144891406,
                    -0.5011498118806499
                ],
                [
                    0.0010838143389431528,
                    -0.5011498118806499,
                    0.0110127069380866
                ]
            ],
            "volume_eff": 2.790442629054095,
            "alpha_iso": 0.8905667965066262,
            "c6_ii": 0.2545782678400239,
            "c8_ii": 1.6546177328689415,
            "c10_ii": 14.842743305333556,
            "slater_b_init": 68.6396925513836
        },
        {
            "index": 13,
            "element": "H",
            "charge": 0.09805065940859115,
            "dipole": [
                0.00985986168771302,
                0.01682131819172293,
                -0.06341353681170545
            ],
            "quadrupole": [
                [
                    -0.5100032244457058,
                    -0.5128837953107535,
                    0.0022722362676890844
                ],
                [
                    -0.5128837953107535,
                    -0.00817540831781259,
                    -0.528191185615604
                ],
                [
                    0.0022722362676890844,
                    -0.528191185615604,
                    -0.0033908231570806717
                ]
            ],
            "volume_eff": 2.919605530856345,
            "alpha_iso": 0.9317889992094718,
            "c6_ii": 0.27869134833632736,
            "c8_ii": 1.8668118706562704,
            "c10_ii": 17.259085329408677,
            "slater_b_init": 67.6121847721336
        },
        {
            "index": 14,
            "element": "H",
            "charge": 0.06604947025253138,
            "dipole": [
                -0.02556523678726176,
                -0.04972574098123424,
                0.03284164923791666
            ],
            "quadrupole": [
                [
                    -0.5498085632388413,
                    -0.5606090169312857,
                    0.0033853261539464868
                ],
                [
                    -0.5606090169312857,
                    -0.016242593244494462,
                    -0.5550296411162815
                ],
                [
                    0.0033853261539464868,
                    -0.5550296411162815,
                    -0.0023586079446548088
                ]
            ],
            "volume_eff": 3.2009125623645502,
            "alpha_iso": 1.021567839052516,
            "c6_ii": 0.33498298882033467,
            "c8_ii": 2.3857938186888723,
            "c10_ii": 23.45218006156546,
            "slater_b_init": 65.5704894165167
        },
        {
            "index": 15,
            "element": "H",
            "charge": 0.224852901437107,
            "dipole": [
                -0.007308252718806636,
                0.022165024439182116,
                0.03786100677907312
            ],
            "quadrupole": [
                [
                    -0.3944407426134938,
                    -0.39943855968851966,
                    -0.001886375815430174
                ],
                [
                    -0.39943855968851966,
                    0.004388375259570743,
                    -0.4087039822420247
                ],
                [
                    -0.001886375815430174,
                    -0.4087039822420247,
                    0.0029295666338703934
                ]
            ],
            "volume_eff": 2.1376610495909647,
            "alpha_iso": 0.6822322498694569,
            "c6_ii": 0.1494007643433391,
            "c8_ii": 0.8129671502529547,
            "c10_ii": 6.105670035172587,
            "slater_b_init": 75.01591557067931
        },
        {
            "index": 16,
            "element": "H",
            "charge": 0.22173015207661373,
            "dipole": [
                0.01644822464970582,
                -0.0435563571463334,
                -0.005168795914483179
            ],
            "quadrupole": [
                [
                    -0.3994661519504758,
                    -0.4089170134614277,
                    0.0020752087730164467
                ],
                [
                    -0.4089170134614277,
                    0.0034109151174002614,
                    -0.4025181076388367
                ],
                [
                    0.0020752087730164467,
                    -0.4025181076388367,
                    -0.0022420671147281553
                ]
            ],
            "volume_eff": 2.1550158343177035,
            "alpha_iso": 0.6877710109524586,
            "c6_ii": 0.15183645742186097,
            "c8_ii": 0.8306868230352632,
            "c10_ii": 6.272472059366902,
            "slater_b_init": 74.81399971965874
        },
        {
            "index": 17,
            "element": "H",
            "charge": 0.14911898903695686,
            "dipole": [
                -0.013615967054387864,
                0.03058291603011555,
                0.04504513727181301
            ],
            "quadrupole": [
                [
                    -0.4689863791368257,
                    -0.46478648109728055,
                    -0.011690498556784988
                ],
                [
                    -0.46478648109728055,
                    -0.0068274386464406795,
                    -0.47498860858881825
                ],
                [
                    -0.011690498556784988,
                    -0.47498860858881825,
                    -0.00010076789819743762
                ]
            ],
            "volume_eff": 2.5999233188264985,
            "alpha_iso": 0.829762761327606,
            "c6_ii": 0.22100200299057227,
            "c8_ii": 1.3702427658654361,
            "c10_ii": 11.725705464790087,
            "slater_b_init": 70.27694096408487
        },
        {
            "index": 18,
            "element": "H",
            "charge": 0.16614556762201615,
            "dipole": [
                0.04055958958002971,
                0.010201963353596319,
                -0.03654467679741196
            ],
            "quadrupole": [
                [
                    -0.4614066121407613,
                    -0.44337556415932605,
                    -0.004688101797251082
                ],
                [
                    -0.44337556415932605,
                    -0.00977603423640623,
                    -0.44973225726178706
                ],
                [
                    -0.004688101797251082,
                    -0.44973225726178706,
                    0.005488008925564061
                ]
            ],
            "volume_eff": 2.4702943350171087,
            "alpha_iso": 0.7883918090480134,
            "c6_ii": 0.19951361430770345,
            "c8_ii": 1.1955450704875286,
            "c10_ii": 9.887796622260037,
            "slater_b_init": 71.4853083337603
        },
        {
            "index": 19,
            "element": "H",
            "charge": 0.08398496740128658,
            "dipole": [
                -0.011724992441653478,
                0.03779547906648107,
                0.04479763684001318
            ],
            "quadrupole": [
                [
                    -0.527699166379909,
                    -0.5583654507024232,
                    -0.002896183024615271
                ],
                [
                    -0.5583654507024232,
                    -0.0008427136094247391,
                    -0.5494733897421693
                ],
                [
                    -0.002896183024615271,
                    -0.5494733897421693,
                    0.008941572966323134
                ]
            ],
            "volume_eff": 3.145005498805223,
            "alpha_iso": 1.0037251591931564,
            "c6_ii": 0.3233835688287717,
            "c8_ii": 2.2762843066026472,
            "c10_ii": 22.1144027097488,
            "slater_b_init": 65.95674667080206
        },
        {
            "index": 20,
            "element": "H",
            "charge": 0.12036940325310819,
            "dipole": [
                0.007501184815078595,
                -0.05832493761111476,
                0.02037490581890386
            ],
            "quadrupole": [
                [
                    -0.48665562319457517,
                    -0.5029869264138978,
                    0.0017490969933245198
                ],
                [
                    -0.5029869264138978,
                    0.004546787506182062,
                    -0.500656291630214
                ],
                [
                    0.0017490969933245198,
                    -0.500656291630214,
                    0.009565078543443408
                ]
            ],
            "volume_eff": 2.7704322995480535,
            "alpha_iso": 0.8841805211323575,
            "c6_ii": 0.25094018571230947,
            "c8_ii": 1.6231657053837025,
            "c10_ii": 14.490909910558898,
            "slater_b_init": 68.8045536114195
        },
        {
            "index": 21,
            "element": "H",
            "charge": 0.0893276984799295,
            "dipole": [
                0.03814511536714236,
                0.009875953778133132,
                -0.04531085057879375
            ],
            "quadrupole": [
                [
                    -0.5295104561267321,
                    -0.54896185659975,
                    0.003638609543582338
                ],
                [
                    -0.54896185659975,
                    -0.0010404811852764261,
                    -0.5350623454487492
                ],
                [
                    0.003638609543582338,
                    -0.5350623454487492,
                    0.014779695488144761
                ]
            ],
            "volume_eff": 3.0873116895127266,
            "alpha_iso": 0.9853122413338489,
            "c6_ii": 0.31162772266642785,
            "c8_ii": 2.1666263438489692,
            "c10_ii": 20.790843431176707,
            "slater_b_init": 66.36506688817396
        }
    ]
}