{
    "molecule": "FRAG_CCOC_eqO_C",
    "atoms": [
        {
            "index": 0,
            "element": "C",
            "charge": -0.5054494988795444,
            "dipole": [
                0.02689581855985987,
                -0.03727691537446495,
                0.00035757255778849065
            ],
            "quadrupole": [
                [
                    -5.1830023434166135,
                    -5.250115474801139,
                    0.008486354426352198
                ],
                [
                    -5.250115474801139,
                    0.032023515061909966,
                    -5.169810433417596
                ],
                [
                    0.008486354426352198,
                    -5.169810433417596,
                    -0.019014474461771798
                ]
            ],
            "volume_eff": 39.321639119329326,
            "alpha_iso": 12.352347367328584,
            "c6_ii": 49.37674044107472,
            "c8_ii": 1458.3074761256398,
            "c10_ii": 53962.27454922421,
            "slater_b_init": 34.66399613729193
        },
        {
            "index": 1,
            "element": "C",
            "charge": 0.10124085787000414,
            "dipole": [
                0.10398691746323925,
                0.07689746567746042,
                -0.07812964005088012
            ],
            "quadrupole": [
                [
                    -4.079134530159814,
                    -4.252201794699266,
                    0.014930360671113427
                ],
                [
                    -4.252201794699266,
                    0.0203147928948597,
                    -4.117962113774288
                ],
                [
                    0.014930360671113427,
                    -4.117962113774288,
                    -0.049058855874795367
                ]
            ],
            "volume_eff": 29.946683533728834,
            "alpha_iso": 9.407335141485497,
            "c6_ii": 28.638921375229327,
            "c8_ii": 705.3880355723276,
            "c10_ii": 21767.77204488428,
            "slater_b_init": 37.95825633298497
        },
        {
            "index": 2,
            "element": "O",
            "charge": -0.40330088009093323,
            "dipole": [
                -0.08798919858461329,
                0.005477808446692831,
                0.014044687547923094
            ],
            "quadrupole": [
                [
                    -4.020007262736859,
                    -4.060820755874203,
                    -0.00744703152834413
                ],
                [
                    -4.060820755874203,
                    -0.006261283305649958,
                    -4.103285600866343
                ],
                [
                    -0.00744703152834413,
                    -4.103285600866343,
                    -0.0028104002024565834
                ]
            ],
            "volume_eff": 23.090508288678308,
            "alpha_iso": 6.888880925904025,
            "c6_ii": 25.388347545131513,
            "c8_ii": 1033.729416666919,
            "c10_ii": 40531.14747425921,
            "slater_b_init": 34.11536990992354
        },
        {
            "index": 3,
            "element": "C",
            "charge": 0.8404713881840173,
            "dipole": [
                -0.06641032934258151,
                -0.01033865713288105,
                0.005055108121624816
            ],
            "quadrupole": [
                [
                    -3.064079589573116,
                    -2.8779577523418314,
                    -0.052456377338765126
                ],
                [
                    -2.8779577523418314,
                    -0.04033166031790631,
                    -3.086730517897042
                ],
                [
                    -0.052456377338765126,
                    -3.086730517897042,
                    0.049063109833981815
                ]
            ],
            "volume_eff": 20.247982790988736,
            "alpha_iso": 6.360622866279184,
            "c6_ii": 13.092504050776158,
            "c8_ii": 248.41787102450579,
            "c10_ii": 5905.510061613096,
            "slater_b_init": 43.24758998420073
        },
        {
            "index": 4,
            "element": "O",
            "charge": -0.5916784851733343,
            "dipole": [
                -0.005806939786415224,
                0.03582989740806466,
                0.1148426836604049
            ],
            "quadrupole": [
                [
                    -4.438692593736607,
                    -4.2973610848395705,
                    -0.029849361782966273
                ],
                [
                    -4.2973610848395705,
                    -0.040651490646604616,
                    -4.402203206206627
                ],
                [
                    -0.029849361782966273,
                    -4.402203206206627,
                    0.019539838737626786
                ]
            ],
            "volume_eff": 25.612135408248445,
            "alpha_iso": 7.641189569311691,
            "c6_ii": 31.23625985366465,
            "c8_ii": 1362.8236600181542,
            "c10_ii": 57257.17099550737,
            "slater_b_init": 32.956872052513
        },
        {
            "index": 5,
            "element": "C",
            "charge": -0.6634163968691169,
            "dipole": [
                0.02273164305508255,
                0.0023548654773847574,
                -0.009423693635347062
            ],
            "quadrupole": [
                [
                    -5.441047104931695,
                    -5.3595429687541305,
                    -0.011833438057368768
                ],
                [
                    -5.3595429687541305,
                    -0.013449183056361787,
                    -5.416676114535692
                ],
                [
                    -0.011833438057368768,
                    -5.416676114535692,
                    0.025177676438123808
                ]
            ],
            "volume_eff": 40.80883961494871,
            "alpha_iso": 12.819530769093834,
            "c6_ii": 53.18236945772258,
            "c8_ii": 1610.0627036592089,
            "c10_ii": 61070.62389890922,
            "slater_b_init": 34.23768695027885
        },
        {
            "index": 6,
            "element": "H",
            "charge": 0.1467828037217941,
            "dipole": [
                0.002224982357964284,
                0.009728374628749174,
                -0.0448910064198315
            ],
            "quadrupole": [
                [
                    -0.48805030076093137,
                    -0.4833765545534653,
                    0.00583907505541471
                ],
                [
                    -0.4833765545534653,
                    -0.004424688321675917,
                    -0.4951067274107551
                ],
                [
                    0.00583907505541471,
                    -0.4951067274107551,
                    -0.0018717323426982054
                ]
            ],
            "volume_eff": 2.7567622292091474,
            "alpha_iso": 0.8798177327263237,
            "c6_ii": 0.24846988041125811,
            "c8_ii": 1.6018957141827272,
            "c10_ii": 14.253938575583623,
            "slater_b_init": 68.91809413572338
        },
        {
            "index": 7,
            "element": "H",
            "charge": 0.15957193117935442,
            "dipole": [
                0.028636991724616066,
                0.02896932020232618,
                0.025032333666327154
            ],
            "quadrupole": [
                [
                    -0.47308810723667194,
                    -0.474138299979146,
                    -0.0023261201194798315
                ],
                [
                    -0.474138299979146,
                    -0.005372392794969411,
                    -0.4762072985860757
                ],
                [
                    -0.0023261201194798315,
                    -0.4762072985860757,
                    -0.0012452754514096205
                ]
            ],
            "volume_eff": 2.653494177041097,
            "alpha_iso": 0.8468598437365203,
            "c6_ii": 0.2302032280033276,
            "c8_ii": 1.4468309277373346,
            "c10_ii": 12.550594941013465,
            "slater_b_init": 69.80078645457654
        },
        {
            "index": 8,
            "element": "H",
            "charge": 0.15396328310773078,
            "dipole": [
                -0.04064556335402702,
                -0.0090072111934357,
                0.019798418019247675
            ],
            "quadrupole": [
                [
                    -0.48705909924311597,
                    -0.4724919034676775,
                    -0.0018036740958748433
                ],
                [
                    -0.4724919034676775,
                    -0.002427727552013224,
                    -0.48224185333179403
                ],
                [
                    -0.0018036740958748433,
                    -0.48224185333179403,
                    0.0025286944178691153
                ]
            ],
            "volume_eff": 2.693142709028556,
            "alpha_iso": 0.8595136305410285,
            "c6_ii": 0.23713402108927545,
            "c8_ii": 1.5052006335416201,
            "c10_ii": 13.18666806350693,
            "slater_b_init": 69.4565551650656
        },
        {
            "index": 9,
            "element": "H",
            "charge": 0.09648353441937485,
            "dipole": [
                0.004764786103518685,
                -0.010701580036909427,
                0.06734722597356492
            ],
            "quadrupole": [
                [
                    -0.5119502645126984,
                    -0.5291764363057238,
                    0.0008589391083400719
                ],
                [
                    -0.5291764363057238,
                    -0.006627670983725146,
                    -0.5305428129240706
                ],
                [
                    0.0008589391083400719,
                    -0.5305428129240706,
                    -0.01062154048235964
                ]
            ],
            "volume_eff": 2.972868213789714,
            "alpha_iso": 0.9487877278052279,
            "c6_ii": 0.2889524933738146,
            "c8_ii": 1.9590153244910506,
            "c10_ii": 18.331135822299963,
            "slater_b_init": 67.20596318468503
        },
        {
            "index": 10,
            "element": "H",
            "charge": 0.08804439459957625,
            "dipole": [
                -0.036707506479792026,
                -0.03437917642608721,
                -0.040548693747544995
            ],
            "quadrupole": [
                [
                    -0.5101678661452538,
                    -0.5323936810790826,
                    -0.002359838835918862
                ],
                [
                    -0.5323936810790826,
                    -0.004611157760694593,
                    -0.5289231329378776
                ],
                [
                    -0.002359838835918862,
                    -0.5289231329378776,
                    -0.009025201096003176
                ]
            ],
            "volume_eff": 2.953954384041054,
            "alpha_iso": 0.9427513991620385,
            "c6_ii": 0.28528747180458663,
            "c8_ii": 1.9259551612171963,
            "c10_ii": 17.945261801911634,
            "slater_b_init": 67.34909547908102
        },
        {
            "index": 11,
            "element": "H",
            "charge": 0.19284863810399466,
            "dipole": [
                0.00986209966459154,
                -0.04111109553647139,
                -0.011969450068482152
            ],
            "quadrupole": [
                [
                    -0.4399780261231838,
                    -0.44490645333591883,
                    -0.004116368016666125
                ],
                [
                    -0.44490645333591883,
                    0.0032154533228639075,
                    -0.44395910680426837
                ],
                [
                    -0.004116368016666125,
                    -0.44395910680426837,
                    -0.0004818409257955226
                ]
            ],
            "volume_eff": 2.4358095121338295,
            "alpha_iso": 0.7773860145107966,
            "c6_ii": 0.19398215314174683,
            "c8_ii": 1.1515556723067906,
            "c10_ii": 9.435138014604254,
            "slater_b_init": 71.82107835023741
        },
        {
            "index": 12,
            "element": "H",
            "charge": 0.1923876307654886,
            "dipole": [
                0.028711143759892324,
                0.013964941884258406,
                0.029980375738078373
            ],
            "quadrupole": [
                [
                    -0.44091869935265116,
                    -0.43977701951105413,
                    -0.0006673786110743814
                ],
                [
                    -0.43977701951105413,
                    -0.0016193794839435862,
                    -0.43812849287090067
                ],
                [
                    -0.0006673786110743814,
                    -0.43812849287090067,
                    -0.005298458097889612
                ]
            ],
            "volume_eff": 2.4088011292699294,
            "alpha_iso": 0.7687663178521051,
            "c6_ii": 0.18970423380322204,
            "c8_ii": 1.1178201556975629,
            "c10_ii": 9.090902582837751,
            "slater_b_init": 72.08850961427535
        },
        {
            "index": 13,
            "element": "H",
            "charge": 0.19327195258054453,
            "dipole": [
                -0.006288825180435772,
                0.030688171946711428,
                -0.030543104021177343
            ],
            "quadrupole": [
                [
                    -0.43750412733936384,
                    -0.4430185080385095,
                    0.0026665491494248694
                ],
                [
                    -0.4430185080385095,
                    -0.001007221059968133,
                    -0.44687871201614626
                ],
                [
                    0.0026665491494248694,
                    -0.44687871201614626,
                    -0.0012235604896185868
                ]
            ],
            "volume_eff": 2.4321004693284842,
            "alpha_iso": 0.776202277445261,
            "c6_ii": 0.19339184399125256,
            "c8_ii": 1.1468856286280644,
            "c10_ii": 9.387332957811264,
            "slater_b_init": 71.85756973631925
        }
    ]
}