{
    "molecule": "DME",
    "atoms": [
        {
            "index": 0,
            "element": "C",
            "charge": -0.08888674016831644,
            "dipole": [
                -0.11764926886083796,
                -0.008293323253967795,
                0.11154801007963112
            ],
            "quadrupole": [
                [
                    -4.477445156821445,
                    -4.54251885219357,
                    -0.012865414776840698
                ],
                [
                    -4.54251885219357,
                    -0.00709893113410405,
                    -4.497913758366676
                ],
                [
                    -0.012865414776840698,
                    -4.497913758366676,
                    -0.05006667377113838
                ]
            ],
            "volume_eff": 33.23803993010994,
            "alpha_iso": 10.441269087992652,
            "c6_ii": 35.280115748769326,
            "c8_ii": 931.5207812584877,
            "c10_ii": 30815.52381221614,
            "slater_b_init": 36.66153940774488
        },
        {
            "index": 1,
            "element": "O",
            "charge": -0.3488926455522563,
            "dipole": [
                -0.004644899816902351,
                -0.02921763846846599,
                -0.09514489355634004
            ],
            "quadrupole": [
                [
                    -3.9574741319199407,
                    -4.081309588633699,
                    -0.010413850468578614
                ],
                [
                    -4.081309588633699,
                    0.041393681685091346,
                    -4.079299715442778
                ],
                [
                    -0.010413850468578614,
                    -4.079299715442778,
                    -0.020975952751820973
                ]
            ],
            "volume_eff": 23.040762108087208,
            "alpha_iso": 6.87403952395972,
            "c6_ii": 25.279072094670152,
            "c8_ii": 1027.801230597686,
            "c10_ii": 40240.81074332769,
            "slater_b_init": 34.1399045357827
        },
        {
            "index": 2,
            "element": "C",
            "charge": -0.007351538123479884,
            "dipole": [
                0.10327038675681006,
                0.08169670077502872,
                0.0395648845872507
            ],
            "quadrupole": [
                [
                    -4.325937879597362,
                    -4.424128613919401,
                    0.05910831998824306
                ],
                [
                    -4.424128613919401,
                    0.062266696548323015,
                    -4.3728410898518515
                ],
                [
                    0.05910831998824306,
                    -4.3728410898518515,
                    0.004140610046762064
                ]
            ],
            "volume_eff": 32.15350208746704,
            "alpha_iso": 10.100576571979174,
            "c6_ii": 33.015338571020266,
            "c8_ii": 852.6554126780431,
            "c10_ii": 27589.625857200277,
            "slater_b_init": 37.069187857290906
        },
        {
            "index": 3,
            "element": "C",
            "charge": -0.007350634282623503,
            "dipole": [
                -0.10327011484979891,
                -0.081696751620098,
                -0.039565025490476836
            ],
            "quadrupole": [
                [
                    -4.325935363111552,
                    -4.424124803271889,
                    0.05910855380424915
                ],
                [
                    -4.424124803271889,
                    0.062266586653572695,
                    -4.37283801973427
                ],
                [
                    0.05910855380424915,
                    -4.37283801973427,
                    0.004140393688492366
                ]
            ],
            "volume_eff": 32.15347074769964,
            "alpha_iso": 10.100566727026065,
            "c6_ii": 33.01527421146626,
            "c8_ii": 852.6531964756506,
            "c10_ii": 27589.53621932596,
            "slater_b_init": 37.069199900981374
        },
        {
            "index": 4,
            "element": "O",
            "charge": -0.34889246354563497,
            "dipole": [
                0.004644350112528649,
                0.029218001484261236,
                0.09514521902358525
            ],
            "quadrupole": [
                [
                    -3.957471981637331,
                    -4.081309102619924,
                    -0.01041365001122533
                ],
                [
                    -4.081309102619924,
                    0.04139256101315349,
                    -4.079298855698415
                ],
                [
                    -0.01041365001122533,
                    -4.079298855698415,
                    -0.020976284310904432
                ]
            ],
            "volume_eff": 23.04075179945261,
            "alpha_iso": 6.874036448455475,
            "c6_ii": 25.27904947452784,
            "c8_ii": 1027.8000043392458,
            "c10_ii": 40240.75072974605,
            "slater_b_init": 34.13990962727959
        },
        {
            "index": 5,
            "element": "C",
            "charge": -0.08888609391189917,
            "dipole": [
                0.11764988946627049,
                0.008291568348450292,
                -0.1115475743993
            ],
            "quadrupole": [
                [
                    -4.477444882393985,
                    -4.542517663566692,
                    -0.012864317924422391
                ],
                [
                    -4.542517663566692,
                    -0.007099824896945011,
                    -4.497914090961062
                ],
                [
                    -0.012864317924422391,
                    -4.497914090961062,
                    -0.05006728554466054
                ]
            ],
            "volume_eff": 33.23803948254972,
            "alpha_iso": 10.441268947397818,
            "c6_ii": 35.280114798654566,
            "c8_ii": 931.5207478099336,
            "c10_ii": 30815.522429081797,
            "slater_b_init": 36.66153957229778
        },
        {
            "index": 6,
            "element": "H",
            "charge": 0.0772041825689842,
            "dipole": [
                0.01447720742566075,
                -0.05633127945443759,
                -0.007661854754053267
            ],
            "quadrupole": [
                [
                    -0.549957574962128,
                    -0.5659245527385814,
                    -0.00951382875594994
                ],
                [
                    -0.5659245527385814,
                    0.003579322434449326,
                    -0.5523792576656437
                ],
                [
                    -0.00951382875594994,
                    -0.5523792576656437,
                    -0.013526134386334517
                ]
            ],
            "volume_eff": 3.2334991948587835,
            "alpha_iso": 1.0319678281464204,
            "c6_ii": 0.3418382414390152,
            "c8_ii": 2.4511135586377817,
            "c10_ii": 24.25751865599869,
            "slater_b_init": 65.34947603910297
        },
        {
            "index": 7,
            "element": "H",
            "charge": 0.10891571898260932,
            "dipole": [
                0.04161935281518591,
                0.027745128484423304,
                0.034642730322874904
            ],
            "quadrupole": [
                [
                    -0.5085892181743361,
                    -0.5187774977150643,
                    0.0003529082346460671
                ],
                [
                    -0.5187774977150643,
                    0.00038680776697329523,
                    -0.5040019083949371
                ],
                [
                    0.0003529082346460671,
                    -0.5040019083949371,
                    -0.011886260798070144
                ]
            ],
            "volume_eff": 2.872823667834018,
            "alpha_iso": 0.9168586173938357,
            "c6_ii": 0.2698317633521325,
            "c8_ii": 1.7881063006597155,
            "c10_ii": 16.354367421994112,
            "slater_b_init": 67.97721569664576
        },
        {
            "index": 8,
            "element": "H",
            "charge": 0.07698590802256655,
            "dipole": [
                -0.026262788508505823,
                0.03540219458883509,
                -0.03946851972976845
            ],
            "quadrupole": [
                [
                    -0.5381193282189776,
                    -0.5582139071039304,
                    0.00200670168872504
                ],
                [
                    -0.5582139071039304,
                    -0.0016540677545753568,
                    -0.5553911817889525
                ],
                [
                    0.00200670168872504,
                    -0.5553911817889525,
                    -0.012697827608668949
                ]
            ],
            "volume_eff": 3.177521368905064,
            "alpha_iso": 1.0141025645441692,
            "c6_ii": 0.3301049913184147,
            "c8_ii": 2.339584271000596,
            "c10_ii": 22.885765828114998,
            "slater_b_init": 65.73099436596908
        },
        {
            "index": 9,
            "element": "H",
            "charge": 0.08361637662229893,
            "dipole": [
                0.016909824385873466,
                -0.0429032591176284,
                -0.03216512841917647
            ],
            "quadrupole": [
                [
                    -0.5325326116322732,
                    -0.5537193918367386,
                    -0.004522792225376124
                ],
                [
                    -0.5537193918367386,
                    0.007627183286909383,
                    -0.5453474226436362
                ],
                [
                    -0.004522792225376124,
                    -0.5453474226436362,
                    0.012035963483687344
                ]
            ],
            "volume_eff": 3.1409057692345987,
            "alpha_iso": 1.002416734862106,
            "c6_ii": 0.3225410131928611,
            "c8_ii": 2.268380120790967,
            "c10_ii": 22.018456648029083,
            "slater_b_init": 65.98543131141064
        },
        {
            "index": 10,
            "element": "H",
            "charge": 0.09555301723270992,
            "dipole": [
                -0.027595447200608927,
                -0.009592915662856995,
                0.04956684301270105
            ],
            "quadrupole": [
                [
                    -0.5113452190182094,
                    -0.5226199716078045,
                    0.005857471745215242
                ],
                [
                    -0.5226199716078045,
                    0.0033308082522200302,
                    -0.5243614147829934
                ],
                [
                    0.005857471745215242,
                    -0.5243614147829934,
                    0.012154713898681127
                ]
            ],
            "volume_eff": 2.9365778760600043,
            "alpha_iso": 0.9372057051255334,
            "c6_ii": 0.28194096144093894,
            "c8_ii": 1.8958914732803038,
            "c10_ii": 17.59579628672288,
            "slater_b_init": 67.48167512264112
        },
        {
            "index": 11,
            "element": "H",
            "charge": 0.0836162367991169,
            "dipole": [
                -0.016909608205057547,
                0.04290316259679185,
                0.03216526417899603
            ],
            "quadrupole": [
                [
                    -0.5325323707468612,
                    -0.553719259470025,
                    -0.004522822764090602
                ],
                [
                    -0.553719259470025,
                    0.007627172572377321,
                    -0.5453472009752489
                ],
                [
                    -0.004522822764090602,
                    -0.5453472009752489,
                    0.012035920344093815
                ]
            ],
            "volume_eff": 3.140904002834635,
            "alpha_iso": 1.0024161711174369,
            "c6_ii": 0.3225406504081642,
            "c8_ii": 2.268376718914796,
            "c10_ii": 22.01841537185128,
            "slater_b_init": 65.98544368116592
        },
        {
            "index": 12,
            "element": "H",
            "charge": 0.0955526461776095,
            "dipole": [
                0.027595278653190655,
                0.009593125984547035,
                -0.04956683395127436
            ],
            "quadrupole": [
                [
                    -0.5113448826154738,
                    -0.522619580414334,
                    0.005857408491867911
                ],
                [
                    -0.522619580414334,
                    0.0033308348599405376,
                    -0.5243609949536606
                ],
                [
                    0.005857408491867911,
                    -0.5243609949536606,
                    0.01215463864777037
                ]
            ],
            "volume_eff": 2.936573920829095,
            "alpha_iso": 0.9372044428177962,
            "c6_ii": 0.28194020195768904,
            "c8_ii": 1.8958846638302511,
            "c10_ii": 17.595717288502357,
            "slater_b_init": 67.48170541933999
        },
        {
            "index": 13,
            "element": "H",
            "charge": 0.10891546422946208,
            "dipole": [
                -0.04161970844388911,
                -0.027744151352283745,
                -0.034643151159306225
            ],
            "quadrupole": [
                [
                    -0.5085899022352779,
                    -0.5187783239010301,
                    0.0003530826178033099
                ],
                [
                    -0.5187783239010301,
                    0.00038658242191779265,
                    -0.5040027448564143
                ],
                [
                    0.0003530826178033099,
                    -0.5040027448564143,
                    -0.011886218341081894
                ]
            ],
            "volume_eff": 2.872830077855134,
            "alpha_iso": 0.9168606631452556,
            "c6_ii": 0.26983296748397656,
            "c8_ii": 1.7881169399672694,
            "c10_ii": 16.35448905855048,
            "slater_b_init": 67.97716513840409
        },
        {
            "index": 14,
            "element": "H",
            "charge": 0.07698546833908082,
            "dipole": [
                0.02626221522862646,
                -0.03540305871731234,
                0.039468236734675456
            ],
            "quadrupole": [
                [
                    -0.53812017731808,
                    -0.5582148547496147,
                    0.0020069603682331674
                ],
                [
                    -0.5582148547496147,
                    -0.00165435828074606,
                    -0.55539220339149
                ],
                [
                    0.0020069603682331674,
                    -0.55539220339149,
                    -0.012697780062820348
                ]
            ],
            "volume_eff": 3.1775290398695324,
            "alpha_iso": 1.014105012724319,
            "c6_ii": 0.33010658515614033,
            "c8_ii": 2.339599332554838,
            "c10_ii": 22.885949993035364,
            "slater_b_init": 65.73094147156365
        },
        {
            "index": 15,
            "element": "H",
            "charge": 0.07720401202930016,
            "dipole": [
                -0.014476204257504064,
                0.05633142288685247,
                0.007662140015983157
            ],
            "quadrupole": [
                [
                    -0.5499575216722032,
                    -0.565924892790868,
                    -0.009513626251752868
                ],
                [
                    -0.565924892790868,
                    0.0035791562302234336,
                    -0.5523795323470776
                ],
                [
                    -0.009513626251752868,
                    -0.5523795323470776,
                    -0.013526279011387978
                ]
            ],
            "volume_eff": 3.2335007222834573,
            "alpha_iso": 1.03196831562238,
            "c6_ii": 0.34183856439087407,
            "c8_ii": 2.451116646226037,
            "c10_ii": 24.25755685151662,
            "slater_b_init": 65.34946574928331
        }
    ]
}