{
    "molecule": "DMC",
    "atoms": [
        {
            "index": 0,
            "element": "C",
            "charge": -0.10513112694534144,
            "dipole": [
                0.13471812680169737,
                -0.10128885833436509,
                -0.03852857020280208
            ],
            "quadrupole": [
                [
                    -4.456719144707189,
                    -4.4903648609916935,
                    0.017176149183057023
                ],
                [
                    -4.4903648609916935,
                    -0.08871164305734307,
                    -4.520182260639128
                ],
                [
                    0.017176149183057023,
                    -4.520182260639128,
                    -0.03263221402900498
                ]
            ],
            "volume_eff": 32.840113838273275,
            "alpha_iso": 10.316266127206264,
            "c6_ii": 34.440424730709715,
            "c8_ii": 902.0775565269349,
            "c10_ii": 29602.863095012777,
            "slater_b_init": 36.80902217838169
        },
        {
            "index": 1,
            "element": "O",
            "charge": -0.4027412030733455,
            "dipole": [
                -0.10857785875795267,
                0.016389007534456736,
                0.00926928828623264
            ],
            "quadrupole": [
                [
                    -3.9954059245649733,
                    -4.097203871138285,
                    -0.009874645473524488
                ],
                [
                    -4.097203871138285,
                    -0.01660417796099747,
                    -4.070251482089193
                ],
                [
                    -0.009874645473524488,
                    -4.070251482089193,
                    -0.007383126199496565
                ]
            ],
            "volume_eff": 23.014752734855477,
            "alpha_iso": 6.866279821448595,
            "c6_ii": 25.22203216558098,
            "c8_ii": 1024.710207279433,
            "c10_ii": 40089.59170687832,
            "slater_b_init": 34.15276039452239
        },
        {
            "index": 2,
            "element": "C",
            "charge": 0.9981325973351733,
            "dipole": [
                -0.0009718307021173059,
                -0.04067306054210224,
                -0.014166729471563404
            ],
            "quadrupole": [
                [
                    -2.8666506506511595,
                    -2.8991977083347407,
                    -0.05641451945504538
                ],
                [
                    -2.8991977083347407,
                    -0.00391634190584508,
                    -2.7593133356334785
                ],
                [
                    -0.05641451945504538,
                    -2.7593133356334785,
                    0.003718085142691995
                ]
            ],
            "volume_eff": 19.06035141916962,
            "alpha_iso": 5.987544948430246,
            "c6_ii": 11.601683084315427,
            "c8_ii": 211.4367835381429,
            "c10_ii": 4827.858677305842,
            "slater_b_init": 44.127792005662684
        },
        {
            "index": 3,
            "element": "O",
            "charge": -0.6499097259975173,
            "dipole": [
                0.008378338526151255,
                0.15626339698818872,
                0.05468626153809969
            ],
            "quadrupole": [
                [
                    -4.494971422608743,
                    -4.466377616382653,
                    -0.02829041370948239
                ],
                [
                    -4.466377616382653,
                    0.001859431867346616,
                    -4.399999614023001
                ],
                [
                    -0.02829041370948239,
                    -4.399999614023001,
                    0.004264457120275688
                ]
            ],
            "volume_eff": 26.18538433952328,
            "alpha_iso": 7.812214112343963,
            "c6_ii": 32.650163019851036,
            "c8_ii": 1445.6886365312625,
            "c10_ii": 61641.58035398162,
            "slater_b_init": 32.714598761325824
        },
        {
            "index": 4,
            "element": "O",
            "charge": -0.40787053639154003,
            "dipole": [
                0.10999971476900895,
                0.0017413019934595408,
                -0.0023250873197652204
            ],
            "quadrupole": [
                [
                    -4.012057696520916,
                    -4.108305869964256,
                    -0.01232719059274612
                ],
                [
                    -4.108305869964256,
                    0.008814948274713501,
                    -4.074873907965701
                ],
                [
                    -0.01232719059274612,
                    -4.074873907965701,
                    0.0006810499178266471
                ]
            ],
            "volume_eff": 23.101810203930466,
            "alpha_iso": 6.892252768023454,
            "c6_ii": 25.413206865771624,
            "c8_ii": 1035.0792224542035,
            "c10_ii": 40597.313367485236,
            "slater_b_init": 34.10980567189054
        },
        {
            "index": 5,
            "element": "C",
            "charge": -0.10546138009282213,
            "dipole": [
                -0.14591016474104215,
                -0.09013199374071314,
                -0.02608102381616295
            ],
            "quadrupole": [
                [
                    -4.438368050935246,
                    -4.506709094344312,
                    0.004651145688464605
                ],
                [
                    -4.506709094344312,
                    0.08746836204584585,
                    -4.528428400558907
                ],
                [
                    0.004651145688464605,
                    -4.528428400558907,
                    0.026076969260494295
                ]
            ],
            "volume_eff": 32.864047147286726,
            "alpha_iso": 10.32378444417384,
            "c6_ii": 34.49064219888253,
            "c8_ii": 903.831737605938,
            "c10_ii": 29674.837780580165,
            "slater_b_init": 36.80008459339769
        },
        {
            "index": 6,
            "element": "H",
            "charge": 0.11051637849632345,
            "dipole": [
                0.004656504363178883,
                0.013718104006116526,
                0.061890574012672415
            ],
            "quadrupole": [
                [
                    -0.50396242024996,
                    -0.5166927086714522,
                    -0.00031036160016643266
                ],
                [
                    -0.5166927086714522,
                    -0.013699115318956838,
                    -0.5194069467879395
                ],
                [
                    -0.00031036160016643266,
                    -0.5194069467879395,
                    -0.00010947472353231471
                ]
            ],
            "volume_eff": 2.9047190333307786,
            "alpha_iso": 0.9270379893608869,
            "c6_ii": 0.27585660835401443,
            "c8_ii": 1.8415369099981422,
            "c10_ii": 16.96749064751706,
            "slater_b_init": 67.72749071143276
        },
        {
            "index": 7,
            "element": "H",
            "charge": 0.11554327362040451,
            "dipole": [
                -0.044990787806677784,
                -0.0403603487789586,
                -0.012455841088418029
            ],
            "quadrupole": [
                [
                    -0.49245333133901664,
                    -0.5008206614382705,
                    0.004481184752351787
                ],
                [
                    -0.5008206614382705,
                    -0.011987479475335624,
                    -0.5107901542349111
                ],
                [
                    0.004481184752351787,
                    -0.5107901542349111,
                    -0.004794564627479472
                ]
            ],
            "volume_eff": 2.8015883773929025,
            "alpha_iso": 0.8941239502317775,
            "c6_ii": 0.25661603207197564,
            "c8_ii": 1.6723003681681434,
            "c10_ii": 15.041285003251351,
            "slater_b_init": 68.54854693181679
        },
        {
            "index": 8,
            "element": "H",
            "charge": 0.1110589957868755,
            "dipole": [
                0.0011401249938987365,
                0.048448598263735446,
                -0.0400934160368548
            ],
            "quadrupole": [
                [
                    -0.5040207001684461,
                    -0.5166253610814444,
                    0.0013895882557664308
                ],
                [
                    -0.5166253610814444,
                    -0.010365927047524407,
                    -0.5165776228357722
                ],
                [
                    0.0013895882557664308,
                    -0.5165776228357722,
                    -0.009391642411934806
                ]
            ],
            "volume_eff": 2.896678186559596,
            "alpha_iso": 0.9244717616679561,
            "c6_ii": 0.27433146902663963,
            "c8_ii": 1.827974263855244,
            "c10_ii": 16.811430901102735,
            "slater_b_init": 67.79010073257899
        },
        {
            "index": 9,
            "element": "H",
            "charge": 0.11582976711256543,
            "dipole": [
                0.03978026409550058,
                -0.04406766806696137,
                -0.01649439787608131
            ],
            "quadrupole": [
                [
                    -0.48943685992185426,
                    -0.5022638479884499,
                    0.0031690719819997193
                ],
                [
                    -0.5022638479884499,
                    0.011587416961129804,
                    -0.5110210175162222
                ],
                [
                    0.0031690719819997193,
                    -0.5110210175162222,
                    0.00309385551530758
                ]
            ],
            "volume_eff": 2.7981736474193473,
            "alpha_iso": 0.8930341427934086,
            "c6_ii": 0.25599085784029274,
            "c8_ii": 1.6668704431255963,
            "c10_ii": 14.98026137086566,
            "slater_b_init": 68.57641982972683
        },
        {
            "index": 10,
            "element": "H",
            "charge": 0.11128472271755707,
            "dipole": [
                0.0024138346873452433,
                0.013625072371181818,
                0.06132619077311202
            ],
            "quadrupole": [
                [
                    -0.5009044011883006,
                    -0.5180733164246457,
                    -0.0013026470608185985
                ],
                [
                    -0.5180733164246457,
                    0.012405757583761256,
                    -0.5176214224128858
                ],
                [
                    -0.0013026470608185985,
                    -0.5176214224128858,
                    -0.0012644703399865148
                ]
            ],
            "volume_eff": 2.8957789576325426,
            "alpha_iso": 0.9241847737125136,
            "c6_ii": 0.2741611715433741,
            "c8_ii": 1.8264614117542288,
            "c10_ii": 16.794041038580584,
            "slater_b_init": 67.7971169806721
        },
        {
            "index": 11,
            "element": "H",
            "charge": 0.11116700005800695,
            "dipole": [
                -0.0007325838354699753,
                0.04853655188920834,
                -0.040091115479590114
            ],
            "quadrupole": [
                [
                    -0.5005081598910024,
                    -0.5183112258449933,
                    -0.0002377254976011951
                ],
                [
                    -0.5183112258449933,
                    0.008995837732760949,
                    -0.5182193684705519
                ],
                [
                    -0.0002377254976011951,
                    -0.5182193684705519,
                    0.008045639622044028
                ]
            ],
            "volume_eff": 2.8967334688684026,
            "alpha_iso": 0.9244894049580008,
            "c6_ii": 0.27434194020826613,
            "c8_ii": 1.8280672957015272,
            "c10_ii": 16.812500396743236,
            "slater_b_init": 67.78966948623855
        }
    ]
}