{
    "molecule": "LCarb_100",
    "atoms": [
        {
            "index": 0,
            "element": "C",
            "charge": -0.37885796109575054,
            "dipole": [
                0.09252474462395234,
                0.004388155250367838,
                -0.007452773748082378
            ],
            "quadrupole": [
                [
                    -5.021566431667322,
                    -4.913358613580934,
                    -0.007102771443597111
                ],
                [
                    -4.913358613580934,
                    0.0008209992752649599,
                    -4.913057771640412
                ],
                [
                    -0.007102771443597111,
                    -4.913057771640412,
                    0.012847024682974691
                ]
            ],
            "volume_eff": 36.956700925501885,
            "alpha_iso": 11.609434845707398,
            "c6_ii": 43.615974642718,
            "c8_ii": 1235.9853461825924,
            "c10_ii": 43882.92035716328,
            "slater_b_init": 35.38816961628767
        },
        {
            "index": 1,
            "element": "C",
            "charge": -0.2111977848856501,
            "dipole": [
                -0.10257742524974209,
                0.03736527877119595,
                0.044133949834812954
            ],
            "quadrupole": [
                [
                    -4.750066669929736,
                    -4.6878863203017795,
                    -0.09713240145537008
                ],
                [
                    -4.6878863203017795,
                    0.0243590640105021,
                    -4.671541204976742
                ],
                [
                    -0.09713240145537008,
                    -4.671541204976742,
                    0.04137358966594332
                ]
            ],
            "volume_eff": 34.873232851905854,
            "alpha_iso": 10.954942257143198,
            "c6_ii": 38.836815342723085,
            "c8_ii": 1058.7921020503802,
            "c10_ii": 36165.31363326999,
            "slater_b_init": 36.07932707281809
        },
        {
            "index": 2,
            "element": "C",
            "charge": 0.033043366798006346,
            "dipole": [
                0.19201969337121386,
                0.013750095839307997,
                -0.008965776086323657
            ],
            "quadrupole": [
                [
                    -4.304409134444881,
                    -4.398160838503987,
                    -0.07686971206460305
                ],
                [
                    -4.398160838503987,
                    0.06383971127309708,
                    -4.395514025599394
                ],
                [
                    -0.07686971206460305,
                    -4.395514025599394,
                    0.053876238735791206
                ]
            ],
            "volume_eff": 32.137918716146515,
            "alpha_iso": 10.095681272087909,
            "c6_ii": 32.98334419581621,
            "c8_ii": 851.5538733600678,
            "c10_ii": 27545.07950842927,
            "slater_b_init": 37.07517838809682
        },
        {
            "index": 3,
            "element": "O",
            "charge": -0.36798116226761124,
            "dipole": [
                -0.10152351280145192,
                0.03016313294066543,
                0.0376333662207937
            ],
            "quadrupole": [
                [
                    -3.980124118792092,
                    -4.022671418296326,
                    -0.025112173669665186
                ],
                [
                    -4.022671418296326,
                    -0.01884035328035583,
                    -4.013956407702905
                ],
                [
                    -0.025112173669665186,
                    -4.013956407702905,
                    -0.02094735423945815
                ]
            ],
            "volume_eff": 22.665816923931718,
            "alpha_iso": 6.7621774248194075,
            "c6_ii": 24.463027400065187,
            "c8_ii": 983.8024452899724,
            "c10_ii": 38099.14042448175,
            "slater_b_init": 34.327127004079266
        },
        {
            "index": 4,
            "element": "C",
            "charge": 0.9870348071649229,
            "dipole": [
                0.015288814933471421,
                0.030683510724243128,
                0.023843639961193718
            ],
            "quadrupole": [
                [
                    -2.902292187299036,
                    -2.8555668660480116,
                    -0.08692824359539042
                ],
                [
                    -2.8555668660480116,
                    -0.01715104671890796,
                    -2.842343729592031
                ],
                [
                    -0.08692824359539042,
                    -2.842343729592031,
                    -0.003320219514869887
                ]
            ],
            "volume_eff": 19.280813412042765,
            "alpha_iso": 6.056800024725476,
            "c6_ii": 11.87161747737067,
            "c8_ii": 218.02137396684907,
            "c10_ii": 5016.521867294816,
            "slater_b_init": 43.95895718974309
        },
        {
            "index": 5,
            "element": "O",
            "charge": -0.638258230042144,
            "dipole": [
                -0.05260509626060091,
                -0.11571395722796013,
                -0.1013797466604991
            ],
            "quadrupole": [
                [
                    -4.480328465088525,
                    -4.410070689034932,
                    -0.04483480260527607
                ],
                [
                    -4.410070689034932,
                    0.0017806712032613194,
                    -4.406662774333706
                ],
                [
                    -0.04483480260527607,
                    -4.406662774333706,
                    0.01475800290529365
                ]
            ],
            "volume_eff": 25.99331768971671,
            "alpha_iso": 7.754912459915483,
            "c6_ii": 32.17294956347247,
            "c8_ii": 1417.5839894242372,
            "c10_ii": 60147.32326930187,
            "slater_b_init": 32.794978015475465
        },
        {
            "index": 6,
            "element": "O",
            "charge": -0.41812268866529223,
            "dipole": [
                0.09934583174792644,
                -0.02334898529676015,
                -0.03128579900776096
            ],
            "quadrupole": [
                [
                    -4.048275202582729,
                    -4.1197896217909085,
                    -0.01035942456315641
                ],
                [
                    -4.1197896217909085,
                    -0.03181536146040113,
                    -4.103133758668162
                ],
                [
                    -0.01035942456315641,
                    -4.103133758668162,
                    -0.02098265266177243
                ]
            ],
            "volume_eff": 23.363415866189946,
            "alpha_iso": 6.970300866156116,
            "c6_ii": 25.992025684838563,
            "c8_ii": 1066.6316476820414,
            "c10_ii": 42150.07842452187,
            "slater_b_init": 33.9820156747146
        },
        {
            "index": 7,
            "element": "C",
            "charge": -0.025299245904593093,
            "dipole": [
                -0.0607655656946998,
                0.10035797439893523,
                0.11217881044578662
            ],
            "quadrupole": [
                [
                    -4.432695701714713,
                    -4.35926194740848,
                    0.015211531951446342
                ],
                [
                    -4.35926194740848,
                    -0.08738381523231686,
                    -4.336487936009373
                ],
                [
                    0.015211531951446342,
                    -4.336487936009373,
                    -0.04322650391459021
                ]
            ],
            "volume_eff": 32.02454905124478,
            "alpha_iso": 10.060067764788936,
            "c6_ii": 32.75105066623597,
            "c8_ii": 843.5668966244294,
            "c10_ii": 27222.517166984726,
            "slater_b_init": 37.118876639476824
        },
        {
            "index": 8,
            "element": "C",
            "charge": 0.007394989403049834,
            "dipole": [
                0.01871684615377796,
                -0.0647744792432973,
                0.13527646498499427
            ],
            "quadrupole": [
                [
                    -4.347763858014688,
                    -4.3249879724277775,
                    -0.004332983025062999
                ],
                [
                    -4.3249879724277775,
                    -0.05800600574407817,
                    -4.2841542263256
                ],
                [
                    -0.004332983025062999,
                    -4.2841542263256,
                    0.003195709848164733
                ]
            ],
            "volume_eff": 31.499779884495045,
            "alpha_iso": 9.89521881188326,
            "c6_ii": 31.686496934814254,
            "c8_ii": 807.2068737101679,
            "c10_ii": 25763.800864684294,
            "slater_b_init": 37.32386921633694
        },
        {
            "index": 9,
            "element": "O",
            "charge": -0.3638259065970253,
            "dipole": [
                -0.0707049993040702,
                0.06537749161979145,
                0.017713528082848394
            ],
            "quadrupole": [
                [
                    -4.100526476355155,
                    -4.118047716097472,
                    -0.004147578704652789
                ],
                [
                    -4.118047716097472,
                    -0.012212178683478547,
                    -3.9720427667237983
                ],
                [
                    -0.004147578704652789,
                    -3.9720427667237983,
                    0.01159610961513223
                ]
            ],
            "volume_eff": 23.227435919705226,
            "alpha_iso": 6.9297322633374705,
            "c6_ii": 25.690348153910424,
            "c8_ii": 1050.157121431105,
            "c10_ii": 41337.8759418405,
            "slater_b_init": 34.048200115766434
        },
        {
            "index": 10,
            "element": "C",
            "charge": -0.09162485269198939,
            "dipole": [
                0.055290715771608115,
                -0.06052489856509719,
                -0.1385882016919766
            ],
            "quadrupole": [
                [
                    -4.51808798288971,
                    -4.524035802645487,
                    0.04156980354492972
                ],
                [
                    -4.524035802645487,
                    -0.013189271031321611,
                    -4.464629544445238
                ],
                [
                    0.04156980354492972,
                    -4.464629544445238,
                    -0.019845012890072105
                ]
            ],
            "volume_eff": 33.16928559231089,
            "alpha_iso": 10.41967086669452,
            "c6_ii": 35.13430978620349,
            "c8_ii": 926.3912574906144,
            "c10_ii": 30603.558588538916,
            "slater_b_init": 36.68685298929093
        },
        {
            "index": 11,
            "element": "H",
            "charge": 0.14121354543659903,
            "dipole": [
                -0.003106334174606804,
                -0.012405384126017124,
                0.04877362347973856
            ],
            "quadrupole": [
                [
                    -0.4862449358360161,
                    -0.4940619107545929,
                    0.001135185884755158
                ],
                [
                    -0.4940619107545929,
                    0.00023652320709360438,
                    -0.49791219135044007
                ],
                [
                    0.001135185884755158,
                    -0.49791219135044007,
                    0.006597522377684006
                ]
            ],
            "volume_eff": 2.776866897188443,
            "alpha_iso": 0.8862341161239712,
            "c6_ii": 0.25210720522386354,
            "c8_ii": 1.6332383993780382,
            "c10_ii": 14.603402698893946,
            "slater_b_init": 68.75136752770223
        },
        {
            "index": 12,
            "element": "H",
            "charge": 0.14135223460038615,
            "dipole": [
                -0.010193848188537498,
                0.04609458323018889,
                -0.0176943220161445
            ],
            "quadrupole": [
                [
                    -0.487409750641058,
                    -0.49602942532510486,
                    0.0005687043794167607
                ],
                [
                    -0.49602942532510486,
                    0.00740570618180609,
                    -0.4940243557309457
                ],
                [
                    0.0005687043794167607,
                    -0.4940243557309457,
                    -0.0014544827347364787
                ]
            ],
            "volume_eff": 2.77476156317359,
            "alpha_iso": 0.8855622010128479,
            "c6_ii": 0.2517250704744532,
            "c8_ii": 1.6299384306268287,
            "c10_ii": 14.56652918182839,
            "slater_b_init": 68.76875136372037
        },
        {
            "index": 13,
            "element": "H",
            "charge": 0.14254159835067837,
            "dipole": [
                -0.0061520202554088904,
                -0.0367113644532077,
                -0.031655683204858336
            ],
            "quadrupole": [
                [
                    -0.4819584065456288,
                    -0.4956284803355013,
                    -0.002903688164463627
                ],
                [
                    -0.4956284803355013,
                    -0.002082078857512318,
                    -0.4942202699051118
                ],
                [
                    -0.002903688164463627,
                    -0.4942202699051118,
                    -0.0029686359783833646
                ]
            ],
            "volume_eff": 2.763745721810726,
            "alpha_iso": 0.8820465069608701,
            "c6_ii": 0.24973033396899602,
            "c8_ii": 1.6127397936553665,
            "c10_ii": 14.374656030153732,
            "slater_b_init": 68.85999726331639
        },
        {
            "index": 14,
            "element": "H",
            "charge": 0.16055685309348888,
            "dipole": [
                0.01866529589398675,
                0.03657236244330067,
                0.030152543560707564
            ],
            "quadrupole": [
                [
                    -0.45053260081208585,
                    -0.46746314109837506,
                    0.0029988163651156713
                ],
                [
                    -0.46746314109837506,
                    -0.004970213220219438,
                    -0.466853434220567
                ],
                [
                    0.0029988163651156713,
                    -0.466853434220567,
                    -0.006572663688924705
                ]
            ],
            "volume_eff": 2.5418461525738936,
            "alpha_iso": 0.8112274955023064,
            "c6_ii": 0.21123878130780938,
            "c8_ii": 1.2901318862910442,
            "c10_ii": 10.875136585087189,
            "slater_b_init": 70.8081544793388
        },
        {
            "index": 15,
            "element": "H",
            "charge": 0.1496584868082651,
            "dipole": [
                -0.024656815670827382,
                -0.04879334541666009,
                -0.04022314292879422
            ],
            "quadrupole": [
                [
                    -0.4589416387005689,
                    -0.47831016612132893,
                    0.0047750985821345985
                ],
                [
                    -0.47831016612132893,
                    0.0011303084982323193,
                    -0.47979057359803007
                ],
                [
                    0.0047750985821345985,
                    -0.47979057359803007,
                    -0.0015138716081647176
                ]
            ],
            "volume_eff": 2.622583331042601,
            "alpha_iso": 0.8369946801199791,
            "c6_ii": 0.22487114146021975,
            "c8_ii": 1.40232132177362,
            "c10_ii": 12.069839786582525,
            "slater_b_init": 70.07394963894617
        },
        {
            "index": 16,
            "element": "H",
            "charge": 0.11292819932556464,
            "dipole": [
                -0.013387168785425995,
                0.01784171193860875,
                -0.057120324078942006
            ],
            "quadrupole": [
                [
                    -0.5006634298066032,
                    -0.5024307096086986,
                    0.004336708278202264
                ],
                [
                    -0.5024307096086986,
                    -0.007884513879604229,
                    -0.509599274665044
                ],
                [
                    0.004336708278202264,
                    -0.509599274665044,
                    -0.007349299585901207
                ]
            ],
            "volume_eff": 2.832406660795614,
            "alpha_iso": 0.9039595725943449,
            "c6_ii": 0.26229278556800883,
            "c8_ii": 1.7218065885425398,
            "c10_ii": 15.599926074625278,
            "slater_b_init": 68.29902330694976
        },
        {
            "index": 17,
            "element": "H",
            "charge": 0.12853390016910504,
            "dipole": [
                -0.0026506942792900133,
                -0.05778212259286095,
                0.022125154476219037
            ],
            "quadrupole": [
                [
                    -0.4842930431906101,
                    -0.4937672552162345,
                    0.006258906833652054
                ],
                [
                    -0.4937672552162345,
                    -0.005720392759406943,
                    -0.48924645262096766
                ],
                [
                    0.006258906833652054,
                    -0.48924645262096766,
                    -0.008890566389070183
                ]
            ],
            "volume_eff": 2.72986594467759,
            "alpha_iso": 0.8712338121311458,
            "c6_ii": 0.24364515111623192,
            "c8_ii": 1.5605568768276747,
            "c10_ii": 13.795631520666424,
            "slater_b_init": 69.14369569556139
        },
        {
            "index": 18,
            "element": "H",
            "charge": 0.09225117830965823,
            "dipole": [
                0.003299784721823329,
                0.056813329351527025,
                0.011692514615679299
            ],
            "quadrupole": [
                [
                    -0.525433195180953,
                    -0.5473897889069276,
                    -0.008696598551728062
                ],
                [
                    -0.5473897889069276,
                    -0.0003544716196272726,
                    -0.5256081773262139
                ],
                [
                    -0.008696598551728062,
                    -0.5256081773262139,
                    0.010525758722063207
                ]
            ],
            "volume_eff": 3.053577725585997,
            "alpha_iso": 0.9745460826338288,
            "c6_ii": 0.30485483637778366,
            "c8_ii": 2.104069223286199,
            "c10_ii": 20.04320246586815,
            "slater_b_init": 66.60855863081605
        },
        {
            "index": 19,
            "element": "H",
            "charge": 0.11176951828759774,
            "dipole": [
                0.03813316725594253,
                -0.029005679230480145,
                -0.0390593653528845
            ],
            "quadrupole": [
                [
                    -0.501804262511417,
                    -0.5046059054289652,
                    -0.005497760806164296
                ],
                [
                    -0.5046059054289652,
                    -0.0012847942266151938,
                    -0.4993284848535575
                ],
                [
                    -0.005497760806164296,
                    -0.4993284848535575,
                    0.010112549868363893
                ]
            ],
            "volume_eff": 2.8066000790003156,
            "alpha_iso": 0.8957234294681858,
            "c6_ii": 0.2575349631426475,
            "c8_ii": 1.6802897115549107,
            "c10_ii": 15.131162449162188,
            "slater_b_init": 68.50772060057098
        },
        {
            "index": 20,
            "element": "H",
            "charge": 0.09231009327915829,
            "dipole": [
                -0.056061865551109834,
                -0.024392413079949965,
                -0.001897652197999722
            ],
            "quadrupole": [
                [
                    -0.5357910549026877,
                    -0.5326655036648547,
                    0.011306923742689401
                ],
                [
                    -0.5326655036648547,
                    -0.000552434181732463,
                    -0.5162820222834972
                ],
                [
                    0.011306923742689401,
                    -0.5162820222834972,
                    -0.0010432088433943545
                ]
            ],
            "volume_eff": 2.999795764593742,
            "alpha_iso": 0.9573816269980027,
            "c6_ii": 0.29421072929070263,
            "c8_ii": 2.0066913574737897,
            "c10_ii": 18.890471980286698,
            "slater_b_init": 67.00426789458152
        },
        {
            "index": 21,
            "element": "H",
            "charge": 0.08103723510401462,
            "dipole": [
                0.007996704532842546,
                0.05681193673698863,
                -0.005262192717810158
            ],
            "quadrupole": [
                [
                    -0.5534411797626322,
                    -0.5634105091946269,
                    0.008665037027838269
                ],
                [
                    -0.5634105091946269,
                    -0.0006844381328835483,
                    -0.5374107623987546
                ],
                [
                    0.008665037027838269,
                    -0.5374107623987546,
                    -0.010267459796338944
                ]
            ],
            "volume_eff": 3.19776806671649,
            "alpha_iso": 1.0205642766116458,
            "c6_ii": 0.3343251544455821,
            "c8_ii": 2.379548951203042,
            "c10_ii": 23.375471941764253,
            "slater_b_init": 65.59197508688327
        },
        {
            "index": 22,
            "element": "H",
            "charge": 0.10337227081158751,
            "dipole": [
                0.03847085958071745,
                -0.0254439082548728,
                0.03874420001107563
            ],
            "quadrupole": [
                [
                    -0.5205019535757104,
                    -0.5199165630833833,
                    0.009054331677033506
                ],
                [
                    -0.5199165630833833,
                    -0.0060176709751331384,
                    -0.5101058480117828
                ],
                [
                    0.009054331677033506,
                    -0.5101058480117828,
                    -0.008867193312409477
                ]
            ],
            "volume_eff": 2.919937898386162,
            "alpha_iso": 0.9318950739530304,
            "c6_ii": 0.27875480432476574,
            "c8_ii": 1.8673786381017556,
            "c10_ii": 17.26563543968893,
            "slater_b_init": 67.60961931260246
        }
    ]
}