{
    "molecule": "Phos_826",
    "atoms": [
        {
            "index": 0,
            "element": "C",
            "charge": -0.3753233336614139,
            "dipole": [
                -0.03675389118158805,
                0.027651937629711403,
                -0.00895511750613769
            ],
            "quadrupole": [
                [
                    -5.1284470098903885,
                    -5.047883932854757,
                    -0.046771916282545206
                ],
                [
                    -5.047883932854757,
                    0.07173785474241633,
                    -5.010268854782121
                ],
                [
                    -0.046771916282545206,
                    -5.010268854782121,
                    -0.04548769825771655
                ]
            ],
            "volume_eff": 38.28650471737453,
            "alpha_iso": 12.027174256766866,
            "c6_ii": 46.81129236168624,
            "c8_ii": 1358.1676689418052,
            "c10_ii": 49370.84999166843,
            "slater_b_init": 34.97362039847117
        },
        {
            "index": 1,
            "element": "C",
            "charge": -0.15193959187376294,
            "dipole": [
                0.06392358634125483,
                0.015962877584187376,
                0.007969207962784027
            ],
            "quadrupole": [
                [
                    -4.64963727931626,
                    -4.574212741350182,
                    -0.0651464815010547
                ],
                [
                    -4.574212741350182,
                    0.07074091954247468,
                    -4.566574876197627
                ],
                [
                    -0.0651464815010547,
                    -4.566574876197627,
                    -0.08337271210311736
                ]
            ],
            "volume_eff": 33.954446282197594,
            "alpha_iso": 10.666318203831704,
            "c6_ii": 36.81734744155033,
            "c8_ii": 986.0279087447833,
            "c10_ii": 33085.70390334656,
            "slater_b_init": 36.4018633044901
        },
        {
            "index": 2,
            "element": "C",
            "charge": 0.11138943080746877,
            "dipole": [
                0.09022137073108871,
                0.01841382347482013,
                -0.13838553643859927
            ],
            "quadrupole": [
                [
                    -4.066228029541144,
                    -4.07846500748236,
                    -0.05082815025199959
                ],
                [
                    -4.07846500748236,
                    -0.0215440799414868,
                    -4.126152815047454
                ],
                [
                    -0.05082815025199959,
                    -4.126152815047454,
                    -0.09093590709660483
                ]
            ],
            "volume_eff": 29.297047571429662,
            "alpha_iso": 9.203261017203035,
            "c6_ii": 27.409865431568313,
            "c8_ii": 665.3166887893675,
            "c10_ii": 20233.191462221475,
            "slater_b_init": 38.23677127901526
        },
        {
            "index": 3,
            "element": "O",
            "charge": -0.5559621149255936,
            "dipole": [
                -0.17059460097035326,
                -0.0732854508241487,
                -0.08486660362819844
            ],
            "quadrupole": [
                [
                    -4.220046440826115,
                    -4.214012478238802,
                    -0.019544757761703314
                ],
                [
                    -4.214012478238802,
                    -0.0010134607415066652,
                    -4.256529953001511
                ],
                [
                    -0.019544757761703314,
                    -4.256529953001511,
                    -0.029764998651288028
                ]
            ],
            "volume_eff": 24.238317782087826,
            "alpha_iso": 7.231321327252721,
            "c6_ii": 27.975148386573693,
            "c8_ii": 1176.4970081298554,
            "c10_ii": 47645.16542709967,
            "slater_b_init": 33.568125535587406
        },
        {
            "index": 4,
            "element": "P",
            "charge": 1.7294566362989219,
            "dipole": [
                -0.03863263937691625,
                0.04373397358939196,
                -0.06548360176377611
            ],
            "quadrupole": [
                [
                    -6.391870925589893,
                    -6.39307146549548,
                    -0.008306470551434278
                ],
                [
                    -6.39307146549548,
                    -0.017196147392110128,
                    -6.381058870710962
                ],
                [
                    -0.008306470551434278,
                    -6.381058870710962,
                    -0.0037077285486438647
                ]
            ],
            "volume_eff": 51.80152000367042,
            "alpha_iso": 19.923661539873237,
            "c6_ii": 117.49787759000552,
            "c8_ii": 3821.575387702616,
            "c10_ii": 70391.74770740143,
            "slater_b_init": 35.593516029021444
        },
        {
            "index": 5,
            "element": "O",
            "charge": -0.8667201540918708,
            "dipole": [
                0.08693783732890006,
                -0.16907357397997885,
                0.2712766409390764
            ],
            "quadrupole": [
                [
                    -4.7806973813033595,
                    -4.780970392942302,
                    0.024594071582235318
                ],
                [
                    -4.780970392942302,
                    0.005503474631151463,
                    -4.816648215722688
                ],
                [
                    0.024594071582235318,
                    -4.816648215722688,
                    -0.006654140920700456
                ]
            ],
            "volume_eff": 28.74409634044534,
            "alpha_iso": 8.575586753503028,
            "c6_ii": 39.342754986384186,
            "c8_ii": 1853.7335906535463,
            "c10_ii": 84108.41616245251,
            "slater_b_init": 31.71356238602859
        },
        {
            "index": 6,
            "element": "O",
            "charge": -0.5493279116917442,
            "dipole": [
                0.15076666691635277,
                -0.0037265780761859056,
                -0.14925636968596126
            ],
            "quadrupole": [
                [
                    -4.199274206756021,
                    -4.227456401616503,
                    0.020133936662868297
                ],
                [
                    -4.227456401616503,
                    -0.022870819267839484,
                    -4.233071341108118
                ],
                [
                    0.020133936662868297,
                    -4.233071341108118,
                    0.016879514288250637
                ]
            ],
            "volume_eff": 24.164061066753014,
            "alpha_iso": 7.20916739008101,
            "c6_ii": 27.80400115048134,
            "c8_ii": 1166.909993251023,
            "c10_ii": 47160.348332687216,
            "slater_b_init": 33.602475580653966
        },
        {
            "index": 7,
            "element": "C",
            "charge": 0.1045321957252554,
            "dipole": [
                -0.030048218984848555,
                0.18533893884832617,
                0.0006307859767267486
            ],
            "quadrupole": [
                [
                    -4.137504193594733,
                    -4.043854205076904,
                    0.0427092195580961
                ],
                [
                    -4.043854205076904,
                    -0.05241222382896131,
                    -4.138099505055313
                ],
                [
                    0.0427092195580961,
                    -4.138099505055313,
                    0.07404608593328509
                ]
            ],
            "volume_eff": 29.41819876700473,
            "alpha_iso": 9.24131898439939,
            "c6_ii": 27.637028529362496,
            "c8_ii": 672.6786987229113,
            "c10_ii": 20513.438496778894,
            "slater_b_init": 38.184209661918025
        },
        {
            "index": 8,
            "element": "C",
            "charge": -0.17711394964437055,
            "dipole": [
                -0.04054145872740162,
                -0.0033746730096647394,
                0.03522887473541387
            ],
            "quadrupole": [
                [
                    -4.623579375104561,
                    -4.741395823604966,
                    0.08141904888893654
                ],
                [
                    -4.741395823604966,
                    -0.061398409932525225,
                    -4.6254360462353565
                ],
                [
                    0.08141904888893654,
                    -4.6254360462353565,
                    0.08767132135163273
                ]
            ],
            "volume_eff": 34.584613702257165,
            "alpha_iso": 10.864276555682878,
            "c6_ii": 38.19663011563615,
            "c8_ii": 1035.5854621942449,
            "c10_ii": 35177.202656381356,
            "slater_b_init": 36.17941349928914
        },
        {
            "index": 9,
            "element": "C",
            "charge": -0.37973830773042394,
            "dipole": [
                -0.008930841646159536,
                0.034262479307641376,
                -0.00052992664711415
            ],
            "quadrupole": [
                [
                    -5.00771524348281,
                    -5.178830471233309,
                    0.029584544817420566
                ],
                [
                    -5.178830471233309,
                    -0.005195309084821184,
                    -5.011769981646054
                ],
                [
                    0.029584544817420566,
                    -5.011769981646054,
                    0.03044517287253768
                ]
            ],
            "volume_eff": 38.295758263397616,
            "alpha_iso": 12.030081129863126,
            "c6_ii": 46.833922936005145,
            "c8_ii": 1359.043201007606,
            "c10_ii": 49410.63635775398,
            "slater_b_init": 34.97080323637309
        },
        {
            "index": 10,
            "element": "O",
            "charge": -0.6016456848225786,
            "dipole": [
                -0.08572710157914963,
                0.16289870385103103,
                0.0174364059469213
            ],
            "quadrupole": [
                [
                    -4.295498911234616,
                    -4.310200363523289,
                    0.0031016304087001126
                ],
                [
                    -4.310200363523289,
                    0.02629006236090771,
                    -4.2347008115340214
                ],
                [
                    0.0031016304087001126,
                    -4.2347008115340214,
                    -0.0066507151821025064
                ]
            ],
            "volume_eff": 24.616990925332722,
            "alpha_iso": 7.344295635182138,
            "c6_ii": 28.856083082321817,
            "c8_ii": 1226.1515034710048,
            "c10_ii": 50171.891460206076,
            "slater_b_init": 33.39511375610781
        },
        {
            "index": 11,
            "element": "C",
            "charge": 0.560896210286252,
            "dipole": [
                -0.12470775668234949,
                0.0601261627006415,
                -0.09301414485146316
            ],
            "quadrupole": [
                [
                    -3.471348581440277,
                    -3.4437580948887176,
                    -0.02153305178130432
                ],
                [
                    -3.4437580948887176,
                    0.016302606518207793,
                    -3.5279894890032075
                ],
                [
                    -0.02153305178130432,
                    -3.5279894890032075,
                    0.06434427302008214
                ]
            ],
            "volume_eff": 24.366858056682577,
            "alpha_iso": 7.654510384298192,
            "c6_ii": 18.960869873660588,
            "c8_ii": 407.03356452916387,
            "c10_ii": 10947.542715506874,
            "slater_b_init": 40.658933947266654
        },
        {
            "index": 12,
            "element": "C",
            "charge": -0.6266291656881489,
            "dipole": [
                -0.010899735759296172,
                0.00025781418865242114,
                0.003995089114452639
            ],
            "quadrupole": [
                [
                    -5.369419600527354,
                    -5.369458250984587,
                    0.005474268010852796
                ],
                [
                    -5.369458250984587,
                    0.003796966704772091,
                    -5.404683916516951
                ],
                [
                    0.005474268010852796,
                    -5.404683916516951,
                    0.03828334276652868
                ]
            ],
            "volume_eff": 40.825780863340576,
            "alpha_iso": 12.824852627227404,
            "c6_ii": 53.2265345334079,
            "c8_ii": 1611.845710121431,
            "c10_ii": 61155.17370079233,
            "slater_b_init": 34.23295048722603
        },
        {
            "index": 13,
            "element": "F",
            "charge": -0.2552067012594019,
            "dipole": [
                -0.02608151307431595,
                0.0024700981924821045,
                0.006541700100938909
            ],
            "quadrupole": [
                [
                    -3.6113047857034593,
                    -3.5323689561955622,
                    -0.01552695092893575
                ],
                [
                    -3.5323689561955622,
                    0.014984808664177956,
                    -3.5831194796954615
                ],
                [
                    -0.01552695092893575,
                    -3.5831194796954615,
                    0.002837312267501223
                ]
            ],
            "volume_eff": 18.120052938688847,
            "alpha_iso": 5.6905951377700505,
            "c6_ii": 21.30452172500799,
            "c8_ii": 939.3214140712365,
            "c10_ii": 38422.02994424901,
            "slater_b_init": 33.21433533307556
        },
        {
            "index": 14,
            "element": "H",
            "charge": 0.17013119992509618,
            "dipole": [
                -0.01173741572382477,
                0.04087326057129621,
                0.02467666821503726
            ],
            "quadrupole": [
                [
                    -0.45084255565347386,
                    -0.46057653032543533,
                    -0.0008606627496291941
                ],
                [
                    -0.46057653032543533,
                    -0.0012714915891496332,
                    -0.45977983602997047
                ],
                [
                    -0.0008606627496291941,
                    -0.45977983602997047,
                    0.004014347872297215
                ]
            ],
            "volume_eff": 2.5218453813880393,
            "alpha_iso": 0.8048442706557571,
            "c6_ii": 0.20792755308879435,
            "c8_ii": 1.2632383310344666,
            "c10_ii": 10.592505609359819,
            "slater_b_init": 70.99485507376173
        },
        {
            "index": 15,
            "element": "H",
            "charge": 0.1747939110317902,
            "dipole": [
                -0.026188408013117663,
                -0.02415584304277319,
                -0.03630569287886413
            ],
            "quadrupole": [
                [
                    -0.44814460794021194,
                    -0.44734543035197194,
                    0.0031251807070811397
                ],
                [
                    -0.44734543035197194,
                    -0.006005953278076436,
                    -0.45251290827589374
                ],
                [
                    0.0031251807070811397,
                    -0.45251290827589374,
                    -0.0008683216316780774
                ]
            ],
            "volume_eff": 2.4589449295108126,
            "alpha_iso": 0.7847696583545146,
            "c6_ii": 0.19768455350025188,
            "c8_ii": 1.1809537412187248,
            "c10_ii": 9.737179847223741,
            "slater_b_init": 71.59512111130992
        },
        {
            "index": 16,
            "element": "H",
            "charge": 0.14833928713890765,
            "dipole": [
                0.011273880970317446,
                -0.042396866062405704,
                -0.031154354137452614
            ],
            "quadrupole": [
                [
                    -0.4647078342497243,
                    -0.4785837298676292,
                    0.0016423997520296015
                ],
                [
                    -0.4785837298676292,
                    0.001031046360446351,
                    -0.47477352256366334
                ],
                [
                    0.0016423997520296015,
                    -0.47477352256366334,
                    0.010565309294899076
                ]
            ],
            "volume_eff": 2.618364944747982,
            "alpha_iso": 0.8356483866216964,
            "c6_ii": 0.22414831947715494,
            "c8_ii": 1.3963144133910237,
            "c10_ii": 12.00524728014425,
            "slater_b_init": 70.1115609463504
        },
        {
            "index": 17,
            "element": "H",
            "charge": 0.10066393558685571,
            "dipole": [
                -0.024256755622757246,
                0.05810203630442546,
                0.017446060303889843
            ],
            "quadrupole": [
                [
                    -0.5016757579508875,
                    -0.5164406197082645,
                    -0.002463402287016636
                ],
                [
                    -0.5164406197082645,
                    0.00989751067099085,
                    -0.5114818578529636
                ],
                [
                    -0.002463402287016636,
                    -0.5114818578529636,
                    -0.0022066877695283353
                ]
            ],
            "volume_eff": 2.855879432080998,
            "alpha_iso": 0.9114508825790419,
            "c6_ii": 0.26665815426181455,
            "c8_ii": 1.760120480886499,
            "c10_ii": 16.03504116616444,
            "slater_b_init": 68.11138936821845
        },
        {
            "index": 18,
            "element": "H",
            "charge": 0.10347010806720558,
            "dipole": [
                0.014915361426474724,
                -0.05455297149936187,
                0.03799306839166521
            ],
            "quadrupole": [
                [
                    -0.4980969350203937,
                    -0.5151139511180326,
                    0.00045071001557735337
                ],
                [
                    -0.5151139511180326,
                    0.002695532797127664,
                    -0.51240071008057
                ],
                [
                    0.00045071001557735337,
                    -0.51240071008057,
                    -0.006858656374993209
                ]
            ],
            "volume_eff": 2.845759108345072,
            "alpha_iso": 0.908220992025023,
            "c6_ii": 0.2647716003608376,
            "c8_ii": 1.7435367485169129,
            "c10_ii": 15.846412811302782,
            "slater_b_init": 68.192034961496
        },
        {
            "index": 19,
            "element": "H",
            "charge": 0.10254622437301686,
            "dipole": [
                -0.04591686393760321,
                -0.03028519744836464,
                -0.03855657746974338
            ],
            "quadrupole": [
                [
                    -0.5087611974932901,
                    -0.5064465843296944,
                    0.0034712751321144143
                ],
                [
                    -0.5064465843296944,
                    -0.010351332968417311,
                    -0.5137142637822397
                ],
                [
                    0.0034712751321144143,
                    -0.5137142637822397,
                    -0.005700253796746981
                ]
            ],
            "volume_eff": 2.852502743390678,
            "alpha_iso": 0.9103732159757484,
            "c6_ii": 0.2660279531051443,
            "c8_ii": 1.7545763398063625,
            "c10_ii": 15.971930784846991,
            "slater_b_init": 68.1382546962997
        },
        {
            "index": 20,
            "element": "H",
            "charge": 0.11002923571994705,
            "dipole": [
                0.03597620153114571,
                -0.019605388074412942,
                0.05548276517398093
            ],
            "quadrupole": [
                [
                    -0.5054700792676077,
                    -0.4989581275636638,
                    0.007692449246591665
                ],
                [
                    -0.4989581275636638,
                    -0.005922216711247996,
                    -0.5057893475286138
                ],
                [
                    0.007692449246591665,
                    -0.5057893475286138,
                    -0.00485502583915675
                ]
            ],
            "volume_eff": 2.813224312936406,
            "alpha_iso": 0.8978375466818318,
            "c6_ii": 0.25875208353114704,
            "c8_ii": 1.6908861967094726,
            "c10_ii": 15.2505342240752,
            "slater_b_init": 68.4539071612898
        },
        {
            "index": 21,
            "element": "H",
            "charge": 0.14916278599626276,
            "dipole": [
                0.032333905416017,
                -0.036777569097276135,
                -0.02369470695622931
            ],
            "quadrupole": [
                [
                    -0.4727607708980436,
                    -0.47473165105868725,
                    -0.006269145445968608
                ],
                [
                    -0.47473165105868725,
                    0.005655449240625737,
                    -0.47328497004541575
                ],
                [
                    -0.006269145445968608,
                    -0.47328497004541575,
                    -0.009679135232115015
                ]
            ],
            "volume_eff": 2.6259324260499928,
            "alpha_iso": 0.8380635402287211,
            "c6_ii": 0.225445838691088,
            "c8_ii": 1.4071018567017162,
            "c10_ii": 12.121294521406346,
            "slater_b_init": 70.04414636413465
        },
        {
            "index": 22,
            "element": "H",
            "charge": 0.1706618131658546,
            "dipole": [
                0.03789153231181482,
                0.0007227626917657838,
                -0.03432375894239309
            ],
            "quadrupole": [
                [
                    -0.45972283883297765,
                    -0.4474819090184381,
                    -0.0003030253839573409
                ],
                [
                    -0.4474819090184381,
                    -0.002157529191467383,
                    -0.4607534128571863
                ],
                [
                    -0.0003030253839573409,
                    -0.4607534128571863,
                    -0.0018793390469861225
                ]
            ],
            "volume_eff": 2.5106449657570327,
            "alpha_iso": 0.8012696699224573,
            "c6_ii": 0.20608469360961404,
            "c8_ii": 1.2483323370699784,
            "c10_ii": 10.436499569958844,
            "slater_b_init": 71.1002718559649
        },
        {
            "index": 23,
            "element": "H",
            "charge": 0.1830055882153956,
            "dipole": [
                -0.029176698891373407,
                0.03703415265501674,
                0.019787637800613985
            ],
            "quadrupole": [
                [
                    -0.4446811993784185,
                    -0.4406552566947002,
                    -0.004492591260562639
                ],
                [
                    -0.4406552566947002,
                    0.003256069333208165,
                    -0.44514389006827104
                ],
                [
                    -0.004492591260562639,
                    -0.44514389006827104,
                    -0.0039857002490424264
                ]
            ],
            "volume_eff": 2.424919855769738,
            "alpha_iso": 0.7739105922669376,
            "c6_ii": 0.1922515768567533,
            "c8_ii": 1.1378782223610622,
            "c10_ii": 9.295265856888868,
            "slater_b_init": 71.92842746942993
        },
        {
            "index": 24,
            "element": "H",
            "charge": 0.06457418664147463,
            "dipole": [
                0.083538131898239,
                -0.021725520465018643,
                0.0025266012892104454
            ],
            "quadrupole": [
                [
                    -0.5299827354162111,
                    -0.5201317934330529,
                    -0.00018158230115574394
                ],
                [
                    -0.5201317934330529,
                    0.00200147356016126,
                    -0.5183432655978424
                ],
                [
                    -0.00018158230115574394,
                    -0.5183432655978424,
                    0.0059083180943232845
                ]
            ],
            "volume_eff": 2.896992777217756,
            "alpha_iso": 0.9245721629418371,
            "c6_ii": 0.2743910592180323,
            "c8_ii": 1.8285037123118348,
            "c10_ii": 16.81751763092276,
            "slater_b_init": 67.78764681961442
        },
        {
            "index": 25,
            "element": "H",
            "charge": 0.19856132569312157,
            "dipole": [
                0.00041616457115824435,
                -0.04341145316378504,
                0.016013568526081698
            ],
            "quadrupole": [
                [
                    -0.4347060346237927,
                    -0.43568024297286423,
                    0.002905313555838816
                ],
                [
                    -0.43568024297286423,
                    -0.0005801220908080713,
                    -0.4298833762865798
                ],
                [
                    0.002905313555838816,
                    -0.4298833762865798,
                    -0.0015852289065925228
                ]
            ],
            "volume_eff": 2.364146944921952,
            "alpha_iso": 0.7545149824218996,
            "c6_ii": 0.18273597933551983,
            "c8_ii": 1.0634114323252861,
            "c10_ii": 8.541197019236701,
            "slater_b_init": 72.53955269815069
        },
        {
            "index": 26,
            "element": "H",
            "charge": 0.1759123023154091,
            "dipole": [
                0.024289138158862293,
                0.02873413196517135,
                0.022122914449187767
            ],
            "quadrupole": [
                [
                    -0.45748170135272215,
                    -0.4607842763514059,
                    -0.002497001747955609
                ],
                [
                    -0.4607842763514059,
                    -0.0009996679416772022,
                    -0.45468515342414656
                ],
                [
                    -0.002497001747955609,
                    -0.45468515342414656,
                    -0.005700269084202582
                ]
            ],
            "volume_eff": 2.5341962910733282,
            "alpha_iso": 0.8087860503425516,
            "c6_ii": 0.20996921920921371,
            "c8_ii": 1.2798038604503736,
            "c10_ii": 10.76642088654026,
            "slater_b_init": 70.87933134493548
        },
        {
            "index": 27,
            "element": "H",
            "charge": 0.17639361805971787,
            "dipole": [
                -0.040286307406262614,
                0.013488184945734064,
                -0.0002158201057292306
            ],
            "quadrupole": [
                [
                    -0.4662717964283247,
                    -0.4621040259447217,
                    0.000416996801763666
                ],
                [
                    -0.4621040259447217,
                    0.0018874614430678556,
                    -0.4504695918178085
                ],
                [
                    0.000416996801763666,
                    -0.4504695918178085,
                    0.00010974609131746692
                ]
            ],
            "volume_eff": 2.5563806050575226,
            "alpha_iso": 0.8158661505502732,
            "c6_ii": 0.21366144402415738,
            "c8_ii": 1.3098979138342195,
            "c10_ii": 11.083805515992234,
            "slater_b_init": 70.67370470497357
        }
    ]
}