{
    "molecule": "CCarb_940",
    "atoms": [
        {
            "index": 0,
            "element": "O",
            "charge": -0.5832011270186861,
            "dipole": [
                0.13806725086632485,
                0.10716172597391334,
                0.0189612366219204
            ],
            "quadrupole": [
                [
                    -4.352688577883485,
                    -4.363757166854569,
                    0.05629603272975825
                ],
                [
                    -4.363757166854569,
                    -0.003667855830024759,
                    -4.325381192691793
                ],
                [
                    0.05629603272975825,
                    -4.325381192691793,
                    -0.046197185069012034
                ]
            ],
            "volume_eff": 25.31508318703766,
            "alpha_iso": 7.552566254696319,
            "c6_ii": 30.515898823477713,
            "c8_ii": 1321.0802007324257,
            "c10_ii": 55073.386837213686,
            "slater_b_init": 33.085278602447445
        },
        {
            "index": 1,
            "element": "C",
            "charge": 0.9696504049205945,
            "dipole": [
                -0.02703717748196316,
                -0.023879446011161796,
                -0.006766396099789762
            ],
            "quadrupole": [
                [
                    -2.921569447451729,
                    -2.8996838913088356,
                    0.03936028148905096
                ],
                [
                    -2.8996838913088356,
                    -0.05535151676062915,
                    -2.8356550830390557
                ],
                [
                    0.03936028148905096,
                    -2.8356550830390557,
                    -0.03764480768695555
                ]
            ],
            "volume_eff": 19.43597788034297,
            "alpha_iso": 6.1055427896365355,
            "c6_ii": 12.06346262801009,
            "c8_ii": 222.73161037625403,
            "c10_ii": 5152.359890870955,
            "slater_b_init": 43.841664398124834
        },
        {
            "index": 2,
            "element": "O",
            "charge": -0.3917035485999403,
            "dipole": [
                -0.03603885739108936,
                -0.07643757947666033,
                0.02094086147593953
            ],
            "quadrupole": [
                [
                    -4.025824397434943,
                    -4.010346562554744,
                    0.004552408485752612
                ],
                [
                    -4.010346562554744,
                    0.04190654596572894,
                    -4.0623772134022635
                ],
                [
                    0.004552408485752612,
                    -4.0623772134022635,
                    -0.003060966187934328
                ]
            ],
            "volume_eff": 22.8394921658024,
            "alpha_iso": 6.8139921378637,
            "c6_ii": 24.83935617750156,
            "c8_ii": 1004.033203730953,
            "c10_ii": 39080.97584803647,
            "slater_b_init": 34.239895822278285
        },
        {
            "index": 3,
            "element": "C",
            "charge": 0.009155707613187403,
            "dipole": [
                0.10732320962877528,
                0.06638332764505654,
                0.05267457178380646
            ],
            "quadrupole": [
                [
                    -4.1685758495201615,
                    -4.300021474470598,
                    0.013523254853707046
                ],
                [
                    -4.300021474470598,
                    0.028655282686814273,
                    -4.204194381258626
                ],
                [
                    0.013523254853707046,
                    -4.204194381258626,
                    0.05881876615191358
                ]
            ],
            "volume_eff": 30.30609840646285,
            "alpha_iso": 9.520240337108747,
            "c6_ii": 29.33048531358446,
            "c8_ii": 728.1902811686183,
            "c10_ii": 22650.87415931889,
            "slater_b_init": 37.80760401297054
        },
        {
            "index": 4,
            "element": "C",
            "charge": -0.134415784983009,
            "dipole": [
                0.12644920795685696,
                0.08108266581233554,
                -0.0794731672889268
            ],
            "quadrupole": [
                [
                    -4.575644677670616,
                    -4.46810001435233,
                    -0.04836348645541173
                ],
                [
                    -4.46810001435233,
                    0.08340020380819786,
                    -4.517654939077964
                ],
                [
                    -0.04836348645541173,
                    -4.517654939077964,
                    0.002057483195280608
                ]
            ],
            "volume_eff": 33.113734757926935,
            "alpha_iso": 10.402220342804272,
            "c6_ii": 35.01672474727568,
            "c8_ii": 922.2597234717476,
            "c10_ii": 30433.04602640943,
            "slater_b_init": 36.70735653305865
        },
        {
            "index": 5,
            "element": "C",
            "charge": 0.8057547835396566,
            "dipole": [
                -0.08947776436462554,
                0.06097204532146824,
                0.09296420676523937
            ],
            "quadrupole": [
                [
                    -3.2440090949983804,
                    -3.2141013147827833,
                    -0.04360125070274881
                ],
                [
                    -3.2141013147827833,
                    0.047400377620840636,
                    -3.2630201514063373
                ],
                [
                    -0.04360125070274881,
                    -3.2630201514063373,
                    0.050053919446653
                ]
            ],
            "volume_eff": 22.761698890297758,
            "alpha_iso": 7.150271902711337,
            "c6_ii": 16.545067319263676,
            "c8_ii": 339.3990307050536,
            "c10_ii": 8723.024986893548,
            "slater_b_init": 41.59306652513645
        },
        {
            "index": 6,
            "element": "F",
            "charge": -0.2464729272666375,
            "dipole": [
                -0.023556740743315603,
                0.04788218609033048,
                -0.023744638349264276
            ],
            "quadrupole": [
                [
                    -3.5530802040234377,
                    -3.53654313965634,
                    -0.0314891739108283
                ],
                [
                    -3.53654313965634,
                    -0.02780172727496502,
                    -3.556270962415088
                ],
                [
                    -0.0314891739108283,
                    -3.556270962415088,
                    0.013779016254722994
                ]
            ],
            "volume_eff": 17.894999094096935,
            "alpha_iso": 5.619917070873417,
            "c6_ii": 20.77859729177267,
            "c8_ii": 908.5318137464969,
            "c10_ii": 36854.26051158353,
            "slater_b_init": 33.35299408731278
        },
        {
            "index": 7,
            "element": "F",
            "charge": -0.25558211240213957,
            "dipole": [
                -0.042466837939944053,
                -0.03453986673515257,
                0.016625006123405655
            ],
            "quadrupole": [
                [
                    -3.5596454660904353,
                    -3.5509601450404,
                    -0.007633010588791475
                ],
                [
                    -3.5509601450404,
                    0.03116054333907374,
                    -3.584641535354404
                ],
                [
                    -0.007633010588791475,
                    -3.584641535354404,
                    -0.01807399056042935
                ]
            ],
            "volume_eff": 18.026245654846274,
            "alpha_iso": 5.661134999042632,
            "c6_ii": 21.08450623512199,
            "c8_ii": 926.4096805875773,
            "c10_ii": 37762.990806164606,
            "slater_b_init": 33.271850682384446
        },
        {
            "index": 8,
            "element": "F",
            "charge": -0.23678459043168232,
            "dipole": [
                0.03062837096976249,
                0.023712520308176128,
                0.04749629604350985
            ],
            "quadrupole": [
                [
                    -3.5295311581542848,
                    -3.547739274078521,
                    0.01959554485446819
                ],
                [
                    -3.547739274078521,
                    0.0068162771196447515,
                    -3.512320304154825
                ],
                [
                    0.01959554485446819,
                    -3.512320304154825,
                    0.02546510388079403
                ]
            ],
            "volume_eff": 17.743355516422444,
            "alpha_iso": 5.572293467967379,
            "c6_ii": 20.427930587599946,
            "c8_ii": 888.1459422049164,
            "c10_ii": 35823.49441652279,
            "slater_b_init": 33.447741792272815
        },
        {
            "index": 9,
            "element": "O",
            "charge": -0.362242263120379,
            "dipole": [
                -0.0822547407105429,
                -0.021028722165889868,
                -0.03346618829675936
            ],
            "quadrupole": [
                [
                    -3.949562990477469,
                    -4.008212492837361,
                    0.01423137526828611
                ],
                [
                    -4.008212492837361,
                    0.03590751023549481,
                    -4.027560452439762
                ],
                [
                    0.01423137526828611,
                    -4.027560452439762,
                    -0.005844000297963135
                ]
            ],
            "volume_eff": 22.567604464047296,
            "alpha_iso": 6.732876469936762,
            "c6_ii": 24.251486924796925,
            "c8_ii": 972.4757731016718,
            "c10_ii": 37551.63005248572,
            "slater_b_init": 34.37685127084462
        },
        {
            "index": 10,
            "element": "H",
            "charge": 0.11340838424052824,
            "dipole": [
                0.02956483126314574,
                -0.036101825765082564,
                -0.043119340386903654
            ],
            "quadrupole": [
                [
                    -0.48640659111891,
                    -0.5002763614892661,
                    -0.001459957871583584
                ],
                [
                    -0.5002763614892661,
                    0.0039492779475269095,
                    -0.4981585427618239
                ],
                [
                    -0.001459957871583584,
                    -0.4981585427618239,
                    0.008376664028555901
                ]
            ],
            "volume_eff": 2.740828225413223,
            "alpha_iso": 0.8747324123659221,
            "c6_ii": 0.24560588425100183,
            "c8_ii": 1.5773240605791499,
            "c10_ii": 13.981161223620708,
            "slater_b_init": 69.05138960809326
        },
        {
            "index": 11,
            "element": "H",
            "charge": 0.13541420542679417,
            "dipole": [
                -0.029428742963216854,
                -0.03002453559741935,
                0.05011428634535576
            ],
            "quadrupole": [
                [
                    -0.47166906131945574,
                    -0.4785922397165939,
                    0.0002699755066388243
                ],
                [
                    -0.4785922397165939,
                    0.004566164378905297,
                    -0.4766237732801382
                ],
                [
                    0.0002699755066388243,
                    -0.4766237732801382,
                    0.009802360574855321
                ]
            ],
            "volume_eff": 2.615505601648304,
            "alpha_iso": 0.8347358303132886,
            "c6_ii": 0.22365903168678017,
            "c8_ii": 1.3922519193047103,
            "c10_ii": 11.961602475324916,
            "slater_b_init": 70.1371009411156
        },
        {
            "index": 12,
            "element": "H",
            "charge": 0.17741215557542966,
            "dipole": [
                -0.019097642033197533,
                -0.019153702545087494,
                -0.051268257834404675
            ],
            "quadrupole": [
                [
                    -0.42758381154843605,
                    -0.4243446992928592,
                    -0.004375575651380616
                ],
                [
                    -0.4243446992928592,
                    0.004626639760522809,
                    -0.4331656515801899
                ],
                [
                    -0.004375575651380616,
                    -0.4331656515801899,
                    -0.006121362870226009
                ]
            ],
            "volume_eff": 2.2849197347398014,
            "alpha_iso": 0.7292297025765324,
            "c6_ii": 0.17069351774217661,
            "c8_ii": 0.9710135188480891,
            "c10_ii": 7.62383834724982,
            "slater_b_init": 73.3684559408692
        }
    ]
}