{
    "molecule": "Phos_698",
    "atoms": [
        {
            "index": 0,
            "element": "C",
            "charge": -0.4985318626186004,
            "dipole": [
                -0.1540442809415187,
                0.09438420289527179,
                -0.10903590403526628
            ],
            "quadrupole": [
                [
                    -5.299746121813531,
                    -5.146004614210276,
                    0.11412856517836978
                ],
                [
                    -5.146004614210276,
                    0.13452659319423413,
                    -5.1723868828272925
                ],
                [
                    0.11412856517836978,
                    -5.1723868828272925,
                    -0.12143037037679126
                ]
            ],
            "volume_eff": 38.99224452503737,
            "alpha_iso": 12.24887262566619,
            "c6_ii": 48.5529544163224,
            "c8_ii": 1425.9580907863028,
            "c10_ii": 52470.15190671222,
            "slater_b_init": 34.76133284986373
        },
        {
            "index": 1,
            "element": "C",
            "charge": 0.3109309534339655,
            "dipole": [
                0.22567529999395325,
                -0.09773686186182197,
                0.167722970865464
            ],
            "quadrupole": [
                [
                    -3.8476273527243037,
                    -3.8479937046957016,
                    0.0443731986911137
                ],
                [
                    -3.8479937046957016,
                    0.10662176156563055,
                    -3.7664083712208045
                ],
                [
                    0.0443731986911137,
                    -3.7664083712208045,
                    -0.0506870785557855
                ]
            ],
            "volume_eff": 26.96138340837564,
            "alpha_iso": 8.4695445261913,
            "c6_ii": 23.21365553347906,
            "c8_ii": 533.1023461193369,
            "c10_ii": 15338.825672516092,
            "slater_b_init": 39.310488543585535
        },
        {
            "index": 2,
            "element": "O",
            "charge": -0.4469117279345447,
            "dipole": [
                -0.05401309064173141,
                0.17647338556192238,
                0.04365801925543065
            ],
            "quadrupole": [
                [
                    -4.009032730623862,
                    -4.045104413050362,
                    -0.034265495433203896
                ],
                [
                    -4.045104413050362,
                    0.019427471401538703,
                    -4.020367475264194
                ],
                [
                    -0.034265495433203896,
                    -4.020367475264194,
                    0.0016920287380525723
                ]
            ],
            "volume_eff": 22.506762731194055,
            "alpha_iso": 6.7147247927319285,
            "c6_ii": 24.1209003106039,
            "c8_ii": 965.5000791510174,
            "c10_ii": 37215.22915006683,
            "slater_b_init": 34.40779997402932
        },
        {
            "index": 3,
            "element": "P",
            "charge": 1.775057445716925,
            "dipole": [
                -0.03577086364789409,
                0.03274072484133598,
                0.09443823170447173
            ],
            "quadrupole": [
                [
                    -6.1220616529679495,
                    -6.109900158504638,
                    0.02480827044404658
                ],
                [
                    -6.109900158504638,
                    0.022795323743002784,
                    -6.109143556510036
                ],
                [
                    0.02480827044404658,
                    -6.109143556510036,
                    0.0096589935592046
                ]
            ],
            "volume_eff": 48.05620506588205,
            "alpha_iso": 18.48315579457002,
            "c6_ii": 101.1216062453988,
            "c8_ii": 3128.438928898975,
            "c10_ii": 54812.33593907332,
            "slater_b_init": 36.4951568657992
        },
        {
            "index": 4,
            "element": "O",
            "charge": -0.8360231736972707,
            "dipole": [
                0.0867844989753039,
                -0.05555989148395215,
                -0.33831940693034773
            ],
            "quadrupole": [
                [
                    -4.716065119637628,
                    -4.710980846472254,
                    -0.010947044782189384
                ],
                [
                    -4.710980846472254,
                    -0.008554239416374662,
                    -4.74662202376188
                ],
                [
                    -0.010947044782189384,
                    -4.74662202376188,
                    0.022849126838900495
                ]
            ],
            "volume_eff": 28.109991856286236,
            "alpha_iso": 8.386406410162744,
            "c6_ii": 37.62607251824872,
            "c8_ii": 1746.6778501647516,
            "c10_ii": 78081.17164479924,
            "slater_b_init": 31.950256011308436
        },
        {
            "index": 5,
            "element": "O",
            "charge": -0.5194083118258312,
            "dipole": [
                0.16408124581316585,
                -0.035456481403149075,
                0.10795937425598043
            ],
            "quadrupole": [
                [
                    -4.1546730799630796,
                    -4.159772483904398,
                    0.013089749775098115
                ],
                [
                    -4.159772483904398,
                    -0.008156070426779771,
                    -4.220009049702183
                ],
                [
                    0.013089749775098115,
                    -4.220009049702183,
                    -0.038932238327435094
                ]
            ],
            "volume_eff": 23.808836523615145,
            "alpha_iso": 7.1031887971006515,
            "c6_ii": 26.99254255696833,
            "c8_ii": 1121.7240251041896,
            "c10_ii": 44888.7831283319,
            "slater_b_init": 33.76876605253928
        },
        {
            "index": 6,
            "element": "C",
            "charge": -0.18193793735976982,
            "dipole": [
                -0.17944274309949132,
                0.053719008853134846,
                0.10131447407021783
            ],
            "quadrupole": [
                [
                    -4.556908999086456,
                    -4.673339680631071,
                    -0.009106563041383627
                ],
                [
                    -4.673339680631071,
                    0.010846125895486324,
                    -4.5668666647434435
                ],
                [
                    -0.009106563041383627,
                    -4.5668666647434435,
                    -0.071182187860132
                ]
            ],
            "volume_eff": 33.72788477228173,
            "alpha_iso": 10.595147048884314,
            "c6_ii": 36.3276581251157,
            "c8_ii": 968.5805609553616,
            "c10_ii": 32355.532761747287,
            "slater_b_init": 36.48318931744708
        },
        {
            "index": 7,
            "element": "C",
            "charge": 0.8077409518359921,
            "dipole": [
                0.023330103390243006,
                -0.13335018558954945,
                -0.03866423084261233
            ],
            "quadrupole": [
                [
                    -3.1950393871281624,
                    -3.3432990277670696,
                    -0.03364963931280846
                ],
                [
                    -3.3432990277670696,
                    0.014393407470073621,
                    -3.213800105670934
                ],
                [
                    -0.03364963931280846,
                    -3.213800105670934,
                    -0.0016041584629726009
                ]
            ],
            "volume_eff": 22.885953170605244,
            "alpha_iso": 7.1893046609231135,
            "c6_ii": 16.726196737866662,
            "c8_ii": 344.3622054668634,
            "c10_ii": 8882.765970828461,
            "slater_b_init": 41.51765639801405
        },
        {
            "index": 8,
            "element": "F",
            "charge": -0.2574081076483097,
            "dipole": [
                0.002262123307366872,
                -0.030829886770405147,
                0.043295296827277105
            ],
            "quadrupole": [
                [
                    -3.5958939392773894,
                    -3.5678456350668966,
                    -0.03567269223274134
                ],
                [
                    -3.5678456350668966,
                    -0.009841449743667838,
                    -3.534782435525998
                ],
                [
                    -0.03567269223274134,
                    -3.534782435525998,
                    -0.0015599466413234906
                ]
            ],
            "volume_eff": 18.033249987912637,
            "alpha_iso": 5.6633347069477695,
            "c6_ii": 21.10089473876262,
            "c8_ii": 927.3699076373925,
            "c10_ii": 37811.92399264446,
            "slater_b_init": 33.26754239439126
        },
        {
            "index": 9,
            "element": "F",
            "charge": -0.24722653035582454,
            "dipole": [
                0.04998155742481236,
                -0.004900861117291273,
                -0.02955292330669976
            ],
            "quadrupole": [
                [
                    -3.522085704960839,
                    -3.5731742465545633,
                    0.00394864384328804
                ],
                [
                    -3.5731742465545633,
                    0.000178683660801596,
                    -3.55980228671872
                ],
                [
                    0.00394864384328804,
                    -3.55980228671872,
                    -0.030775166057366167
                ]
            ],
            "volume_eff": 17.919390139853956,
            "alpha_iso": 5.627577068714465,
            "c6_ii": 20.835278726526905,
            "c8_ii": 911.8377979234282,
            "c10_ii": 37021.9692381515,
            "slater_b_init": 33.33785436466213
        },
        {
            "index": 10,
            "element": "F",
            "charge": -0.23648548679585701,
            "dipole": [
                -0.04153551491796034,
                -0.0015765540015131795,
                -0.04337520744452613
            ],
            "quadrupole": [
                [
                    -3.508400835195401,
                    -3.548043936559247,
                    0.01017820039664002
                ],
                [
                    -3.548043936559247,
                    0.008488826376932131,
                    -3.5276602446651206
                ],
                [
                    0.01017820039664002,
                    -3.5276602446651206,
                    0.03506791235454929
                ]
            ],
            "volume_eff": 17.72717688733164,
            "alpha_iso": 5.567212576186796,
            "c6_ii": 20.390694650297647,
            "c8_ii": 885.9880538192648,
            "c10_ii": 35714.72905615042,
            "slater_b_init": 33.45791400925274
        },
        {
            "index": 11,
            "element": "O",
            "charge": -0.5150521934011554,
            "dipole": [
                -0.14263084674560605,
                -0.151739634538811,
                0.04523783403523274
            ],
            "quadrupole": [
                [
                    -4.214829019294331,
                    -4.135558133926131,
                    0.02170100892835376
                ],
                [
                    -4.135558133926131,
                    -0.018991349605364426,
                    -4.177034402193933
                ],
                [
                    0.02170100892835376,
                    -4.177034402193933,
                    0.030701603036735588
                ]
            ],
            "volume_eff": 23.82683557572004,
            "alpha_iso": 7.1085586800490725,
            "c6_ii": 27.033369736630167,
            "c8_ii": 1123.9867917784818,
            "c10_ii": 45001.99997045238,
            "slater_b_init": 33.76026081216667
        },
        {
            "index": 12,
            "element": "C",
            "charge": -0.21190345087334173,
            "dipole": [
                -0.0016051607070893875,
                0.2103762010768158,
                0.048516170989311685
            ],
            "quadrupole": [
                [
                    -4.792648678160023,
                    -4.620007941128266,
                    0.04762282753890762
                ],
                [
                    -4.620007941128266,
                    -0.09647346638819121,
                    -4.661104369705147
                ],
                [
                    0.04762282753890762,
                    -4.661104369705147,
                    0.029474676828807948
                ]
            ],
            "volume_eff": 34.77715848990096,
            "alpha_iso": 10.92476182928826,
            "c6_ii": 38.62312236002081,
            "c8_ii": 1051.0314692091033,
            "c10_ii": 35834.2664689551,
            "slater_b_init": 36.112520423526156
        },
        {
            "index": 13,
            "element": "C",
            "charge": 0.8387282576039041,
            "dipole": [
                -0.1201302876063123,
                -0.05046133750589694,
                0.03545887558030254
            ],
            "quadrupole": [
                [
                    -3.2625608569011604,
                    -3.1386268189983624,
                    0.02244543243634656
                ],
                [
                    -3.1386268189983624,
                    -0.04881851176104824,
                    -3.162767466024199
                ],
                [
                    0.02244543243634656,
                    -3.162767466024199,
                    0.030043753601077517
                ]
            ],
            "volume_eff": 22.296932677537388,
            "alpha_iso": 7.004272045299702,
            "c6_ii": 15.876305089033446,
            "c8_ii": 321.23174795797064,
            "c10_ii": 8143.32833205701,
            "slater_b_init": 41.880075679473
        },
        {
            "index": 14,
            "element": "F",
            "charge": -0.25361559543012646,
            "dipole": [
                -0.008800400427040476,
                0.013739301324701938,
                0.054774319959946006
            ],
            "quadrupole": [
                [
                    -3.5831038985618497,
                    -3.5769590075363196,
                    0.00792157857461426
                ],
                [
                    -3.5769590075363196,
                    0.006246266311344054,
                    -3.5097187602795508
                ],
                [
                    0.00792157857461426,
                    -3.5097187602795508,
                    -0.010995150059967377
                ]
            ],
            "volume_eff": 17.94729584475591,
            "alpha_iso": 5.63634084380764,
            "c6_ii": 20.90022243919357,
            "c8_ii": 915.6293718420782,
            "c10_ii": 37214.498570983385,
            "slater_b_init": 33.32056672934583
        },
        {
            "index": 15,
            "element": "F",
            "charge": -0.2514502392301061,
            "dipole": [
                -0.04081218447358847,
                0.03142576876301317,
                -0.028372684644197763
            ],
            "quadrupole": [
                [
                    -3.5396548699804726,
                    -3.561733776146801,
                    -0.01944636566471891
                ],
                [
                    -3.561733776146801,
                    -0.016206618116333425,
                    -3.5590522307545545
                ],
                [
                    -0.01944636566471891,
                    -3.5590522307545545,
                    0.032440452653882915
                ]
            ],
            "volume_eff": 17.92274174373158,
            "alpha_iso": 5.628629638527273,
            "c6_ii": 20.843073426123464,
            "c8_ii": 912.2926639185771,
            "c10_ii": 37045.05597142088,
            "slater_b_init": 33.33577614379576
        },
        {
            "index": 16,
            "element": "F",
            "charge": -0.2551293337601912,
            "dipole": [
                0.001718433057623886,
                -0.05727941015063218,
                -0.012728292926514305
            ],
            "quadrupole": [
                [
                    -3.5838455063978794,
                    -3.516879180301498,
                    0.017621331380843146
                ],
                [
                    -3.516879180301498,
                    -0.004513221064573239,
                    -3.589436137981923
                ],
                [
                    0.017621331380843146,
                    -3.589436137981923,
                    -0.005439757615736407
                ]
            ],
            "volume_eff": 18.010179303634818,
            "alpha_iso": 5.656089368083661,
            "c6_ii": 21.046938776150682,
            "c8_ii": 924.2094856105432,
            "c10_ii": 37650.91665589333,
            "slater_b_init": 33.281741355023435
        },
        {
            "index": 17,
            "element": "H",
            "charge": 0.30168762555755624,
            "dipole": [
                -0.03806449873896948,
                0.02283566559009715,
                -0.02613884333354067
            ],
            "quadrupole": [
                [
                    -0.33112359351734955,
                    -0.3336099771462965,
                    -0.0016058986921952286
                ],
                [
                    -0.3336099771462965,
                    -0.0036814272099837497,
                    -0.3340042906950329
                ],
                [
                    -0.0016058986921952286,
                    -0.3340042906950329,
                    0.004766194518550841
                ]
            ],
            "volume_eff": 1.685614878597594,
            "alpha_iso": 0.5379621952971044,
            "c6_ii": 0.09289489398507259,
            "c8_ii": 0.43144459177333305,
            "c10_ii": 2.765657337580372,
            "slater_b_init": 81.19829503088782
        },
        {
            "index": 18,
            "element": "H",
            "charge": 0.17062001497275592,
            "dipole": [
                0.0046639052114572,
                0.042912937340596514,
                -0.04648393614379278
            ],
            "quadrupole": [
                [
                    -0.4399681017339539,
                    -0.44360784323731883,
                    0.0016426228766096944
                ],
                [
                    -0.44360784323731883,
                    -0.004726714140220587,
                    -0.44685759146527715
                ],
                [
                    0.0016426228766096944,
                    -0.44685759146527715,
                    -0.006534075813115876
                ]
            ],
            "volume_eff": 2.4021910440883674,
            "alpha_iso": 0.7666567161984151,
            "c6_ii": 0.1886645127505626,
            "c8_ii": 1.1096589727898396,
            "c10_ii": 9.008012812232394,
            "slater_b_init": 72.15457080271999
        },
        {
            "index": 19,
            "element": "H",
            "charge": 0.16898290206971622,
            "dipole": [
                0.028957784952080304,
                0.018654373402976605,
                0.048837450249370945
            ],
            "quadrupole": [
                [
                    -0.4314433018089558,
                    -0.4446099753805903,
                    0.0030187178315760387
                ],
                [
                    -0.4446099753805903,
                    -0.0040591000567608785,
                    -0.4449086598431673
                ],
                [
                    0.0030187178315760387,
                    -0.4449086598431673,
                    -0.007751690894296481
                ]
            ],
            "volume_eff": 2.370087644295937,
            "alpha_iso": 0.756410950307214,
            "c6_ii": 0.1836555020908793,
            "c8_ii": 1.0705521546496046,
            "c10_ii": 8.612948908748098,
            "slater_b_init": 72.47889443095653
        },
        {
            "index": 20,
            "element": "H",
            "charge": 0.1628897647151375,
            "dipole": [
                0.04531557158747757,
                -0.017583964894663046,
                0.03450120876531596
            ],
            "quadrupole": [
                [
                    -0.4584045778456921,
                    -0.4414660370434736,
                    0.0044083012045154114
                ],
                [
                    -0.4414660370434736,
                    0.0020851345014220265,
                    -0.4559812603909726
                ],
                [
                    0.0044083012045154114,
                    -0.4559812603909726,
                    0.0003995907051400358
                ]
            ],
            "volume_eff": 2.468087677669393,
            "alpha_iso": 0.7876875567029978,
            "c6_ii": 0.19915733162473084,
            "c8_ii": 1.1926993152772851,
            "c10_ii": 9.858385485573638,
            "slater_b_init": 71.50660641460269
        },
        {
            "index": 21,
            "element": "H",
            "charge": 0.18037710341228252,
            "dipole": [
                0.011367406164088104,
                0.001244430987058207,
                -0.060383845523245654
            ],
            "quadrupole": [
                [
                    -0.43867723819041554,
                    -0.42396753740820814,
                    0.0016555628382317982
                ],
                [
                    -0.42396753740820814,
                    -0.0013024324015130668,
                    -0.43703052541454207
                ],
                [
                    0.0016555628382317982,
                    -0.43703052541454207,
                    -0.0008214197880874727
                ]
            ],
            "volume_eff": 2.335821698581737,
            "alpha_iso": 0.7454750101856608,
            "c6_ii": 0.17838342914930969,
            "c8_ii": 1.0297739845187235,
            "c10_ii": 8.204827949063171,
            "slater_b_init": 72.83159136855667
        }
    ]
}