{
    "molecule": "Phos_663",
    "atoms": [
        {
            "index": 0,
            "element": "O",
            "charge": -0.8207257122418348,
            "dipole": [
                0.0985965921951089,
                0.04500313576007673,
                -0.37543230058923915
            ],
            "quadrupole": [
                [
                    -4.682961569834265,
                    -4.676362737910064,
                    0.002081348500982504
                ],
                [
                    -4.676362737910064,
                    -0.00044914580749934416,
                    -4.712653775567094
                ],
                [
                    0.002081348500982504,
                    -4.712653775567094,
                    0.010902245093966772
                ]
            ],
            "volume_eff": 27.833053661868835,
            "alpha_iso": 8.30378396541943,
            "c6_ii": 36.8883442747588,
            "c8_ii": 1701.1652861520934,
            "c10_ii": 75546.34284978782,
            "slater_b_init": 32.05587456662697
        },
        {
            "index": 1,
            "element": "P",
            "charge": 1.7696322125348907,
            "dipole": [
                -0.03771610119400906,
                -0.024950927803146915,
                0.16059322199695383
            ],
            "quadrupole": [
                [
                    -6.253130526259359,
                    -6.26278516203304,
                    -0.01962884431419695
                ],
                [
                    -6.26278516203304,
                    -0.0039432769552466395,
                    -6.14204916719174
                ],
                [
                    -0.01962884431419695,
                    -6.14204916719174,
                    -0.035250635078354374
                ]
            ],
            "volume_eff": 49.65511450842941,
            "alpha_iso": 19.098120964780545,
            "c6_ii": 107.96251441807549,
            "c8_ii": 3413.760557663105,
            "c10_ii": 61130.79297418211,
            "slater_b_init": 36.09915721737709
        },
        {
            "index": 2,
            "element": "O",
            "charge": -0.656435306742642,
            "dipole": [
                -0.07524569296583435,
                -0.13928546196072922,
                0.13215381571442275
            ],
            "quadrupole": [
                [
                    -4.304310959240548,
                    -4.313466615046119,
                    0.04572401945799765
                ],
                [
                    -4.313466615046119,
                    0.026122894799816724,
                    -4.2881677665233076
                ],
                [
                    0.04572401945799765,
                    -4.2881677665233076,
                    -0.01007162073498752
                ]
            ],
            "volume_eff": 24.62244790847631,
            "alpha_iso": 7.345923685401772,
            "c6_ii": 28.868877872127886,
            "c8_ii": 1226.8764579502242,
            "c10_ii": 50208.97397515191,
            "slater_b_init": 33.392646494824
        },
        {
            "index": 3,
            "element": "C",
            "charge": 1.1494203397014964,
            "dipole": [
                -0.0033242861252789444,
                -0.017762947253667588,
                0.013335946587364214
            ],
            "quadrupole": [
                [
                    -2.776176497563711,
                    -2.7908695041388225,
                    0.0015943966695178245
                ],
                [
                    -2.7908695041388225,
                    0.036157792263911026,
                    -2.7578398212604927
                ],
                [
                    0.0015943966695178245,
                    -2.7578398212604927,
                    -0.01368585726556458
                ]
            ],
            "volume_eff": 18.94716372967197,
            "alpha_iso": 5.951988606179676,
            "c6_ii": 11.464301708007772,
            "c8_ii": 208.1050833729288,
            "c10_ii": 4732.953421397067,
            "slater_b_init": 44.215488680565294
        },
        {
            "index": 4,
            "element": "F",
            "charge": -0.26685769358339684,
            "dipole": [
                -0.014789444467305728,
                -0.033373914121370564,
                -0.11736882691725871
            ],
            "quadrupole": [
                [
                    -3.576329532139474,
                    -3.5749346247909584,
                    0.012770566749120704
                ],
                [
                    -3.5749346247909584,
                    -0.0021090556212159262,
                    -3.525634604775728
                ],
                [
                    0.012770566749120704,
                    -3.525634604775728,
                    0.0024572571575701458
                ]
            ],
            "volume_eff": 17.914618078375604,
            "alpha_iso": 5.626078404779115,
            "c6_ii": 20.82418303731705,
            "c8_ii": 911.1903978514263,
            "c10_ii": 36989.11539879445,
            "slater_b_init": 33.340814259684244
        },
        {
            "index": 5,
            "element": "F",
            "charge": -0.27606351731288825,
            "dipole": [
                0.018462969912599134,
                -0.07870156864295128,
                0.07177109998900044
            ],
            "quadrupole": [
                [
                    -3.576719258607049,
                    -3.5653067711630775,
                    -0.030110119842301553
                ],
                [
                    -3.5653067711630775,
                    -0.025095842042854134,
                    -3.5825452013250683
                ],
                [
                    -0.030110119842301553,
                    -3.5825452013250683,
                    0.011813257470278662
                ]
            ],
            "volume_eff": 18.040701368744838,
            "alpha_iso": 5.6656748100190395,
            "c6_ii": 21.11833621900282,
            "c8_ii": 928.3921032664863,
            "c10_ii": 37864.02901981232,
            "slater_b_init": 33.26296158090765
        },
        {
            "index": 6,
            "element": "F",
            "charge": -0.26932948801316314,
            "dipole": [
                0.07586943042786441,
                0.09039894867794733,
                0.00744705659152498
            ],
            "quadrupole": [
                [
                    -3.5578483762023434,
                    -3.533258703329926,
                    0.0036091537344601983
                ],
                [
                    -3.533258703329926,
                    0.02396531515091499,
                    -3.5775119899936723
                ],
                [
                    0.0036091537344601983,
                    -3.5775119899936723,
                    -0.005422795955964109
                ]
            ],
            "volume_eff": 17.882940507671414,
            "alpha_iso": 5.61613007678937,
            "c6_ii": 20.750603315406693,
            "c8_ii": 906.9001536820824,
            "c10_ii": 36771.54447645433,
            "slater_b_init": 33.360489118599446
        },
        {
            "index": 7,
            "element": "O",
            "charge": -0.6556275018067677,
            "dipole": [
                -0.12541819480997043,
                0.07479204644883365,
                0.14356474696390856
            ],
            "quadrupole": [
                [
                    -4.350415491825778,
                    -4.273151426262968,
                    -0.01363834131330791
                ],
                [
                    -4.273151426262968,
                    -0.02497226236754059,
                    -4.275716226572693
                ],
                [
                    -0.01363834131330791,
                    -4.275716226572693,
                    0.026904951543988285
                ]
            ],
            "volume_eff": 24.602361464081067,
            "alpha_iso": 7.339931044532473,
            "c6_ii": 28.82179590948108,
            "c8_ii": 1224.2093160740767,
            "c10_ii": 50072.572662773884,
            "slater_b_init": 33.40173176197596
        },
        {
            "index": 8,
            "element": "C",
            "charge": 1.1502916673120325,
            "dipole": [
                -0.016771239484024328,
                0.005421484404873801,
                0.01313204235087876
            ],
            "quadrupole": [
                [
                    -2.807623764928244,
                    -2.755157695814631,
                    0.009344240600875891
                ],
                [
                    -2.755157695814631,
                    -0.017017940028659986,
                    -2.75324697865061
                ],
                [
                    0.009344240600875891,
                    -2.75324697865061,
                    -0.015157203220489088
                ]
            ],
            "volume_eff": 18.916379399363,
            "alpha_iso": 5.942318135925549,
            "c6_ii": 11.427078812572331,
            "c8_ii": 207.20465593106294,
            "c10_ii": 4707.369148967046,
            "slater_b_init": 44.23946096538655
        },
        {
            "index": 9,
            "element": "F",
            "charge": -0.2696614579703507,
            "dipole": [
                0.0465596370549046,
                -0.10582764931506665,
                -0.025203411853731313
            ],
            "quadrupole": [
                [
                    -3.5616286923078366,
                    -3.537649516586854,
                    0.009758953791513984
                ],
                [
                    -3.537649516586854,
                    -0.026489914140820844,
                    -3.571443991802563
                ],
                [
                    0.009758953791513984,
                    -3.571443991802563,
                    -0.00030419384592309017
                ]
            ],
            "volume_eff": 17.889272552903027,
            "alpha_iso": 5.6181186529778095,
            "c6_ii": 20.765300788774475,
            "c8_ii": 907.756720847331,
            "c10_ii": 36814.96300392119,
            "slater_b_init": 33.35655258710776
        },
        {
            "index": 10,
            "element": "F",
            "charge": -0.2767928613652675,
            "dipole": [
                -0.09622974152948872,
                -0.0045419843608391335,
                0.051025402233969175
            ],
            "quadrupole": [
                [
                    -3.537568608974912,
                    -3.5985335570887256,
                    0.004190466125001244
                ],
                [
                    -3.5985335570887256,
                    0.01771571308787479,
                    -3.592547885592304
                ],
                [
                    0.004190466125001244,
                    -3.592547885592304,
                    -0.014480910468372733
                ]
            ],
            "volume_eff": 18.051678747058347,
            "alpha_iso": 5.669122251142291,
            "c6_ii": 21.144044143682,
            "c8_ii": 929.899284832198,
            "c10_ii": 37940.881707365996,
            "slater_b_init": 33.25621771776223
        },
        {
            "index": 11,
            "element": "F",
            "charge": -0.264317773756062,
            "dipole": [
                0.007416341050165148,
                0.06959681560400063,
                -0.09410093939124481
            ],
            "quadrupole": [
                [
                    -3.575128319633451,
                    -3.558808676230454,
                    -0.03035811246270369
                ],
                [
                    -3.558808676230454,
                    0.003254126645546051,
                    -3.527814430750815
                ],
                [
                    -0.03035811246270369,
                    -3.527814430750815,
                    -0.001261353775610354
                ]
            ],
            "volume_eff": 17.876538882258,
            "alpha_iso": 5.614119648973587,
            "c6_ii": 20.735749626967973,
            "c8_ii": 906.0346877641058,
            "c10_ii": 36727.685291481626,
            "slater_b_init": 33.364470796655596
        },
        {
            "index": 12,
            "element": "O",
            "charge": -0.6574354453938387,
            "dipole": [
                0.08012971274827199,
                0.0037157680227186156,
                0.1912119407172894
            ],
            "quadrupole": [
                [
                    -4.261282533811051,
                    -4.338830932687928,
                    -0.03300958533877246
                ],
                [
                    -4.338830932687928,
                    -0.0036431151166431736,
                    -4.315713787137979
                ],
                [
                    -0.03300958533877246,
                    -4.315713787137979,
                    -0.02085024798520089
                ]
            ],
            "volume_eff": 24.651526382178975,
            "alpha_iso": 7.354599031147319,
            "c6_ii": 28.937104930715638,
            "c8_ii": 1230.7440196944435,
            "c10_ii": 50406.8981057105,
            "slater_b_init": 33.37951155107248
        },
        {
            "index": 13,
            "element": "C",
            "charge": 1.144048060319486,
            "dipole": [
                0.008466789892836139,
                0.006530241131195455,
                0.017994404237460373
            ],
            "quadrupole": [
                [
                    -2.7723782529293013,
                    -2.820157251604399,
                    -0.017135191545051002
                ],
                [
                    -2.820157251604399,
                    -0.015639330702167373,
                    -2.7652409409173133
                ],
                [
                    -0.017135191545051002,
                    -2.7652409409173133,
                    0.00626611150825493
                ]
            ],
            "volume_eff": 19.038192492962704,
            "alpha_iso": 5.9805840292029435,
            "c6_ii": 11.574723308296186,
            "c8_ii": 210.78192688906307,
            "c10_ii": 4809.175017066996,
            "slater_b_init": 44.14490576900092
        },
        {
            "index": 14,
            "element": "F",
            "charge": -0.2755733581819726,
            "dipole": [
                0.021795726816905045,
                0.05863583114297079,
                0.08860591634516694
            ],
            "quadrupole": [
                [
                    -3.603263149830108,
                    -3.5539563284073745,
                    0.027984457754858732
                ],
                [
                    -3.5539563284073745,
                    0.00525306763832684,
                    -3.5669738011349876
                ],
                [
                    0.027984457754858732,
                    -3.5669738011349876,
                    0.009058113773006955
                ]
            ],
            "volume_eff": 18.04088610937042,
            "alpha_iso": 5.665732827736164,
            "c6_ii": 21.118768733741604,
            "c8_ii": 928.4174553039765,
            "c10_ii": 37865.32148766682,
            "slater_b_init": 33.26284804174501
        },
        {
            "index": 15,
            "element": "F",
            "charge": -0.26531753140401904,
            "dipole": [
                0.08527221290862495,
                -0.0021485863738358404,
                -0.08604549043048623
            ],
            "quadrupole": [
                [
                    -3.5531769274439466,
                    -3.5732824769442235,
                    -0.0002787025855142696
                ],
                [
                    -3.5732824769442235,
                    0.0011717429678629676,
                    -3.5435870158328058
                ],
                [
                    -0.0002787025855142696,
                    -3.5435870158328058,
                    -0.0294346238243437
                ]
            ],
            "volume_eff": 17.897587269895276,
            "alpha_iso": 5.620729886413392,
            "c6_ii": 20.78460819475047,
            "c8_ii": 908.882261520028,
            "c10_ii": 36872.03110038166,
            "slater_b_init": 33.35138628077408
        },
        {
            "index": 16,
            "element": "F",
            "charge": -0.26789917896542903,
            "dipole": [
                -0.10397061303782047,
                0.02355194063988303,
                -0.04720848482449798
            ],
            "quadrupole": [
                [
                    -3.5273580396756112,
                    -3.57148875370171,
                    -0.006667031387095208
                ],
                [
                    -3.57148875370171,
                    0.0007496224489359805,
                    -3.5627480978254202
                ],
                [
                    -0.006667031387095208,
                    -3.5627480978254202,
                    0.024034531517217263
                ]
            ],
            "volume_eff": 17.863480665562644,
            "alpha_iso": 5.610018721416368,
            "c6_ii": 20.705467141211937,
            "c8_ii": 904.2708867479435,
            "c10_ii": 36638.3336389687,
            "slater_b_init": 33.372598633552236
        }
    ]
}