{
    "molecule": "Phos_581",
    "atoms": [
        {
            "index": 0,
            "element": "C",
            "charge": -0.4080172370066837,
            "dipole": [
                -0.014992068550639023,
                0.06122438480712079,
                -0.06312827233182146
            ],
            "quadrupole": [
                [
                    -5.020398724243722,
                    -5.065515227261339,
                    0.040352959264016976
                ],
                [
                    -5.065515227261339,
                    0.03192342680542624,
                    -5.045417926294123
                ],
                [
                    0.040352959264016976,
                    -5.045417926294123,
                    -0.028216454293278348
                ]
            ],
            "volume_eff": 38.00449475956249,
            "alpha_iso": 11.938584741223817,
            "c6_ii": 46.1242287642334,
            "c8_ii": 1331.653912833764,
            "c10_ii": 48169.05001762954,
            "slater_b_init": 35.05991381939617
        },
        {
            "index": 1,
            "element": "C",
            "charge": -0.25264712805193756,
            "dipole": [
                0.05530385970020543,
                -0.060733566170626065,
                0.03378593937901798
            ],
            "quadrupole": [
                [
                    -4.676028903752773,
                    -4.768621171185598,
                    0.03285737294864191
                ],
                [
                    -4.768621171185598,
                    0.057971452059908585,
                    -4.7712675893856415
                ],
                [
                    0.03285737294864191,
                    -4.7712675893856415,
                    0.010925891088438566
                ]
            ],
            "volume_eff": 35.15714785204839,
            "alpha_iso": 11.044130215303158,
            "c6_ii": 39.471757285457386,
            "c8_ii": 1081.9349789837856,
            "c10_ii": 37156.11698937597,
            "slater_b_init": 35.98194374125261
        },
        {
            "index": 2,
            "element": "C",
            "charge": 0.09069311505263222,
            "dipole": [
                0.1457842507644264,
                0.013440972956892948,
                0.09671888830295436
            ],
            "quadrupole": [
                [
                    -4.120942177800207,
                    -4.172938970706932,
                    -0.031956365430034245
                ],
                [
                    -4.172938970706932,
                    0.010734536001771662,
                    -4.260121491411898
                ],
                [
                    -0.031956365430034245,
                    -4.260121491411898,
                    0.07970991403459655
                ]
            ],
            "volume_eff": 30.336593000662965,
            "alpha_iso": 9.529819790784178,
            "c6_ii": 29.38954083617149,
            "c8_ii": 730.1458384054935,
            "c10_ii": 22726.93590681207,
            "slater_b_init": 37.79493159379374
        },
        {
            "index": 3,
            "element": "O",
            "charge": -0.5805343845007087,
            "dipole": [
                -0.1509183369327634,
                -0.029835546933524672,
                0.14047571842070475
            ],
            "quadrupole": [
                [
                    -4.251729231361494,
                    -4.276140175145674,
                    -0.007947501340191246
                ],
                [
                    -4.276140175145674,
                    0.010752396708310009,
                    -4.328875411938628
                ],
                [
                    -0.007947501340191246,
                    -4.328875411938628,
                    0.010272861922670622
                ]
            ],
            "volume_eff": 24.748137008967273,
            "alpha_iso": 7.3834220910731085,
            "c6_ii": 29.164361443386955,
            "c8_ii": 1243.648330750369,
            "c10_ii": 51068.405060431935,
            "slater_b_init": 33.33601977966992
        },
        {
            "index": 4,
            "element": "P",
            "charge": 1.7301952250926824,
            "dipole": [
                0.024709459634697974,
                0.061871713336773715,
                0.014353767525722412
            ],
            "quadrupole": [
                [
                    -6.374499948833873,
                    -6.425485628236948,
                    -0.06300709997496685
                ],
                [
                    -6.425485628236948,
                    0.014386034615243196,
                    -6.349701092436413
                ],
                [
                    -0.06300709997496685,
                    -6.349701092436413,
                    -0.023143049368974652
                ]
            ],
            "volume_eff": 51.7215752495841,
            "alpha_iso": 19.892913557532346,
            "c6_ii": 117.13549090300644,
            "c8_ii": 3805.868145942094,
            "c10_ii": 70030.28304659558,
            "slater_b_init": 35.61184525977518
        },
        {
            "index": 5,
            "element": "O",
            "charge": -0.8320450265569335,
            "dipole": [
                -0.04629300195142913,
                -0.2117563635246247,
                -0.23638546263004925
            ],
            "quadrupole": [
                [
                    -4.72370136627896,
                    -4.717109594653848,
                    -0.017555725440870876
                ],
                [
                    -4.717109594653848,
                    -0.00575150449143424,
                    -4.724204434127914
                ],
                [
                    -0.017555725440870876,
                    -4.724204434127914,
                    -0.00465731067066852
                ]
            ],
            "volume_eff": 28.107150311492507,
            "alpha_iso": 8.385558656467378,
            "c6_ii": 37.61846591579072,
            "c8_ii": 1746.20704767938,
            "c10_ii": 78054.86486832866,
            "slater_b_init": 31.95133266527169
        },
        {
            "index": 6,
            "element": "O",
            "charge": -0.5658526574041183,
            "dipole": [
                0.18706525011419103,
                -0.038999686561404436,
                0.07174335105048016
            ],
            "quadrupole": [
                [
                    -4.261791017318201,
                    -4.261984735986701,
                    -0.01518583506328507
                ],
                [
                    -4.261984735986701,
                    -0.027445257995448533,
                    -4.244842146572173
                ],
                [
                    -0.01518583506328507,
                    -4.244842146572173,
                    -0.026534112070072672
                ]
            ],
            "volume_eff": 24.488717451838,
            "alpha_iso": 7.306026201100839,
            "c6_ii": 28.55614177223191,
            "c8_ii": 1209.1875526740935,
            "c10_ii": 49305.72966586883,
            "slater_b_init": 33.45332082626739
        },
        {
            "index": 7,
            "element": "C",
            "charge": 0.09373615873056185,
            "dipole": [
                0.00643575492352937,
                0.1766058170822521,
                -0.034253933463883966
            ],
            "quadrupole": [
                [
                    -4.234105584677927,
                    -4.090715936132766,
                    -0.044357394390013835
                ],
                [
                    -4.090715936132766,
                    -0.03699903729151927,
                    -4.174078681610581
                ],
                [
                    -0.044357394390013835,
                    -4.174078681610581,
                    -0.06299724321655314
                ]
            ],
            "volume_eff": 30.110049934082216,
            "alpha_iso": 9.458654429554622,
            "c6_ii": 28.95223814296091,
            "c8_ii": 715.6962407266444,
            "c10_ii": 22166.125585193276,
            "slater_b_init": 37.88948247802249
        },
        {
            "index": 8,
            "element": "C",
            "charge": -0.24758223939176727,
            "dipole": [
                0.02761368705050443,
                0.04254191207476925,
                -0.07161465757269055
            ],
            "quadrupole": [
                [
                    -4.7346922556760775,
                    -4.656583736872459,
                    0.01305080105003071
                ],
                [
                    -4.656583736872459,
                    -0.05162326980965955,
                    -4.767237266496784
                ],
                [
                    0.01305080105003071,
                    -4.767237266496784,
                    0.012408138887689001
                ]
            ],
            "volume_eff": 34.95104624990479,
            "alpha_iso": 10.979386256514594,
            "c6_ii": 39.010323553819134,
            "c8_ii": 1065.1038375127346,
            "c10_ii": 36435.00271262663,
            "slater_b_init": 36.05253206110778
        },
        {
            "index": 9,
            "element": "C",
            "charge": -0.398994118896594,
            "dipole": [
                -0.07005133040939494,
                -0.0324315477575997,
                0.047177503095583315
            ],
            "quadrupole": [
                [
                    -5.004617966478712,
                    -5.006830006085833,
                    0.01666101314724494
                ],
                [
                    -5.006830006085833,
                    -0.025135952049206507,
                    -5.018730006980317
                ],
                [
                    0.01666101314724494,
                    -5.018730006980317,
                    0.041207590737219316
                ]
            ],
            "volume_eff": 37.62057154587207,
            "alpha_iso": 11.817980590326302,
            "c6_ii": 45.19703749911904,
            "c8_ii": 1296.0820780956528,
            "c10_ii": 46566.060823777814,
            "slater_b_init": 35.178774183499044
        },
        {
            "index": 10,
            "element": "O",
            "charge": -0.5568044756893471,
            "dipole": [
                -0.004065954598983655,
                0.1843830103075902,
                -0.047319684103245586
            ],
            "quadrupole": [
                [
                    -4.224058017867381,
                    -4.2516728237638794,
                    0.02671382062592789
                ],
                [
                    -4.2516728237638794,
                    0.008322073663404095,
                    -4.233355489977107
                ],
                [
                    0.02671382062592789,
                    -4.233355489977107,
                    -0.005194977949743009
                ]
            ],
            "volume_eff": 24.294342069874872,
            "alpha_iso": 7.248035755653277,
            "c6_ii": 28.10462099168595,
            "c8_ii": 1183.7625761641896,
            "c10_ii": 48013.245415956255,
            "slater_b_init": 33.54230226924258
        },
        {
            "index": 11,
            "element": "C",
            "charge": 0.10498808216999223,
            "dipole": [
                -0.021509263806423127,
                -0.06084563796609235,
                -0.1634767429996058
            ],
            "quadrupole": [
                [
                    -4.10797293617547,
                    -4.162760011073753,
                    0.0868421738881854
                ],
                [
                    -4.162760011073753,
                    0.013214302253496742,
                    -4.118848280408518
                ],
                [
                    0.0868421738881854,
                    -4.118848280408518,
                    0.000952033338458461
                ]
            ],
            "volume_eff": 29.686077751972423,
            "alpha_iso": 9.32546945088139,
            "c6_ii": 28.142639794002825,
            "c8_ii": 689.1371391425523,
            "c10_ii": 21142.723925890696,
            "slater_b_init": 38.06900785228673
        },
        {
            "index": 12,
            "element": "C",
            "charge": -0.37664913964318636,
            "dipole": [
                0.029635917654909038,
                -0.040270579402355074,
                -0.0188788751232821
            ],
            "quadrupole": [
                [
                    -4.875550971811219,
                    -4.861844476159772,
                    0.06566852633764138
                ],
                [
                    -4.861844476159772,
                    0.026671625240931845,
                    -4.844533829362382
                ],
                [
                    0.06566852633764138,
                    -4.844533829362382,
                    0.011598854663764962
                ]
            ],
            "volume_eff": 35.77992034627602,
            "alpha_iso": 11.239765553803986,
            "c6_ii": 40.88254558492155,
            "c8_ii": 1133.799999503755,
            "c10_ii": 39395.75564030068,
            "slater_b_init": 35.771957726570335
        },
        {
            "index": 13,
            "element": "C",
            "charge": 0.38047890205638524,
            "dipole": [
                -0.0774094618380045,
                -0.031236243168035308,
                0.03404760902067222
            ],
            "quadrupole": [
                [
                    -3.687946212976592,
                    -3.4567261307435504,
                    0.01904224032470719
                ],
                [
                    -3.4567261307435504,
                    -0.028980145144831132,
                    -3.535905510376919
                ],
                [
                    0.01904224032470719,
                    -3.535905510376919,
                    0.11832363734387623
                ]
            ],
            "volume_eff": 24.412894007297353,
            "alpha_iso": 7.668971939465136,
            "c6_ii": 19.032582544076046,
            "c8_ii": 409.0874680606772,
            "c10_ii": 11016.638250172695,
            "slater_b_init": 40.633360706380806
        },
        {
            "index": 14,
            "element": "N",
            "charge": -0.449816757421722,
            "dipole": [
                0.10033774554449032,
                0.016138281699283767,
                -0.06376528468437892
            ],
            "quadrupole": [
                [
                    -4.87870998814477,
                    -4.604779113547272,
                    0.028287975149651666
                ],
                [
                    -4.604779113547272,
                    -0.04914535563490602,
                    -4.684237705463793
                ],
                [
                    0.028287975149651666,
                    -4.684237705463793,
                    0.14673617323908802
                ]
            ],
            "volume_eff": 31.12948568826627,
            "alpha_iso": 9.0692202398886,
            "c6_ii": 36.34894611728345,
            "c8_ii": 1307.3208948022614,
            "c10_ii": 51219.355664964445,
            "slater_b_init": 33.64003387750722
        },
        {
            "index": 15,
            "element": "H",
            "charge": 0.14049138715685383,
            "dipole": [
                0.04718059909441448,
                0.012783283015106906,
                0.004446701401927937
            ],
            "quadrupole": [
                [
                    -0.501421538774575,
                    -0.48789119738281206,
                    -0.005299027222214498
                ],
                [
                    -0.48789119738281206,
                    0.0008854679675892628,
                    -0.4916648378529702
                ],
                [
                    -0.005299027222214498,
                    -0.4916648378529702,
                    -0.000840796598566401
                ]
            ],
            "volume_eff": 2.7881424441770197,
            "alpha_iso": 0.8898326949501127,
            "c6_ii": 0.25415873888958873,
            "c8_ii": 1.6509831240364596,
            "c10_ii": 14.801999192855774,
            "slater_b_init": 68.6585630106402
        },
        {
            "index": 16,
            "element": "H",
            "charge": 0.13075237459218902,
            "dipole": [
                -0.010459725432191544,
                -0.03871636691804979,
                -0.026881107860151115
            ],
            "quadrupole": [
                [
                    -0.5046721020253409,
                    -0.5105736448526444,
                    -0.007801530860473084
                ],
                [
                    -0.5105736448526444,
                    -0.0017310514914557645,
                    -0.5016295801362983
                ],
                [
                    -0.007801530860473084,
                    -0.5016295801362983,
                    0.003533942906158573
                ]
            ],
            "volume_eff": 2.87626559531667,
            "alpha_iso": 0.917957104888299,
            "c6_ii": 0.27047872107145177,
            "c8_ii": 1.793824882189523,
            "c10_ii": 16.41977260871372,
            "slater_b_init": 67.95008954640812
        },
        {
            "index": 17,
            "element": "H",
            "charge": 0.13202659303148634,
            "dipole": [
                -0.03087071314538299,
                0.01124798341959336,
                0.03642655594137637
            ],
            "quadrupole": [
                [
                    -0.5026175728069076,
                    -0.49713698033283266,
                    -0.0027018287711447716
                ],
                [
                    -0.49713698033283266,
                    -0.004508700853442109,
                    -0.5077474899192387
                ],
                [
                    -0.0027018287711447716,
                    -0.5077474899192387,
                    0.003831424978626657
                ]
            ],
            "volume_eff": 2.8463750847322213,
            "alpha_iso": 0.9084175802336877,
            "c6_ii": 0.264886234592819,
            "c8_ii": 1.7445433187926958,
            "c10_ii": 15.857849105247706,
            "slater_b_init": 68.18711552156721
        },
        {
            "index": 18,
            "element": "H",
            "charge": 0.11910970493572359,
            "dipole": [
                0.019633029233023302,
                0.03567347603419234,
                0.02843591465994594
            ],
            "quadrupole": [
                [
                    -0.5089080662866187,
                    -0.520650671211162,
                    -0.009093905585511182
                ],
                [
                    -0.520650671211162,
                    -0.0019219054333713854,
                    -0.4998844105975407
                ],
                [
                    -0.009093905585511182,
                    -0.4998844105975407,
                    -0.002577604897208304
                ]
            ],
            "volume_eff": 2.8942610481410904,
            "alpha_iso": 0.9237003345131141,
            "c6_ii": 0.2738738272527236,
            "c8_ii": 1.8239094745957263,
            "c10_ii": 16.764715309724206,
            "slater_b_init": 67.80896708683666
        },
        {
            "index": 19,
            "element": "H",
            "charge": 0.13031865800386178,
            "dipole": [
                -0.04822522040260645,
                -0.01615727243581276,
                -0.005097473841562105
            ],
            "quadrupole": [
                [
                    -0.5062128573709229,
                    -0.49352025223859275,
                    -0.004090031004568935
                ],
                [
                    -0.49352025223859275,
                    0.0016727234972547232,
                    -0.4862447827605743
                ],
                [
                    -0.004090031004568935,
                    -0.4862447827605743,
                    -0.004569301334828395
                ]
            ],
            "volume_eff": 2.780623202115972,
            "alpha_iso": 0.8874329368455229,
            "c6_ii": 0.2527897241031483,
            "c8_ii": 1.6391365183103526,
            "c10_ii": 14.669354072165769,
            "slater_b_init": 68.72039515706729
        },
        {
            "index": 20,
            "element": "H",
            "charge": 0.08200062108399986,
            "dipole": [
                -0.02141368730339894,
                0.05185671656412642,
                -0.033601939009668146
            ],
            "quadrupole": [
                [
                    -0.5174122688286816,
                    -0.5379577130737886,
                    0.0014153034506943418
                ],
                [
                    -0.5379577130737886,
                    0.005512817786036277,
                    -0.536419374194957
                ],
                [
                    0.0014153034506943418,
                    -0.536419374194957,
                    -0.0013348180112404812
                ]
            ],
            "volume_eff": 3.0021385154224234,
            "alpha_iso": 0.9581293134326883,
            "c6_ii": 0.29467044830535627,
            "c8_ii": 2.010873186999875,
            "c10_ii": 18.939693115219406,
            "slater_b_init": 66.98683419376779
        },
        {
            "index": 21,
            "element": "H",
            "charge": 0.1065070435954728,
            "dipole": [
                -0.002890111670869076,
                -0.06270621466554654,
                -0.019229456666620726
            ],
            "quadrupole": [
                [
                    -0.490957708321333,
                    -0.5163971821446602,
                    -0.00046560539095643564
                ],
                [
                    -0.5163971821446602,
                    0.00036553961172178684,
                    -0.5076843912495856
                ],
                [
                    -0.00046560539095643564,
                    -0.5076843912495856,
                    0.0003285967880093317
                ]
            ],
            "volume_eff": 2.824998529327972,
            "alpha_iso": 0.9015952753174379,
            "c6_ii": 0.26092253151040606,
            "c8_ii": 1.7098237664213514,
            "c10_ii": 15.464335759540484,
            "slater_b_init": 68.35867248396079
        },
        {
            "index": 22,
            "element": "H",
            "charge": 0.08358141164277633,
            "dipole": [
                -0.03867900888246387,
                -0.0198317321593409,
                0.050096250187374916
            ],
            "quadrupole": [
                [
                    -0.5301841080255005,
                    -0.5230504665144255,
                    -0.0028583794346821833
                ],
                [
                    -0.5230504665144255,
                    -0.009081302745161966,
                    -0.5356461895650484
                ],
                [
                    -0.0028583794346821833,
                    -0.5356461895650484,
                    0.005553685714434575
                ]
            ],
            "volume_eff": 2.9975976572627543,
            "alpha_iso": 0.95668010338173,
            "c6_ii": 0.29377972006627684,
            "c8_ii": 2.0027726640337224,
            "c10_ii": 18.844371287183993,
            "slater_b_init": 67.02064173831675
        },
        {
            "index": 23,
            "element": "H",
            "charge": 0.10475803667970951,
            "dipole": [
                0.013291839489957095,
                -0.03103567220600589,
                -0.0565453000354046
            ],
            "quadrupole": [
                [
                    -0.5078242188739327,
                    -0.5001887602364291,
                    -0.008413586646895796
                ],
                [
                    -0.5001887602364291,
                    -0.00488147626797439,
                    -0.5114846172477885
                ],
                [
                    -0.008413586646895796,
                    -0.5114846172477885,
                    0.006429724835657879
                ]
            ],
            "volume_eff": 2.83425274504129,
            "alpha_iso": 0.904548748417433,
            "c6_ii": 0.2626348073438538,
            "c8_ii": 1.724800816499528,
            "c10_ii": 15.633843853362404,
            "slater_b_init": 68.2841912803803
        },
        {
            "index": 24,
            "element": "H",
            "charge": 0.12733433082210022,
            "dipole": [
                0.024771719366331324,
                -0.04407577371348098,
                0.007489408901748854
            ],
            "quadrupole": [
                [
                    -0.48867315863816363,
                    -0.5072256559476667,
                    0.0042432889461248065
                ],
                [
                    -0.5072256559476667,
                    0.005449119619748714,
                    -0.5017594655314901
                ],
                [
                    0.0042432889461248065,
                    -0.5017594655314901,
                    -0.001956665677805988
                ]
            ],
            "volume_eff": 2.8105016860491014,
            "alpha_iso": 0.8969686232071601,
            "c6_ii": 0.25825148748730686,
            "c8_ii": 1.6865258948591455,
            "c10_ii": 15.20139173567978,
            "slater_b_init": 68.47600455634286
        },
        {
            "index": 25,
            "element": "H",
            "charge": 0.1218194707726441,
            "dipole": [
                -0.0025366338297089673,
                0.04171320429739181,
                0.02763922946993672
            ],
            "quadrupole": [
                [
                    -0.4930051280976286,
                    -0.5092944816806815,
                    -0.00669699297625945
                ],
                [
                    -0.5092944816806815,
                    0.004635263421864552,
                    -0.5136220052705821
                ],
                [
                    -0.00669699297625945,
                    -0.5136220052705821,
                    0.0006225439843873061
                ]
            ],
            "volume_eff": 2.8572366821695523,
            "alpha_iso": 0.911884047500921,
            "c6_ii": 0.2669116718302865,
            "c8_ii": 1.7623520128952384,
            "c10_ii": 16.060457307424965,
            "slater_b_init": 68.10060285884208
        },
        {
            "index": 26,
            "element": "H",
            "charge": 0.1279704905790453,
            "dipole": [
                0.03888611163676288,
                0.0009120301654278658,
                0.03104876274407391
            ],
            "quadrupole": [
                [
                    -0.5132885663983245,
                    -0.5087469012420758,
                    -0.0035711539764453986
                ],
                [
                    -0.5087469012420758,
                    0.0012210986959136098,
                    -0.5016562386641011
                ],
                [
                    -0.0035711539764453986,
                    -0.5016562386641011,
                    -0.005564517971963793
                ]
            ],
            "volume_eff": 2.8872747691431315,
            "alpha_iso": 0.9214706710031271,
            "c6_ii": 0.2725532485863307,
            "c8_ii": 1.8121927497905552,
            "c10_ii": 16.63020371934831,
            "slater_b_init": 67.86361501840116
        },
        {
            "index": 27,
            "element": "H",
            "charge": 0.12955186819887266,
            "dipole": [
                -0.00041616745195257346,
                -0.03363295333475576,
                -0.034294921951897796
            ],
            "quadrupole": [
                [
                    -0.5032561495975262,
                    -0.5059977635742162,
                    -0.006505063651312908
                ],
                [
                    -0.5059977635742162,
                    0.004444999791780036,
                    -0.5107113804076125
                ],
                [
                    -0.006505063651312908,
                    -0.5107113804076125,
                    -0.0032000656645927903
                ]
            ],
            "volume_eff": 2.8825322626074494,
            "alpha_iso": 0.9199571050874839,
            "c6_ii": 0.27165861673116715,
            "c8_ii": 1.804265942632026,
            "c10_ii": 16.5393246852168,
            "slater_b_init": 67.90081232322875
        },
        {
            "index": 28,
            "element": "H",
            "charge": 0.14496368234777512,
            "dipole": [
                -0.023060098467775084,
                0.04322755014127828,
                -0.012067507086927493
            ],
            "quadrupole": [
                [
                    -0.48275565021574884,
                    -0.4918836524443935,
                    0.0005461493005298062
                ],
                [
                    -0.4918836524443935,
                    0.0026386006808568987,
                    -0.4862202646076126
                ],
                [
                    0.0005461493005298062,
                    -0.4862202646076126,
                    -0.005613158300270365
                ]
            ],
            "volume_eff": 2.7338103031990153,
            "alpha_iso": 0.8724926499571325,
            "c6_ii": 0.24434974111061367,
            "c8_ii": 1.5665770110345953,
            "c10_ii": 13.862187540045483,
            "slater_b_init": 69.1104260383652
        },
        {
            "index": 29,
            "element": "H",
            "charge": 0.0923945707586189,
            "dipole": [
                -0.05819574122869619,
                -0.0038618159533817973,
                0.033835464619373534
            ],
            "quadrupole": [
                [
                    -0.5238769445898518,
                    -0.5087056889688518,
                    0.006281492218622563
                ],
                [
                    -0.5087056889688518,
                    0.004684011778929997,
                    -0.5213505083175637
                ],
                [
                    0.006281492218622563,
                    -0.5213505083175637,
                    0.004136808003675695
                ]
            ],
            "volume_eff": 2.9082949318935984,
            "alpha_iso": 0.9281792335830634,
            "c6_ii": 0.27653622137069034,
            "c8_ii": 1.847588585758008,
            "c10_ii": 17.0372176618883,
            "slater_b_init": 67.69972117973695
        },
        {
            "index": 30,
            "element": "H",
            "charge": 0.11653875634632527,
            "dipole": [
                0.064016438806096,
                -0.010271224436016932,
                0.02415931269907872
            ],
            "quadrupole": [
                [
                    -0.5007190575760069,
                    -0.4827667763078308,
                    0.0070696066347173256
                ],
                [
                    -0.4827667763078308,
                    0.0020445430413042315,
                    -0.4932015028594866
                ],
                [
                    0.0070696066347173256,
                    -0.4932015028594866,
                    0.0006839922400568154
                ]
            ],
            "volume_eff": 2.7278081786328205,
            "alpha_iso": 0.8705770782870704,
            "c6_ii": 0.24327797136061916,
            "c8_ii": 1.557421930126058,
            "c10_ii": 13.760998287609388,
            "slater_b_init": 69.16107787903668
        },
        {
            "index": 31,
            "element": "H",
            "charge": 0.18502577578145374,
            "dipole": [
                -0.0027183179138794214,
                0.03562293632546036,
                0.037033675387005874
            ],
            "quadrupole": [
                [
                    -0.43923917495184395,
                    -0.4394003873328551,
                    -0.00593291351407832
                ],
                [
                    -0.4394003873328551,
                    0.0033691168743438422,
                    -0.4411182103101076
                ],
                [
                    -0.00593291351407832,
                    -0.4411182103101076,
                    -0.0011228436668481573
                ]
            ],
            "volume_eff": 2.3920337749996907,
            "alpha_iso": 0.7634150345743694,
            "c6_ii": 0.18707241222677562,
            "c8_ii": 1.0971909917957032,
            "c10_ii": 8.881674957490194,
            "slater_b_init": 72.25655632932559
        },
        {
            "index": 32,
            "element": "H",
            "charge": 0.19528428275536047,
            "dipole": [
                -0.03666482284780956,
                -0.0060916861438450555,
                -0.035203182414270395
            ],
            "quadrupole": [
                [
                    -0.43113093097589567,
                    -0.42556398637194404,
                    -0.003367812181369899
                ],
                [
                    -0.42556398637194404,
                    0.0030037560554457563,
                    -0.4291306279332593
                ],
                [
                    -0.003367812181369899,
                    -0.4291306279332593,
                    -0.005654355031994694
                ]
            ],
            "volume_eff": 2.3145403449362667,
            "alpha_iso": 0.7386830888094469,
            "c6_ii": 0.1751477820743172,
            "c8_ii": 1.0049445386196174,
            "c10_ii": 7.958288915500962,
            "slater_b_init": 73.05413066609654
        }
    ]
}