{
    "molecule": "FEMC",
    "atoms": [
        {
            "index": 0,
            "element": "C",
            "charge": -0.10699287465922147,
            "dipole": [
                -0.1347798504514881,
                0.0075644296482535915,
                -0.10961823211116879
            ],
            "quadrupole": [
                [
                    -4.444000044107367,
                    -4.521997228621229,
                    -0.006271899470010942
                ],
                [
                    -4.521997228621229,
                    -0.0032559267446944985,
                    -4.475128064126514
                ],
                [
                    -0.006271899470010942,
                    -4.475128064126514,
                    0.0977425270754431
                ]
            ],
            "volume_eff": 32.70547445738073,
            "alpha_iso": 10.273971033732167,
            "c6_ii": 34.15860281508118,
            "c8_ii": 892.2488788006493,
            "c10_ii": 29200.23744837051,
            "slater_b_init": 36.85946387355249
        },
        {
            "index": 1,
            "element": "O",
            "charge": -0.39510336845383875,
            "dipole": [
                0.11045770105493133,
                -0.0073824329270288465,
                0.017531103046312963
            ],
            "quadrupole": [
                [
                    -3.986625289209607,
                    -4.049804773268673,
                    -0.003025108403297397
                ],
                [
                    -4.049804773268673,
                    -0.0049177153191277325,
                    -4.08733668298514
                ],
                [
                    -0.003025108403297397,
                    -4.08733668298514,
                    0.015980382238900723
                ]
            ],
            "volume_eff": 22.910303047502524,
            "alpha_iso": 6.835118036271471,
            "c6_ii": 24.99361734184882,
            "c8_ii": 1012.3556644057215,
            "c10_ii": 39486.3237343352,
            "slater_b_init": 34.20458333374384
        },
        {
            "index": 2,
            "element": "C",
            "charge": 0.9884957492946906,
            "dipole": [
                0.002442591031914197,
                0.0002059401104201497,
                -0.04670433957001463
            ],
            "quadrupole": [
                [
                    -2.8795690686339968,
                    -2.756914457219101,
                    -0.000582896763090144
                ],
                [
                    -2.756914457219101,
                    0.013305832955685467,
                    -2.9304039921497904
                ],
                [
                    -0.000582896763090144,
                    -2.9304039921497904,
                    0.005606943823586897
                ]
            ],
            "volume_eff": 19.175218731520665,
            "alpha_iso": 6.023628920896544,
            "c6_ii": 11.741939656613994,
            "c8_ii": 214.8518042604411,
            "c10_ii": 4925.526112353975,
            "slater_b_init": 44.03950103269992
        },
        {
            "index": 3,
            "element": "O",
            "charge": -0.6371718108910986,
            "dipole": [
                -0.005580485465548565,
                0.018805922577319514,
                0.16875416221697528
            ],
            "quadrupole": [
                [
                    -4.467955242046473,
                    -4.3555435226708,
                    0.0019321305559597966
                ],
                [
                    -4.3555435226708,
                    0.003263053890117085,
                    -4.451215867097391
                ],
                [
                    0.0019321305559597966,
                    -4.451215867097391,
                    -0.0030613583300382503
                ]
            ],
            "volume_eff": 25.928772470553373,
            "alpha_iso": 7.735655875192719,
            "c6_ii": 32.01336764001016,
            "c8_ii": 1408.2165524011086,
            "c10_ii": 59650.91520477807,
            "slater_b_init": 32.822167951997095
        },
        {
            "index": 4,
            "element": "O",
            "charge": -0.37444289117855156,
            "dipole": [
                -0.10682386401915961,
                0.011752740278503858,
                0.0052986627568000835
            ],
            "quadrupole": [
                [
                    -3.9512959201519173,
                    -4.028800728173895,
                    0.004434867898228347
                ],
                [
                    -4.028800728173895,
                    -0.010767000629625746,
                    -4.058595521849307
                ],
                [
                    0.004434867898228347,
                    -4.058595521849307,
                    -0.01592271221533375
                ]
            ],
            "volume_eff": 22.7062748827798,
            "alpha_iso": 6.774247755083477,
            "c6_ii": 24.5504372186953,
            "c8_ii": 988.4922526321943,
            "c10_ii": 38326.29981600812,
            "slater_b_init": 34.306726899224664
        },
        {
            "index": 5,
            "element": "C",
            "charge": -0.2186828664223146,
            "dipole": [
                0.1697862632026697,
                -0.06283807179918297,
                -0.09935713857957484
            ],
            "quadrupole": [
                [
                    -4.632841175878594,
                    -4.74730092798491,
                    0.0030304678547977823
                ],
                [
                    -4.74730092798491,
                    0.001393900407123835,
                    -4.655010948565473
                ],
                [
                    0.0030304678547977823,
                    -4.655010948565473,
                    -0.054769146840423
                ]
            ],
            "volume_eff": 34.542763495459745,
            "alpha_iso": 10.8511298938617,
            "c6_ii": 38.10424396363326,
            "c8_ii": 1032.2471164741432,
            "c10_ii": 35035.51190550389,
            "slater_b_init": 36.19401863140427
        },
        {
            "index": 6,
            "element": "C",
            "charge": 0.8178979652618477,
            "dipole": [
                -0.02164800384918477,
                0.13415832123631374,
                0.022810956174145528
            ],
            "quadrupole": [
                [
                    -3.1793600884384197,
                    -3.3325700966551173,
                    -0.020539814361093634
                ],
                [
                    -3.3325700966551173,
                    0.016339582810387,
                    -3.198358899701522
                ],
                [
                    -0.020539814361093634,
                    -3.198358899701522,
                    -0.009504127829169647
                ]
            ],
            "volume_eff": 22.776254069319485,
            "alpha_iso": 7.154844210257429,
            "c6_ii": 16.566233877530056,
            "c8_ii": 339.9780907593979,
            "c10_ii": 8741.632259049295,
            "slater_b_init": 41.584204612307644
        },
        {
            "index": 7,
            "element": "F",
            "charge": -0.24258286930422557,
            "dipole": [
                0.043814324902142536,
                0.012488367691124354,
                0.03744951933323567
            ],
            "quadrupole": [
                [
                    -3.525860751548117,
                    -3.5591042781418456,
                    0.017539512065724374
                ],
                [
                    -3.5591042781418456,
                    0.012010808133855678,
                    -3.5382873478610577
                ],
                [
                    0.017539512065724374,
                    -3.5382873478610577,
                    0.036081473619639405
                ]
            ],
            "volume_eff": 17.836388088412875,
            "alpha_iso": 5.601510308757762,
            "c6_ii": 20.642709038894395,
            "c8_ii": 900.6182838344569,
            "c10_ii": 36453.43654662039,
            "slater_b_init": 33.389487185550884
        },
        {
            "index": 8,
            "element": "F",
            "charge": -0.25807396572882624,
            "dipole": [
                -0.04888964247609242,
                0.006294529385579358,
                0.025669586371231602
            ],
            "quadrupole": [
                [
                    -3.5370132827710914,
                    -3.5871254907815664,
                    0.0032476556927461668
                ],
                [
                    -3.5871254907815664,
                    -0.004082091991560454,
                    -3.5818916366416524
                ],
                [
                    0.0032476556927461668,
                    -3.5818916366416524,
                    -0.02945789079924858
                ]
            ],
            "volume_eff": 18.051631772760892,
            "alpha_iso": 5.6691074988835854,
            "c6_ii": 21.143934101248753,
            "c8_ii": 929.8928320589871,
            "c10_ii": 37940.55260762273,
            "slater_b_init": 33.256246564390025
        },
        {
            "index": 9,
            "element": "F",
            "charge": -0.2569848240980708,
            "dipole": [
                0.0043290917272187125,
                0.02579299793974508,
                -0.048047218092036936
            ],
            "quadrupole": [
                [
                    -3.5927334393406327,
                    -3.5706211269555985,
                    -0.031196628358844083
                ],
                [
                    -3.5706211269555985,
                    -0.006029669808764446,
                    -3.531638210928574
                ],
                [
                    -0.031196628358844083,
                    -3.531638210928574,
                    -0.0011186036438656734
                ]
            ],
            "volume_eff": 18.021191199475226,
            "alpha_iso": 5.659547649421971,
            "c6_ii": 21.072683944788004,
            "c8_ii": 925.7171492755009,
            "c10_ii": 37727.70726755028,
            "slater_b_init": 33.274961008860615
        },
        {
            "index": 10,
            "element": "H",
            "charge": 0.11573703650712852,
            "dipole": [
                0.001984093930417642,
                0.0554255303341906,
                0.03148037149490602
            ],
            "quadrupole": [
                [
                    -0.49911071932325524,
                    -0.5109216413333388,
                    -0.0014671520793206184
                ],
                [
                    -0.5109216413333388,
                    -0.005765450523812177,
                    -0.5102392543872187
                ],
                [
                    -0.0014671520793206184,
                    -0.5102392543872187,
                    0.012653112396815963
                ]
            ],
            "volume_eff": 2.855068753894139,
            "alpha_iso": 0.9111921554981294,
            "c6_ii": 0.266506787040426,
            "c8_ii": 1.7587884416780284,
            "c10_ii": 16.01987367988121,
            "slater_b_init": 68.11783535336589
        },
        {
            "index": 11,
            "element": "H",
            "charge": 0.11930943083456524,
            "dipole": [
                0.04552559784517857,
                -0.004978041129017771,
                -0.04171369039616707
            ],
            "quadrupole": [
                [
                    -0.48782704928534176,
                    -0.50835868534047,
                    -0.0007997086258500094
                ],
                [
                    -0.50835868534047,
                    -0.0009990110429155183,
                    -0.49430126399845764
                ],
                [
                    -0.0007997086258500094,
                    -0.49430126399845764,
                    0.012444137801893627
                ]
            ],
            "volume_eff": 2.767933680483289,
            "alpha_iso": 0.8833830895159432,
            "c6_ii": 0.25048775004828466,
            "c8_ii": 1.6192648698801053,
            "c10_ii": 14.447391814516218,
            "slater_b_init": 68.8252507192523
        },
        {
            "index": 12,
            "element": "H",
            "charge": 0.11283558494781998,
            "dipole": [
                -0.006559200704792846,
                -0.05213845112502752,
                0.035004214723166234
            ],
            "quadrupole": [
                [
                    -0.5011485237717906,
                    -0.5159892604763752,
                    -0.0004242847851368482
                ],
                [
                    -0.5159892604763752,
                    0.004241603370262958,
                    -0.5138811108061159
                ],
                [
                    -0.0004242847851368482,
                    -0.5138811108061159,
                    0.012900096419271924
                ]
            ],
            "volume_eff": 2.8819148079931134,
            "alpha_iso": 0.9197600451041851,
            "c6_ii": 0.27154224759038725,
            "c8_ii": 1.8032355028416396,
            "c10_ii": 16.52751824844364,
            "slater_b_init": 67.9056612609227
        },
        {
            "index": 13,
            "element": "H",
            "charge": 0.17134875975166208,
            "dipole": [
                0.0005361988336092415,
                -0.03634230098094929,
                0.04858613082161398
            ],
            "quadrupole": [
                [
                    -0.44491084725891966,
                    -0.44937856018809424,
                    0.0025656231691926832
                ],
                [
                    -0.44937856018809424,
                    -0.004678584524920967,
                    -0.4525766954137193
                ],
                [
                    0.0025656231691926832,
                    -0.4525766954137193,
                    -0.008812180146394507
                ]
            ],
            "volume_eff": 2.4543043462397374,
            "alpha_iso": 0.7832886211403418,
            "c6_ii": 0.19693910696551092,
            "c8_ii": 1.1750198152202638,
            "c10_ii": 9.676060424941669,
            "slater_b_init": 71.6402165698859
        },
        {
            "index": 14,
            "element": "H",
            "charge": 0.16999072337817145,
            "dipole": [
                -0.03354270282952666,
                -0.02395314360367917,
                -0.04120090515312005
            ],
            "quadrupole": [
                [
                    -0.4339216377450733,
                    -0.4446009478978409,
                    0.0029485412174545833
                ],
                [
                    -0.4446009478978409,
                    -0.004225659387585824,
                    -0.4452926726890465
                ],
                [
                    0.0029485412174545833,
                    -0.4452926726890465,
                    -0.0076988019762430256
                ]
            ],
            "volume_eff": 2.3814346280309553,
            "alpha_iso": 0.7600323280949858,
            "c6_ii": 0.1854182423887233,
            "c8_ii": 1.0842743519466818,
            "c10_ii": 8.751168875435676,
            "slater_b_init": 72.36359607204257
        }
    ]
}