{
    "molecule": "Phos_632",
    "atoms": [
        {
            "index": 0,
            "element": "C",
            "charge": -0.4417694842444275,
            "dipole": [
                0.013792736558300624,
                0.025819813774685712,
                0.06916175533135176
            ],
            "quadrupole": [
                [
                    -5.105339490637881,
                    -5.112690941337453,
                    -0.030436700366478962
                ],
                [
                    -5.112690941337453,
                    -0.022937446888179586,
                    -5.16192544603967
                ],
                [
                    -0.030436700366478962,
                    -5.16192544603967,
                    -0.02134554025303587
                ]
            ],
            "volume_eff": 38.9096960238628,
            "alpha_iso": 12.222941159328627,
            "c6_ii": 48.34759403634375,
            "c8_ii": 1417.9220903866897,
            "c10_ii": 52100.79259820958,
            "slater_b_init": 34.78589801276005
        },
        {
            "index": 1,
            "element": "C",
            "charge": -0.038711752024171986,
            "dipole": [
                -0.004395216887810994,
                -0.04968142220023097,
                -0.018957400403340992
            ],
            "quadrupole": [
                [
                    -4.351168530102415,
                    -4.336644872517019,
                    -0.028657433430858557
                ],
                [
                    -4.336644872517019,
                    0.002911871496435503,
                    -4.37914734967948
                ],
                [
                    -0.028657433430858557,
                    -4.37914734967948,
                    0.008591703802855158
                ]
            ],
            "volume_eff": 31.696142630558352,
            "alpha_iso": 9.956903444154456,
            "c6_ii": 32.082781671830645,
            "c8_ii": 820.6952138816532,
            "c10_ii": 26303.05816348517,
            "slater_b_init": 37.24663369210179
        },
        {
            "index": 2,
            "element": "C",
            "charge": -0.44355902881669884,
            "dipole": [
                -0.03437571778083543,
                0.035776608022414766,
                -0.05233568086957605
            ],
            "quadrupole": [
                [
                    -5.122540429704726,
                    -5.1591363310618625,
                    0.03233659338708344
                ],
                [
                    -5.1591363310618625,
                    0.026413948217194956,
                    -5.124723925159408
                ],
                [
                    0.03233659338708344,
                    -5.124723925159408,
                    -0.004915481750510527
                ]
            ],
            "volume_eff": 39.00066455165914,
            "alpha_iso": 12.25151766020706,
            "c6_ii": 48.57392583327661,
            "c8_ii": 1426.7793662944694,
            "c10_ii": 52507.9296233845,
            "slater_b_init": 34.758831076989054
        },
        {
            "index": 3,
            "element": "C",
            "charge": 0.07514009130883714,
            "dipole": [
                -0.023067726080159685,
                0.09286779848445562,
                -0.13503072483843964
            ],
            "quadrupole": [
                [
                    -4.279733682165588,
                    -4.142398343778436,
                    -0.06246905811142403
                ],
                [
                    -4.142398343778436,
                    0.018564976161375764,
                    -4.185507248050966
                ],
                [
                    -0.06246905811142403,
                    -4.185507248050966,
                    0.07853683151221008
                ]
            ],
            "volume_eff": 30.50263691961581,
            "alpha_iso": 9.581980184172505,
            "c6_ii": 29.712141958639958,
            "c8_ii": 740.8514946638036,
            "c10_ii": 23144.234509741724,
            "slater_b_init": 37.72622670945824
        },
        {
            "index": 4,
            "element": "O",
            "charge": -0.5605564879273217,
            "dipole": [
                0.18039863158807382,
                -0.10866916248929573,
                -0.025299264566347644
            ],
            "quadrupole": [
                [
                    -4.266018048013228,
                    -4.220848580720228,
                    -0.011855767688383478
                ],
                [
                    -4.220848580720228,
                    0.005550640047379928,
                    -4.251090495549273
                ],
                [
                    -0.011855767688383478,
                    -4.251090495549273,
                    0.037077185925229135
                ]
            ],
            "volume_eff": 24.399643095197575,
            "alpha_iso": 7.279451531163917,
            "c6_ii": 28.34878147034325,
            "c8_ii": 1197.4943973955599,
            "c10_ii": 48710.452956024164,
            "slater_b_init": 33.493980085829115
        },
        {
            "index": 5,
            "element": "P",
            "charge": 1.7297771559949986,
            "dipole": [
                -0.003206304131290532,
                -0.024654620239921512,
                -0.10292063226464482
            ],
            "quadrupole": [
                [
                    -6.3793634556753505,
                    -6.426721247737996,
                    -0.027023019642919865
                ],
                [
                    -6.426721247737996,
                    -0.012750604484182491,
                    -6.346690551271447
                ],
                [
                    -0.027023019642919865,
                    -6.346690551271447,
                    0.01333821776209644
                ]
            ],
            "volume_eff": 51.79597996209374,
            "alpha_iso": 19.921530754651435,
            "c6_ii": 117.47274673212281,
            "c8_ii": 3820.4855973027607,
            "c10_ii": 70366.6567735522,
            "slater_b_init": 35.594784998343194
        },
        {
            "index": 6,
            "element": "O",
            "charge": -0.8458182143092934,
            "dipole": [
                -0.037954222394673214,
                0.07762390734449348,
                0.33527362425984886
            ],
            "quadrupole": [
                [
                    -4.7378917138910275,
                    -4.734218787389514,
                    -0.013315150854270583
                ],
                [
                    -4.734218787389514,
                    -0.0016982959381896276,
                    -4.773902270114581
                ],
                [
                    -0.013315150854270583,
                    -4.773902270114581,
                    0.005502268172874673
                ]
            ],
            "volume_eff": 28.355975348315678,
            "alpha_iso": 8.459793750326224,
            "c6_ii": 38.28746641459927,
            "c8_ii": 1787.7349631446616,
            "c10_ii": 80382.07678323696,
            "slater_b_init": 31.85759980187882
        },
        {
            "index": 7,
            "element": "O",
            "charge": -0.5522080261347462,
            "dipole": [
                -0.1585233669937469,
                -0.13206189987130784,
                -0.05192776596449824
            ],
            "quadrupole": [
                [
                    -4.207703868551762,
                    -4.252033524563642,
                    -0.03452440979387823
                ],
                [
                    -4.252033524563642,
                    -0.0031367519622772255,
                    -4.2338023993935
                ],
                [
                    -0.03452440979387823,
                    -4.2338023993935,
                    -0.009321568096905902
                ]
            ],
            "volume_eff": 24.280930281921655,
            "alpha_iso": 7.244034448750107,
            "c6_ii": 28.073599021844338,
            "c8_ii": 1182.0207088972134,
            "c10_ii": 47924.949297977946,
            "slater_b_init": 33.54847692890638
        },
        {
            "index": 8,
            "element": "C",
            "charge": 0.07537766021455194,
            "dipole": [
                0.15451242978567217,
                -0.07586643904423346,
                -0.07263427751667305
            ],
            "quadrupole": [
                [
                    -4.156441563792938,
                    -4.240726625963835,
                    -0.04624241739880025
                ],
                [
                    -4.240726625963835,
                    -0.07318457130914541,
                    -4.186143739188528
                ],
                [
                    -0.04624241739880025,
                    -4.186143739188528,
                    -0.04329173655793589
                ]
            ],
            "volume_eff": 30.38588694310492,
            "alpha_iso": 9.545304798881126,
            "c6_ii": 29.485128587396574,
            "c8_ii": 733.3138953582728,
            "c10_ii": 22850.266123538455,
            "slater_b_init": 37.774482741400426
        },
        {
            "index": 9,
            "element": "C",
            "charge": -0.05177515801842869,
            "dipole": [
                0.04784878876387976,
                -0.046529081560798165,
                -0.0329800661357844
            ],
            "quadrupole": [
                [
                    -4.31476998246742,
                    -4.43388723124903,
                    -0.008754078361164338
                ],
                [
                    -4.43388723124903,
                    0.009445017115340083,
                    -4.433068119522581
                ],
                [
                    -0.008754078361164338,
                    -4.433068119522581,
                    -0.006175348735607829
                ]
            ],
            "volume_eff": 32.082907508541,
            "alpha_iso": 10.078400264463141,
            "c6_ii": 32.87052415352813,
            "c8_ii": 847.6724180311354,
            "c10_ii": 27388.227996340654,
            "slater_b_init": 37.09635670278721
        },
        {
            "index": 10,
            "element": "C",
            "charge": -0.44613205473647977,
            "dipole": [
                0.008572772557193867,
                -0.006572363777802614,
                0.07253067418067985
            ],
            "quadrupole": [
                [
                    -5.102100822723292,
                    -5.104940852130692,
                    -0.020444784329333693
                ],
                [
                    -5.104940852130692,
                    0.009488432102676064,
                    -5.198524946040461
                ],
                [
                    -0.020444784329333693,
                    -5.198524946040461,
                    0.03327289917355139
                ]
            ],
            "volume_eff": 38.96090553490091,
            "alpha_iso": 12.239027916722799,
            "c6_ii": 48.47493946207301,
            "c8_ii": 1422.903933960702,
            "c10_ii": 52329.71199250516,
            "slater_b_init": 34.77065067836557
        },
        {
            "index": 11,
            "element": "C",
            "charge": -0.4381086755964301,
            "dipole": [
                -0.008772174320388763,
                0.06918076870772477,
                -0.03824208730818497
            ],
            "quadrupole": [
                [
                    -5.10315804386758,
                    -5.158561586347086,
                    0.013816348589763966
                ],
                [
                    -5.158561586347086,
                    0.04480803452457208,
                    -5.088212667711724
                ],
                [
                    0.013816348589763966,
                    -5.088212667711724,
                    -0.00939319082286639
                ]
            ],
            "volume_eff": 38.79869353778563,
            "alpha_iso": 12.188071268414333,
            "c6_ii": 48.0721332358884,
            "c8_ii": 1407.160835342085,
            "c10_ii": 51606.99165962198,
            "slater_b_init": 34.81904040541742
        },
        {
            "index": 12,
            "element": "O",
            "charge": -0.6511458235424854,
            "dipole": [
                -0.084949292664783,
                0.011658867517631602,
                -0.17708653910844757
            ],
            "quadrupole": [
                [
                    -4.27054062453418,
                    -4.315112558219759,
                    0.036784861228432775
                ],
                [
                    -4.315112558219759,
                    -0.0077021260119619255,
                    -4.315448387146596
                ],
                [
                    0.036784861228432775,
                    -4.315448387146596,
                    -0.012264413677771115
                ]
            ],
            "volume_eff": 24.651790609159455,
            "alpha_iso": 7.354677861296191,
            "c6_ii": 28.937725257807575,
            "c8_ii": 1230.7791979007968,
            "c10_ii": 50408.699079928374,
            "slater_b_init": 33.379392292675966
        },
        {
            "index": 13,
            "element": "C",
            "charge": 1.1464903678534242,
            "dipole": [
                -0.004324234097245415,
                0.008052771020922478,
                -0.016408665095925912
            ],
            "quadrupole": [
                [
                    -2.770220655362079,
                    -2.8172677219863544,
                    0.01643202983818685
                ],
                [
                    -2.8172677219863544,
                    -0.007408367645749588,
                    -2.7678464962004194
                ],
                [
                    0.01643202983818685,
                    -2.7678464962004194,
                    0.010328775691156351
                ]
            ],
            "volume_eff": 19.06234383018308,
            "alpha_iso": 5.988170836706727,
            "c6_ii": 11.604108698490684,
            "c8_ii": 211.49572693177313,
            "c10_ii": 4829.541096782247,
            "slater_b_init": 44.12625452837354
        },
        {
            "index": 14,
            "element": "F",
            "charge": -0.28409357273186764,
            "dipole": [
                -0.003179525519248373,
                0.048947727592559845,
                -0.08618500454253263
            ],
            "quadrupole": [
                [
                    -3.6158079730098027,
                    -3.5738088606227825,
                    -0.03633970059778141
                ],
                [
                    -3.5738088606227825,
                    0.011562978540504459,
                    -3.5724711930503426
                ],
                [
                    -0.03633970059778141,
                    -3.5724711930503426,
                    -0.001532294861786599
                ]
            ],
            "volume_eff": 18.141930178229867,
            "alpha_iso": 5.6974656758077264,
            "c6_ii": 21.355996794083683,
            "c8_ii": 942.3486959919968,
            "c10_ii": 38576.87728265532,
            "slater_b_init": 33.20097897680233
        },
        {
            "index": 15,
            "element": "F",
            "charge": -0.27397710276745,
            "dipole": [
                -0.06602355089867382,
                0.034989157054086346,
                0.08517368849204239
            ],
            "quadrupole": [
                [
                    -3.5772729140003063,
                    -3.5810644704741192,
                    0.018097060874492817
                ],
                [
                    -3.5810644704741192,
                    -0.011221222083413373,
                    -3.55259592951593
                ],
                [
                    0.018097060874492817,
                    -3.55259592951593,
                    -0.028317842661548614
                ]
            ],
            "volume_eff": 18.005650413563515,
            "alpha_iso": 5.654667072028211,
            "c6_ii": 21.036355062815858,
            "c8_ii": 923.589870664963,
            "c10_ii": 37619.36656409124,
            "slater_b_init": 33.28453152938222
        },
        {
            "index": 16,
            "element": "F",
            "charge": -0.26967504440726486,
            "dipole": [
                0.10691495198597946,
                -0.023756900950407094,
                0.04014003981779018
            ],
            "quadrupole": [
                [
                    -3.536605738395037,
                    -3.5732612904474066,
                    -0.004548086342445038
                ],
                [
                    -3.5732612904474066,
                    -0.014787677890293676,
                    -3.5721492936241073
                ],
                [
                    -0.004548086342445038,
                    -3.5721492936241073,
                    0.022572152686381956
                ]
            ],
            "volume_eff": 17.92807006177415,
            "alpha_iso": 5.630302994606758,
            "c6_ii": 20.855468296761728,
            "c8_ii": 913.0160933869672,
            "c10_ii": 37081.77957738651,
            "slater_b_init": 33.332473293076575
        },
        {
            "index": 17,
            "element": "H",
            "charge": 0.14545265888752434,
            "dipole": [
                -0.017982817540841176,
                0.039567047278097935,
                -0.02356991481727578
            ],
            "quadrupole": [
                [
                    -0.4909158469422891,
                    -0.48684125084054736,
                    0.006129843172672594
                ],
                [
                    -0.48684125084054736,
                    0.002120803552722475,
                    -0.4876746886732214
                ],
                [
                    0.006129843172672594,
                    -0.4876746886732214,
                    -0.00042654184606444697
                ]
            ],
            "volume_eff": 2.749862583760435,
            "alpha_iso": 0.8776157182214154,
            "c6_ii": 0.24722769222964888,
            "c8_ii": 1.5912267022975237,
            "c10_ii": 14.135369198755953,
            "slater_b_init": 68.97568650072962
        },
        {
            "index": 18,
            "element": "H",
            "charge": 0.13091401796370228,
            "dipole": [
                -0.030114351886169077,
                -0.029924471334102323,
                0.014586412799260925
            ],
            "quadrupole": [
                [
                    -0.5146678851262034,
                    -0.5136251592712721,
                    0.004630148364757403
                ],
                [
                    -0.5136251592712721,
                    -0.004197474115200383,
                    -0.5006305243229038
                ],
                [
                    0.004630148364757403,
                    -0.5006305243229038,
                    0.003657078532825294
                ]
            ],
            "volume_eff": 2.9200070981056565,
            "alpha_iso": 0.9319171589698905,
            "c6_ii": 0.27876801692278164,
            "c8_ii": 1.8674966539724032,
            "c10_ii": 17.266999407240636,
            "slater_b_init": 67.60908522672605
        },
        {
            "index": 19,
            "element": "H",
            "charge": 0.13591516497146738,
            "dipole": [
                0.04178297754551219,
                -0.01675627787100774,
                -0.013343081764485832
            ],
            "quadrupole": [
                [
                    -0.5025258180369564,
                    -0.502884741948542,
                    0.0013247862441947652
                ],
                [
                    -0.502884741948542,
                    0.0054011238518743955,
                    -0.49630941377980564
                ],
                [
                    0.0013247862441947652,
                    -0.49630941377980564,
                    0.006380424783179301
                ]
            ],
            "volume_eff": 2.842009930135474,
            "alpha_iso": 0.9070244457879173,
            "c6_ii": 0.26407440711949187,
            "c8_ii": 1.7374180245699005,
            "c10_ii": 15.776929579371279,
            "slater_b_init": 68.22200808570099
        },
        {
            "index": 20,
            "element": "H",
            "charge": 0.118095806445774,
            "dipole": [
                0.03443053391859357,
                0.031599180345496004,
                -0.016192282264795646
            ],
            "quadrupole": [
                [
                    -0.4971139845719208,
                    -0.5011094027134457,
                    0.004331184690193093
                ],
                [
                    -0.5011094027134457,
                    -0.014155267316885644,
                    -0.4877892240960714
                ],
                [
                    0.004331184690193093,
                    -0.4877892240960714,
                    0.004216605104961807
                ]
            ],
            "volume_eff": 2.758563739711737,
            "alpha_iso": 0.8803926828867246,
            "c6_ii": 0.2487947305937358,
            "c8_ii": 1.6046887527673175,
            "c10_ii": 14.285011504669132,
            "slater_b_init": 68.90308829461351
        },
        {
            "index": 21,
            "element": "H",
            "charge": 0.1365516609793147,
            "dipole": [
                -0.03397981918805494,
                -0.03005368858919588,
                0.00569289267793996
            ],
            "quadrupole": [
                [
                    -0.5029442984608695,
                    -0.5038338646136893,
                    -0.0023998835581223346
                ],
                [
                    -0.5038338646136893,
                    -0.007934759953550231,
                    -0.49772029471518914
                ],
                [
                    -0.0023998835581223346,
                    -0.49772029471518914,
                    0.005342090836654415
                ]
            ],
            "volume_eff": 2.856491571827239,
            "alpha_iso": 0.9116462463278422,
            "c6_ii": 0.26677247950042915,
            "c8_ii": 1.761126715863685,
            "c10_ii": 16.04650073122804,
            "slater_b_init": 68.10652364789941
        },
        {
            "index": 22,
            "element": "H",
            "charge": 0.14519275644851803,
            "dipole": [
                0.035841893525327,
                -0.014458098623927735,
                -0.027176870907625276
            ],
            "quadrupole": [
                [
                    -0.49339922774429623,
                    -0.48940478476306476,
                    -0.006582261690027348
                ],
                [
                    -0.48940478476306476,
                    0.0015527208982655722,
                    -0.4852286837103073
                ],
                [
                    -0.006582261690027348,
                    -0.4852286837103073,
                    0.003930254069285049
                ]
            ],
            "volume_eff": 2.7591950020194997,
            "alpha_iso": 0.8805941495806915,
            "c6_ii": 0.24890861065641076,
            "c8_ii": 1.6056681732712814,
            "c10_ii": 14.295910892795854,
            "slater_b_init": 68.89783323048677
        },
        {
            "index": 23,
            "element": "H",
            "charge": 0.13391596649296467,
            "dipole": [
                0.012557793445958471,
                0.02860571827152083,
                0.03634962718403154
            ],
            "quadrupole": [
                [
                    -0.5031691800687528,
                    -0.4972733509206776,
                    -0.005879362715432373
                ],
                [
                    -0.4972733509206776,
                    -0.002652608568557463,
                    -0.5087596618639938
                ],
                [
                    -0.005879362715432373,
                    -0.5087596618639938,
                    0.00033783867132711095
                ]
            ],
            "volume_eff": 2.8609823462247252,
            "alpha_iso": 0.9130794721993805,
            "c6_ii": 0.26761194057221455,
            "c8_ii": 1.7685196430237409,
            "c10_ii": 16.13074565937153,
            "slater_b_init": 68.0708702530262
        },
        {
            "index": 24,
            "element": "H",
            "charge": 0.09516329103448606,
            "dipole": [
                -0.04333577606120363,
                -0.045563458960535416,
                0.0031212875197965053
            ],
            "quadrupole": [
                [
                    -0.5176794211611249,
                    -0.5216466775504405,
                    -0.006280429472713266
                ],
                [
                    -0.5216466775504405,
                    -0.011595124858989583,
                    -0.5189253943254724
                ],
                [
                    -0.006280429472713266,
                    -0.5189253943254724,
                    0.0025461989570524477
                ]
            ],
            "volume_eff": 2.935016756117171,
            "alpha_iso": 0.9367074753565441,
            "c6_ii": 0.2816412747420938,
            "c8_ii": 1.8932049875495551,
            "c10_ii": 17.56463516775202,
            "slater_b_init": 67.49363738444325
        },
        {
            "index": 25,
            "element": "H",
            "charge": 0.09968210571100733,
            "dipole": [
                0.024137960800165205,
                0.03491505517334264,
                0.04976857069322568
            ],
            "quadrupole": [
                [
                    -0.515032993968714,
                    -0.5029680974476639,
                    -0.006928031884861444
                ],
                [
                    -0.5029680974476639,
                    -0.007887358736789715,
                    -0.5188081547327865
                ],
                [
                    -0.006928031884861444,
                    -0.5188081547327865,
                    0.0010728702647799873
                ]
            ],
            "volume_eff": 2.877211879632774,
            "alpha_iso": 0.9182591105210981,
            "c6_ii": 0.2706567240176538,
            "c8_ii": 1.795399084307164,
            "c10_ii": 16.43778640417335,
            "slater_b_init": 67.94263937622017
        },
        {
            "index": 26,
            "element": "H",
            "charge": 0.0987325492022113,
            "dipole": [
                -0.0027224311451420164,
                -0.00986234199993153,
                0.06598369104576696
            ],
            "quadrupole": [
                [
                    -0.5014490090743322,
                    -0.5196921776409207,
                    0.0025651751986758096
                ],
                [
                    -0.5196921776409207,
                    -0.0011606148079421335,
                    -0.5241415775631669
                ],
                [
                    0.0025651751986758096,
                    -0.5241415775631669,
                    -0.0003502463877160106
                ]
            ],
            "volume_eff": 2.900246030107485,
            "alpha_iso": 0.9256104351406866,
            "c6_ii": 0.2750076743046249,
            "c8_ii": 1.833984479067557,
            "c10_ii": 16.880552368027065,
            "slater_b_init": 67.76229116995256
        },
        {
            "index": 27,
            "element": "H",
            "charge": 0.08648524944081659,
            "dipole": [
                -0.01866797856738121,
                0.052240694067474495,
                -0.032815435127897474
            ],
            "quadrupole": [
                [
                    -0.5121834548655599,
                    -0.5320684939112483,
                    0.0037174247989446834
                ],
                [
                    -0.5320684939112483,
                    0.0044587599638403865,
                    -0.5326163086308843
                ],
                [
                    0.0037174247989446834,
                    -0.5326163086308843,
                    -0.004907569197252185
                ]
            ],
            "volume_eff": 2.968073083697717,
            "alpha_iso": 0.9472573671375694,
            "c6_ii": 0.2880211050556345,
            "c8_ii": 1.950600455328391,
            "c10_ii": 18.23276293408555,
            "slater_b_init": 67.24213569320975
        },
        {
            "index": 28,
            "element": "H",
            "charge": 0.11927125098930869,
            "dipole": [
                -0.049961592103525916,
                -0.0017175905529413986,
                0.005745075009916397
            ],
            "quadrupole": [
                [
                    -0.510474131481434,
                    -0.488477837735932,
                    -0.001819543061643918
                ],
                [
                    -0.488477837735932,
                    0.004853735676692844,
                    -0.488881523883424
                ],
                [
                    -0.001819543061643918,
                    -0.488881523883424,
                    0.0067113297416804985
                ]
            ],
            "volume_eff": 2.766245589525471,
            "alpha_iso": 0.8828443370825972,
            "c6_ii": 0.25018231125295154,
            "c8_ii": 1.6166327477137867,
            "c10_ii": 14.418042407948672,
            "slater_b_init": 68.8392479891003
        },
        {
            "index": 29,
            "element": "H",
            "charge": 0.13735492643270542,
            "dipole": [
                -0.028882629730550842,
                -0.03541871756420796,
                -0.010377991941174123
            ],
            "quadrupole": [
                [
                    -0.5003763420928047,
                    -0.5036250067019599,
                    -0.0053452108445873284
                ],
                [
                    -0.5036250067019599,
                    -0.0014849278025017047,
                    -0.49174621095840443
                ],
                [
                    -0.0053452108445873284,
                    -0.49174621095840443,
                    -0.004024594792742567
                ]
            ],
            "volume_eff": 2.826673175373223,
            "alpha_iso": 0.9021297368212415,
            "c6_ii": 0.2612319705368669,
            "c8_ii": 1.712527970097923,
            "c10_ii": 15.49491418710079,
            "slater_b_init": 68.34517025149314
        },
        {
            "index": 30,
            "element": "H",
            "charge": 0.14946965360021025,
            "dipole": [
                0.04635053941271348,
                -0.007602560500020476,
                -0.0033459077249126754
            ],
            "quadrupole": [
                [
                    -0.4915388250209041,
                    -0.4868904712944805,
                    -0.0015890334626797449
                ],
                [
                    -0.4868904712944805,
                    0.0014199897299340158,
                    -0.47615253211650266
                ],
                [
                    -0.0015890334626797449,
                    -0.47615253211650266,
                    0.0030748881759064357
                ]
            ],
            "volume_eff": 2.7283822723304985,
            "alpha_iso": 0.8707602996799463,
            "c6_ii": 0.24338038255514144,
            "c8_ii": 1.5582961489122988,
            "c10_ii": 13.770654443537163,
            "slater_b_init": 69.15622668638343
        },
        {
            "index": 31,
            "element": "H",
            "charge": 0.1307707783750378,
            "dipole": [
                -0.014535505624704457,
                0.043401101496364496,
                -0.010186172742505138
            ],
            "quadrupole": [
                [
                    -0.5066489748725547,
                    -0.5132548064863252,
                    0.005087920147224447
                ],
                [
                    -0.5132548064863252,
                    0.0008828523862395953,
                    -0.5001062950240112
                ],
                [
                    0.005087920147224447,
                    -0.5001062950240112,
                    -0.002399816701289759
                ]
            ],
            "volume_eff": 2.885953961184074,
            "alpha_iso": 0.9210491365481087,
            "c6_ii": 0.27230394210291886,
            "c8_ii": 1.8099829185550431,
            "c10_ii": 16.604858498615442,
            "slater_b_init": 67.87396643462948
        },
        {
            "index": 32,
            "element": "H",
            "charge": 0.13078490333524495,
            "dipole": [
                -0.00712800691522132,
                0.0076071256460901,
                0.046498506152216165
            ],
            "quadrupole": [
                [
                    -0.5059243462792137,
                    -0.4991171453972586,
                    -0.0008421235876562603
                ],
                [
                    -0.4991171453972586,
                    -0.0028812775437758614,
                    -0.5150882970479629
                ],
                [
                    -0.0008421235876562603,
                    -0.5150882970479629,
                    -0.0004083358713720275
                ]
            ],
            "volume_eff": 2.8869396226833843,
            "alpha_iso": 0.9213637093670376,
            "c6_ii": 0.27248997788152174,
            "c8_ii": 1.8116318598764531,
            "c10_ii": 16.62376997172928,
            "slater_b_init": 67.86624102531705
        },
        {
            "index": 33,
            "element": "H",
            "charge": 0.13700214567253033,
            "dipole": [
                -0.030873668159262704,
                -0.027712605076791026,
                -0.02260923839042343
            ],
            "quadrupole": [
                [
                    -0.4991012836647344,
                    -0.4990261406866753,
                    -0.0068877503262632705
                ],
                [
                    -0.4990261406866753,
                    -0.005646576835714522,
                    -0.49843317194508985
                ],
                [
                    -0.0068877503262632705,
                    -0.49843317194508985,
                    0.0015174844666584438
                ]
            ],
            "volume_eff": 2.8281058454931207,
            "alpha_iso": 0.9025869719658896,
            "c6_ii": 0.26149684309909127,
            "c8_ii": 1.7148435534827398,
            "c10_ii": 15.521107794404006,
            "slater_b_init": 68.33362747015597
        },
        {
            "index": 34,
            "element": "H",
            "charge": 0.14464474598124244,
            "dipole": [
                0.04360825104104151,
                4.9414179331156965e-05,
                -0.014992737596055662
            ],
            "quadrupole": [
                [
                    -0.49909904715847236,
                    -0.48443259469562405,
                    -0.005355188426958451
                ],
                [
                    -0.48443259469562405,
                    0.0010254162156739413,
                    -0.491315735803282
                ],
                [
                    -0.005355188426958451,
                    -0.491315735803282,
                    0.0014720417026999031
                ]
            ],
            "volume_eff": 2.783308322122529,
            "alpha_iso": 0.888289890039105,
            "c6_ii": 0.25327817465910885,
            "c8_ii": 1.6433608190838735,
            "c10_ii": 14.716625694101142,
            "slater_b_init": 68.69828934436485
        }
    ]
}