{
    "molecule": "CCarb_1041",
    "atoms": [
        {
            "index": 0,
            "element": "C",
            "charge": -0.08839857135859219,
            "dipole": [
                -0.06772801017111282,
                -0.010801125000823525,
                -0.14785029371811065
            ],
            "quadrupole": [
                [
                    -4.501674717957063,
                    -4.553653759413916,
                    0.010725902598212003
                ],
                [
                    -4.553653759413916,
                    -0.0021278710392828542,
                    -4.446640127217829
                ],
                [
                    0.010725902598212003,
                    -4.446640127217829,
                    0.03914474900048971
                ]
            ],
            "volume_eff": 33.15822653785385,
            "alpha_iso": 10.416196818173983,
            "c6_ii": 35.11088525569516,
            "c8_ii": 925.567831852046,
            "c10_ii": 30569.559786618807,
            "slater_b_init": 36.690931180937696
        },
        {
            "index": 1,
            "element": "O",
            "charge": -0.3656476673325706,
            "dipole": [
                -0.018587789318688965,
                -0.04786910932196015,
                0.08156126548181582
            ],
            "quadrupole": [
                [
                    -4.043252476061054,
                    -4.076235486122855,
                    0.04509971193427507
                ],
                [
                    -4.076235486122855,
                    0.060327091996980775,
                    -4.064852293623099
                ],
                [
                    0.04509971193427507,
                    -4.064852293623099,
                    0.046997057036286816
                ]
            ],
            "volume_eff": 23.209549733449165,
            "alpha_iso": 6.924396053073231,
            "c6_ii": 25.650797905251434,
            "c8_ii": 1048.0020545049458,
            "c10_ii": 41231.86439410997,
            "slater_b_init": 34.05694416128638
        },
        {
            "index": 2,
            "element": "C",
            "charge": 0.09929424599837944,
            "dipole": [
                0.02679911192151414,
                0.12729748629131965,
                0.03227064265929197
            ],
            "quadrupole": [
                [
                    -4.177508014938953,
                    -4.14267708741371,
                    -0.023855675055699743
                ],
                [
                    -4.14267708741371,
                    0.07247426333718886,
                    -4.169282635851595
                ],
                [
                    -0.023855675055699743,
                    -4.169282635851595,
                    0.023494925368524676
                ]
            ],
            "volume_eff": 30.156374996593055,
            "alpha_iso": 9.473206805212477,
            "c6_ii": 29.04139415502429,
            "c8_ii": 718.6363173621447,
            "c10_ii": 22280.006891824916,
            "slater_b_init": 37.87007108009059
        },
        {
            "index": 3,
            "element": "C",
            "charge": -0.39036096528977104,
            "dipole": [
                0.022031286068156814,
                -0.02957709381612811,
                -0.009653691481224948
            ],
            "quadrupole": [
                [
                    -5.018968567316991,
                    -5.00179032095941,
                    -0.05204150217533133
                ],
                [
                    -5.00179032095941,
                    0.022776122749707688,
                    -4.974011502889556
                ],
                [
                    -0.05204150217533133,
                    -4.974011502889556,
                    0.029408225119986364
                ]
            ],
            "volume_eff": 37.65970303556038,
            "alpha_iso": 11.830273204888078,
            "c6_ii": 45.2911108831031,
            "c8_ii": 1299.680222597963,
            "c10_ii": 46727.71100220931,
            "slater_b_init": 35.166585426440236
        },
        {
            "index": 4,
            "element": "C",
            "charge": 0.1124724769371257,
            "dipole": [
                0.09943036727199926,
                -0.06441475414302522,
                0.051260754942810606
            ],
            "quadrupole": [
                [
                    -4.196512898606158,
                    -4.09573692399286,
                    -0.03411677607929342
                ],
                [
                    -4.09573692399286,
                    -0.10103380823883262,
                    -4.152304485585728
                ],
                [
                    -0.03411677607929342,
                    -4.152304485585728,
                    0.02942334156038953
                ]
            ],
            "volume_eff": 30.05583873657896,
            "alpha_iso": 9.44162473400386,
            "c6_ii": 28.84807872907855,
            "c8_ii": 712.2652213882033,
            "c10_ii": 22033.375871601784,
            "slater_b_init": 37.91224899747611
        },
        {
            "index": 5,
            "element": "O",
            "charge": -0.41029734211926083,
            "dipole": [
                0.03141670688010523,
                0.04721392008095401,
                -0.07390436463995075
            ],
            "quadrupole": [
                [
                    -4.103037429258743,
                    -4.053258609753229,
                    -0.041477903937912494
                ],
                [
                    -4.053258609753229,
                    0.029443600903027133,
                    -4.054823020344179
                ],
                [
                    -0.041477903937912494,
                    -4.054823020344179,
                    0.0035581665136022417
                ]
            ],
            "volume_eff": 23.185551148974216,
            "alpha_iso": 6.917236254390098,
            "c6_ii": 25.597779678503443,
            "c8_ii": 1045.114863697076,
            "c10_ii": 41089.923789125714,
            "slater_b_init": 34.06869050876026
        },
        {
            "index": 6,
            "element": "C",
            "charge": 0.9706182613946472,
            "dipole": [
                -0.009589315649952333,
                0.01972999789775282,
                -0.025942287394141755
            ],
            "quadrupole": [
                [
                    -2.8827041074021715,
                    -2.88777972496431,
                    0.06460139888789555
                ],
                [
                    -2.88777972496431,
                    0.058244324481865825,
                    -2.943968510149257
                ],
                [
                    0.06460139888789555,
                    -2.943968510149257,
                    0.011453160345684162
                ]
            ],
            "volume_eff": 19.68417102170608,
            "alpha_iso": 6.183509221478349,
            "c6_ii": 12.37352528619599,
            "c8_ii": 230.39717328207252,
            "c10_ii": 5374.960815388477,
            "slater_b_init": 43.656621361748044
        },
        {
            "index": 7,
            "element": "O",
            "charge": -0.6088688907866775,
            "dipole": [
                0.041322295251222566,
                -0.10863347969624132,
                0.12967297135813233
            ],
            "quadrupole": [
                [
                    -4.415310942898873,
                    -4.368698712978089,
                    0.021023320562522006
                ],
                [
                    -4.368698712978089,
                    0.050906216315942034,
                    -4.405268383660785
                ],
                [
                    0.021023320562522006,
                    -4.405268383660785,
                    0.045152364352721026
                ]
            ],
            "volume_eff": 25.744137025658762,
            "alpha_iso": 7.680571267323608,
            "c6_ii": 31.55906481076875,
            "c8_ii": 1381.6343722824406,
            "c10_ii": 58246.752502398056,
            "slater_b_init": 32.90044733369888
        },
        {
            "index": 8,
            "element": "O",
            "charge": -0.40920128969931824,
            "dipole": [
                -0.05821727257320706,
                0.06810696651101411,
                -0.03497246366414611
            ],
            "quadrupole": [
                [
                    -4.079761394248093,
                    -4.05053351239036,
                    -0.04766159167678155
                ],
                [
                    -4.05053351239036,
                    -0.021573647268913428,
                    -4.0780778874369945
                ],
                [
                    -0.04766159167678155,
                    -4.0780778874369945,
                    0.0424648254413692
                ]
            ],
            "volume_eff": 23.190864803902603,
            "alpha_iso": 6.918821543705748,
            "c6_ii": 25.609513999893345,
            "c8_ii": 1045.7537029886194,
            "c10_ii": 41121.32208813326,
            "slater_b_init": 34.06608829024661
        },
        {
            "index": 9,
            "element": "C",
            "charge": 0.1167327437562431,
            "dipole": [
                -0.031183983948005062,
                0.010098048077245141,
                0.1386298141482909
            ],
            "quadrupole": [
                [
                    -4.16459852585302,
                    -4.194414461703723,
                    -0.026695755181579826
                ],
                [
                    -4.194414461703723,
                    0.035511846925831085,
                    -4.036611135324663
                ],
                [
                    -0.026695755181579826,
                    -4.036611135324663,
                    0.00651132162922347
                ]
            ],
            "volume_eff": 29.888869365794157,
            "alpha_iso": 9.389173622762561,
            "c6_ii": 28.52844923219805,
            "c8_ii": 701.7624061799885,
            "c10_ii": 21628.00659229429,
            "slater_b_init": 37.98271484225114
        },
        {
            "index": 10,
            "element": "C",
            "charge": -0.325294859748265,
            "dipole": [
                -0.04052213628927861,
                -0.031830274540242225,
                0.01904051444434113
            ],
            "quadrupole": [
                [
                    -4.9238157500955,
                    -4.908781843432395,
                    0.006770617161102553
                ],
                [
                    -4.908781843432395,
                    -0.011914907807628059,
                    -4.8439898817774445
                ],
                [
                    0.006770617161102553,
                    -4.8439898817774445,
                    0.058137009558786715
                ]
            ],
            "volume_eff": 36.743676632309615,
            "alpha_iso": 11.5425162195737,
            "c6_ii": 43.114604997549186,
            "c8_ii": 1217.0780454068283,
            "c10_ii": 43045.415560559144,
            "slater_b_init": 35.45642642335735
        },
        {
            "index": 11,
            "element": "C",
            "charge": 0.030020894857111458,
            "dipole": [
                -0.00819408829734393,
                0.008687387979613449,
                -0.04240490875682735
            ],
            "quadrupole": [
                [
                    -4.268404422110514,
                    -4.250226418855351,
                    -0.01384512130657935
                ],
                [
                    -4.250226418855351,
                    -0.013516900911954087,
                    -4.232821032786086
                ],
                [
                    -0.01384512130657935,
                    -4.232821032786086,
                    -0.0008214182536030798
                ]
            ],
            "volume_eff": 30.794399904681473,
            "alpha_iso": 9.67363347791041,
            "c6_ii": 30.283263926296016,
            "c8_ii": 759.8994350757723,
            "c10_ii": 23890.433017405296,
            "slater_b_init": 37.606702129496135
        },
        {
            "index": 12,
            "element": "C",
            "charge": -0.45736444715777846,
            "dipole": [
                0.010911625212375216,
                -0.059171479313309905,
                -0.014939676450341508
            ],
            "quadrupole": [
                [
                    -5.160255896172015,
                    -5.222793342250611,
                    0.018898979993389704
                ],
                [
                    -5.222793342250611,
                    0.03167433362184368,
                    -5.137107714704821
                ],
                [
                    0.018898979993389704,
                    -5.137107714704821,
                    0.0008922826237455387
                ]
            ],
            "volume_eff": 39.396737374804545,
            "alpha_iso": 12.375938442346975,
            "c6_ii": 49.56552443416871,
            "c8_ii": 1465.7463468164956,
            "c10_ii": 54306.57266482023,
            "slater_b_init": 34.64195656712834
        },
        {
            "index": 13,
            "element": "C",
            "charge": -0.45923234445066186,
            "dipole": [
                0.039564234257084184,
                0.04250123938806843,
                0.028712812413789396
            ],
            "quadrupole": [
                [
                    -5.182664303114623,
                    -5.157467586473375,
                    -0.03958597162322714
                ],
                [
                    -5.157467586473375,
                    -0.02298368591547041,
                    -5.181398460761241
                ],
                [
                    -0.03958597162322714,
                    -5.181398460761241,
                    -0.03531815203385032
                ]
            ],
            "volume_eff": 39.397565292557566,
            "alpha_iso": 12.376198521222271,
            "c6_ii": 49.56760768326681,
            "c8_ii": 1465.8284882156415,
            "c10_ii": 54310.376911986845,
            "slater_b_init": 34.64171390499483
        },
        {
            "index": 14,
            "element": "H",
            "charge": 0.07686920804782571,
            "dipole": [
                -0.04816816271975834,
                0.009200591452927693,
                0.032721649101233145
            ],
            "quadrupole": [
                [
                    -0.5487621965148929,
                    -0.5582710856773425,
                    0.001909808543848241
                ],
                [
                    -0.5582710856773425,
                    0.0010286210573253389,
                    -0.5444301228442208
                ],
                [
                    0.001909808543848241,
                    -0.5444301228442208,
                    0.01553441972160075
                ]
            ],
            "volume_eff": 3.1751414116326586,
            "alpha_iso": 1.0133430037125506,
            "c6_ii": 0.3296106805247226,
            "c8_ii": 2.3349142697741097,
            "c10_ii": 22.828677761390505,
            "slater_b_init": 65.74741336046299
        },
        {
            "index": 15,
            "element": "H",
            "charge": 0.08031853083250429,
            "dipole": [
                0.0361912912417689,
                -0.04761627199875683,
                0.002675703960466171
            ],
            "quadrupole": [
                [
                    -0.555821759263099,
                    -0.5627837347408096,
                    0.008741222656865208
                ],
                [
                    -0.5627837347408096,
                    0.0011574713642782091,
                    -0.535037535672535
                ],
                [
                    0.008741222656865208,
                    -0.535037535672535,
                    0.0066398217989108
                ]
            ],
            "volume_eff": 3.1923494524389655,
            "alpha_iso": 1.0188349316294572,
            "c6_ii": 0.33319308722985697,
            "c8_ii": 2.368811747570168,
            "c10_ii": 23.24370039511104,
            "slater_b_init": 65.62906550310845
        },
        {
            "index": 16,
            "element": "H",
            "charge": 0.11058189032685628,
            "dipole": [
                0.032902608881816536,
                0.049472268577322495,
                -0.010420448313554286
            ],
            "quadrupole": [
                [
                    -0.5137150138431866,
                    -0.5160575573499662,
                    -0.0005373885187311029
                ],
                [
                    -0.5160575573499662,
                    0.0009814549862269082,
                    -0.4950026314351072
                ],
                [
                    -0.0005373885187311029,
                    -0.4950026314351072,
                    0.00808275018437181
                ]
            ],
            "volume_eff": 2.8561100432023934,
            "alpha_iso": 0.9115244818731043,
            "c6_ii": 0.2667012210790718,
            "c8_ii": 1.7604995171232034,
            "c10_ii": 16.039357649980598,
            "slater_b_init": 68.10955614442643
        },
        {
            "index": 17,
            "element": "H",
            "charge": 0.08207317624932287,
            "dipole": [
                -0.0046861598454363594,
                -0.0008704825374665804,
                -0.06191834486397154
            ],
            "quadrupole": [
                [
                    -0.5260490936041189,
                    -0.529884403931867,
                    -0.004416846726425035
                ],
                [
                    -0.529884403931867,
                    0.007910333169137017,
                    -0.5463703085234801
                ],
                [
                    -0.004416846726425035,
                    -0.5463703085234801,
                    -0.0026065193815187895
                ]
            ],
            "volume_eff": 3.0409903758289927,
            "alpha_iso": 0.9705288433496786,
            "c6_ii": 0.30234669296438627,
            "c8_ii": 2.0810197492638314,
            "c10_ii": 19.769119920201653,
            "slater_b_init": 66.70033476982205
        },
        {
            "index": 18,
            "element": "H",
            "charge": 0.08456806227030378,
            "dipole": [
                0.024339701408961602,
                -0.0458063941061035,
                0.03531031661532894
            ],
            "quadrupole": [
                [
                    -0.5275390252015019,
                    -0.5361491857568474,
                    0.0038470552887082945
                ],
                [
                    -0.5361491857568474,
                    0.010955317467465812,
                    -0.5444087250201625
                ],
                [
                    0.0038470552887082945,
                    -0.5444087250201625,
                    -0.0035040513026325165
                ]
            ],
            "volume_eff": 3.0642413758116915,
            "alpha_iso": 0.9779493752590506,
            "c6_ii": 0.3069877715408487,
            "c8_ii": 2.1237204051027962,
            "c10_ii": 20.27746957622148,
            "slater_b_init": 66.53120224527696
        },
        {
            "index": 19,
            "element": "H",
            "charge": 0.14498797806805952,
            "dipole": [
                0.00908221862508997,
                0.0031954685246037657,
                0.04479918062175461
            ],
            "quadrupole": [
                [
                    -0.47560637638492664,
                    -0.48191216247618884,
                    -0.003648188002265279
                ],
                [
                    -0.48191216247618884,
                    0.005816557389903277,
                    -0.4935933844137909
                ],
                [
                    -0.003648188002265279,
                    -0.4935933844137909,
                    -0.0006868621112098056
                ]
            ],
            "volume_eff": 2.7144116338886475,
            "alpha_iso": 0.866301585283611,
            "c6_ii": 0.24089431300354736,
            "c8_ii": 1.5371088910414312,
            "c10_ii": 13.537013965754868,
            "slater_b_init": 69.27466902818787
        },
        {
            "index": 20,
            "element": "H",
            "charge": 0.15786442636024156,
            "dipole": [
                -0.009552944939453767,
                0.03793217715909297,
                -0.02486058300215777
            ],
            "quadrupole": [
                [
                    -0.46490424240576067,
                    -0.47682096591136947,
                    0.002029743222802862
                ],
                [
                    -0.47682096591136947,
                    0.006920424227625115,
                    -0.4726916598238046
                ],
                [
                    0.002029743222802862,
                    -0.4726916598238046,
                    -0.0016266378968326997
                ]
            ],
            "volume_eff": 2.6308447639335935,
            "alpha_iso": 0.8396313076383809,
            "c6_ii": 0.2262901117522219,
            "c8_ii": 1.414132187120782,
            "c10_ii": 12.197044066552374,
            "slater_b_init": 70.00052350737009
        },
        {
            "index": 21,
            "element": "H",
            "charge": 0.11084431143428408,
            "dipole": [
                0.0004966196272761016,
                -0.008460468129682337,
                -0.05883129646687551
            ],
            "quadrupole": [
                [
                    -0.4933274401745245,
                    -0.48479988831927834,
                    -0.007222926112384244
                ],
                [
                    -0.48479988831927834,
                    -0.002476291491385574,
                    -0.5091733238431367
                ],
                [
                    -0.007222926112384244,
                    -0.5091733238431367,
                    0.0047154159992843095
                ]
            ],
            "volume_eff": 2.7553872122337086,
            "alpha_iso": 0.8793788975213964,
            "c6_ii": 0.2482220787722792,
            "c8_ii": 1.599765951614267,
            "c10_ii": 14.230253780010678,
            "slater_b_init": 68.92955626223925
        },
        {
            "index": 22,
            "element": "H",
            "charge": 0.09848741314778997,
            "dipole": [
                -0.04171267340146062,
                -0.03481120992920729,
                -0.02318046223010541
            ],
            "quadrupole": [
                [
                    -0.5107198149378082,
                    -0.5069639862037342,
                    -0.008028286902355174
                ],
                [
                    -0.5069639862037342,
                    -0.010368851969952218,
                    -0.4990148906082518
                ],
                [
                    -0.008028286902355174,
                    -0.4990148906082518,
                    -0.0033404885412244563
                ]
            ],
            "volume_eff": 2.816481631651218,
            "alpha_iso": 0.8988771164844312,
            "c6_ii": 0.25935162758053715,
            "c8_ii": 1.6961120588960277,
            "c10_ii": 15.3094736988283,
            "slater_b_init": 68.4275075327001
        },
        {
            "index": 23,
            "element": "H",
            "charge": 0.14555149485125196,
            "dipole": [
                0.020952167217601778,
                0.025497103910390635,
                0.034682714652683334
            ],
            "quadrupole": [
                [
                    -0.4773596529301585,
                    -0.48109868166530734,
                    -0.0015099530604960794
                ],
                [
                    -0.48109868166530734,
                    -0.01071457001637462,
                    -0.48469733076514465
                ],
                [
                    -0.0015099530604960794,
                    -0.48469733076514465,
                    -0.004379744560697154
                ]
            ],
            "volume_eff": 2.6947748035992842,
            "alpha_iso": 0.8600345117870056,
            "c6_ii": 0.23742152343311781,
            "c8_ii": 1.5076343410232713,
            "c10_ii": 13.213324789150217,
            "slater_b_init": 69.44253017620878
        },
        {
            "index": 24,
            "element": "H",
            "charge": 0.13977276443644837,
            "dipole": [
                -0.010505901100472628,
                0.013852216736962289,
                -0.042548035117686574
            ],
            "quadrupole": [
                [
                    -0.48433261122042554,
                    -0.4873748320844829,
                    0.005420231131409474
                ],
                [
                    -0.4873748320844829,
                    -0.007766887552360882,
                    -0.5020069094721495
                ],
                [
                    0.005420231131409474,
                    -0.5020069094721495,
                    -0.0036082552040552804
                ]
            ],
            "volume_eff": 2.773621264896267,
            "alpha_iso": 0.8851982760307235,
            "c6_ii": 0.25151821833434435,
            "c8_ii": 1.6281528313996103,
            "c10_ii": 14.546584854453586,
            "slater_b_init": 68.7781742009143
        },
        {
            "index": 25,
            "element": "H",
            "charge": 0.1198115867106807,
            "dipole": [
                -0.0006317937885700339,
                -0.018737996243083407,
                0.048946667159276806
            ],
            "quadrupole": [
                [
                    -0.47948932095080904,
                    -0.48456596929943996,
                    0.009290175129653109
                ],
                [
                    -0.48456596929943996,
                    -0.0001294747283018983,
                    -0.5029282662437895
                ],
                [
                    0.009290175129653109,
                    -0.5029282662437895,
                    -0.0021423033324531712
                ]
            ],
            "volume_eff": 2.704242221046947,
            "alpha_iso": 0.8630560279937065,
            "c6_ii": 0.23909269622053222,
            "c8_ii": 1.5218002491836269,
            "c10_ii": 13.368699065105904,
            "slater_b_init": 69.36139714066053
        },
        {
            "index": 26,
            "element": "H",
            "charge": 0.13422034768150648,
            "dipole": [
                0.032809643867578106,
                0.017891784265798214,
                0.027986892499375315
            ],
            "quadrupole": [
                [
                    -0.5054298588531984,
                    -0.4995957933868773,
                    -0.003274170935066787
                ],
                [
                    -0.4995957933868773,
                    -0.008035626148338627,
                    -0.5037527661981035
                ],
                [
                    -0.003274170935066787,
                    -0.5037527661981035,
                    -0.001102416188496486
                ]
            ],
            "volume_eff": 2.8610355480703866,
            "alpha_iso": 0.9130964515118255,
            "c6_ii": 0.2676218935043293,
            "c8_ii": 1.7686073424740207,
            "c10_ii": 16.131745553761572,
            "slater_b_init": 68.07044831741115
        },
        {
            "index": 27,
            "element": "H",
            "charge": 0.13618466964643805,
            "dipole": [
                -0.0006227182164546195,
                0.009884262307038606,
                -0.04326685640147009
            ],
            "quadrupole": [
                [
                    -0.5014057409921499,
                    -0.49369558531821933,
                    0.006790102079082851
                ],
                [
                    -0.49369558531821933,
                    -0.0028859276937965813,
                    -0.5103072850709556
                ],
                [
                    0.006790102079082851,
                    -0.5103072850709556,
                    -0.0007932799603409802
                ]
            ],
            "volume_eff": 2.8590541542851122,
            "alpha_iso": 0.9124640917931209,
            "c6_ii": 0.26725134184083915,
            "c8_ii": 1.7653429901628024,
            "c10_ii": 16.094535806415013,
            "slater_b_init": 68.08616950944456
        },
        {
            "index": 28,
            "element": "H",
            "charge": 0.14209619160764175,
            "dipole": [
                -0.04159900030874067,
                -0.005592344743600441,
                0.020700580940526833
            ],
            "quadrupole": [
                [
                    -0.5012699743197322,
                    -0.48342470495118434,
                    -0.001115001927130967
                ],
                [
                    -0.48342470495118434,
                    0.000607420648536173,
                    -0.4935607866458287
                ],
                [
                    -0.001115001927130967,
                    -0.4935607866458287,
                    0.0015611666552110468
                ]
            ],
            "volume_eff": 2.783986661861313,
            "alpha_iso": 0.8885063814450999,
            "c6_ii": 0.2534016461306827,
            "c8_ii": 1.64442907621903,
            "c10_ii": 14.728584736694303,
            "slater_b_init": 68.6927092691345
        },
        {
            "index": 29,
            "element": "H",
            "charge": 0.14537519033612212,
            "dipole": [
                -0.03870003843942797,
                0.011604796691321955,
                0.023462075903020446
            ],
            "quadrupole": [
                [
                    -0.49572699556260286,
                    -0.486098994060982,
                    0.0034438831467881047
                ],
                [
                    -0.486098994060982,
                    0.003895940697027696,
                    -0.485537079614833
                ],
                [
                    0.0034438831467881047,
                    -0.485537079614833,
                    0.004818119806082927
                ]
            ],
            "volume_eff": 2.7574173434189206,
            "alpha_iso": 0.8800268117294427,
            "c6_ii": 0.24858798670901103,
            "c8_ii": 1.602911042928381,
            "c10_ii": 14.26523267848362,
            "slater_b_init": 68.91263579153352
        },
        {
            "index": 30,
            "element": "H",
            "charge": 0.1321220832440867,
            "dipole": [
                0.013652073278283505,
                -0.04424486131304888,
                0.010532830534951696
            ],
            "quadrupole": [
                [
                    -0.4990485069345384,
                    -0.5097258061424941,
                    -0.0013326593523104568
                ],
                [
                    -0.5097258061424941,
                    0.004350796210832763,
                    -0.5009458915939891
                ],
                [
                    -0.0013326593523104568,
                    -0.5009458915939891,
                    0.006253758670391626
                ]
            ],
            "volume_eff": 2.8564970943561687,
            "alpha_iso": 0.9116480088370751,
            "c6_ii": 0.26677351101767527,
            "c8_ii": 1.7611357954296838,
            "c10_ii": 16.046604141842266,
            "slater_b_init": 68.1064797572556
        },
        {
            "index": 31,
            "element": "H",
            "charge": 0.1336804372409255,
            "dipole": [
                0.003918445877413469,
                0.019016201286695546,
                -0.04028446865043506
            ],
            "quadrupole": [
                [
                    -0.5007970811361212,
                    -0.5028604242790145,
                    0.005362978780537999
                ],
                [
                    -0.5028604242790145,
                    0.005334017997266044,
                    -0.5145304060437549
                ],
                [
                    0.005362978780537999,
                    -0.5145304060437549,
                    0.0035495315342727366
                ]
            ],
            "volume_eff": 2.892299369421164,
            "alpha_iso": 0.9230742668365417,
            "c6_ii": 0.27350269943816413,
            "c8_ii": 1.8206147671082218,
            "c10_ii": 16.726869163730072,
            "slater_b_init": 67.82429391726708
        }
    ]
}