{
    "molecule": "LCarb_72",
    "atoms": [
        {
            "index": 0,
            "element": "C",
            "charge": -0.4433278475290363,
            "dipole": [
                0.007311672667413711,
                -0.006156082661759127,
                -0.07419257281654901
            ],
            "quadrupole": [
                [
                    -5.09360847760376,
                    -5.110107862252103,
                    0.007678093873986722
                ],
                [
                    -5.110107862252103,
                    -0.0023158186568709395,
                    -5.17836773536174
                ],
                [
                    0.007678093873986722,
                    -5.17836773536174,
                    0.01662800295483126
                ]
            ],
            "volume_eff": 38.90785968739592,
            "alpha_iso": 12.222364299705525,
            "c6_ii": 48.343030631123405,
            "c8_ii": 1417.7436478283416,
            "c10_ii": 52092.596756094375,
            "slater_b_init": 34.78644526815294
        },
        {
            "index": 1,
            "element": "C",
            "charge": -0.03823751517070573,
            "dipole": [
                -0.03335891163135547,
                -0.026642451371376493,
                0.03236938278460748
            ],
            "quadrupole": [
                [
                    -4.358963257933988,
                    -4.349417703406967,
                    -0.005685883434575119
                ],
                [
                    -4.349417703406967,
                    0.010465080728150424,
                    -4.390511539196524
                ],
                [
                    -0.005685883434575119,
                    -4.390511539196524,
                    0.01670702411272328
                ]
            ],
            "volume_eff": 31.846071216423585,
            "alpha_iso": 10.004001429243012,
            "c6_ii": 32.38701443185697,
            "c8_ii": 831.0881678178614,
            "c10_ii": 26720.079352031174,
            "slater_b_init": 37.188090399091344
        },
        {
            "index": 2,
            "element": "C",
            "charge": -0.4463068632670639,
            "dipole": [
                0.052518627955523846,
                0.019313623063734048,
                0.04597670575004545
            ],
            "quadrupole": [
                [
                    -5.174470957560168,
                    -5.129588312752833,
                    -0.012616195537011503
                ],
                [
                    -5.129588312752833,
                    -0.024842786631877677,
                    -5.112849918172088
                ],
                [
                    -0.012616195537011503,
                    -5.112849918172088,
                    -0.02160617770070886
                ]
            ],
            "volume_eff": 39.02551888244367,
            "alpha_iso": 12.259325303385445,
            "c6_ii": 48.6358559116039,
            "c8_ii": 1429.2053407842093,
            "c10_ii": 52619.553364209656,
            "slater_b_init": 34.75145051357867
        },
        {
            "index": 3,
            "element": "C",
            "charge": 0.03651906803875171,
            "dipole": [
                0.08013691470013465,
                0.0843429981586935,
                0.09252389093347646
            ],
            "quadrupole": [
                [
                    -4.260381538157609,
                    -4.325986246771187,
                    -0.009213923597662857
                ],
                [
                    -4.325986246771187,
                    0.0965975280257593,
                    -4.252243891520359
                ],
                [
                    -0.009213923597662857,
                    -4.252243891520359,
                    0.06136163813280277
                ]
            ],
            "volume_eff": 31.245994689743117,
            "alpha_iso": 9.815495714055428,
            "c6_ii": 31.177974686451716,
            "c8_ii": 789.9805760694945,
            "c10_ii": 25078.374628819085,
            "slater_b_init": 37.42464709793541
        },
        {
            "index": 4,
            "element": "O",
            "charge": -0.41530366496550286,
            "dipole": [
                -0.10918251001939022,
                0.005661418010679187,
                -0.009654405646380534
            ],
            "quadrupole": [
                [
                    -4.02148974925479,
                    -4.112230916259725,
                    -0.017411583898630425
                ],
                [
                    -4.112230916259725,
                    0.005660103468795157,
                    -4.096458493613617
                ],
                [
                    -0.017411583898630425,
                    -4.096458493613617,
                    0.006440206857809384
                ]
            ],
            "volume_eff": 23.23047420360472,
            "alpha_iso": 6.930638712677652,
            "c6_ii": 25.697069487804928,
            "c8_ii": 1050.5234724761065,
            "c10_ii": 41355.90280904702,
            "slater_b_init": 34.046715677587116
        },
        {
            "index": 5,
            "element": "C",
            "charge": 1.0050892853258109,
            "dipole": [
                0.0005103236963606773,
                0.034682787979775725,
                0.024669885813466408
            ],
            "quadrupole": [
                [
                    -2.8520812919489584,
                    -2.8381870761660237,
                    -0.07847312060014008
                ],
                [
                    -2.8381870761660237,
                    0.015314877474817903,
                    -2.787358524808656
                ],
                [
                    -0.07847312060014008,
                    -2.787358524808656,
                    -0.01158352548987186
                ]
            ],
            "volume_eff": 18.914798733043913,
            "alpha_iso": 5.941821591532118,
            "c6_ii": 11.425169182450231,
            "c8_ii": 207.15848802437677,
            "c10_ii": 4706.058106236644,
            "slater_b_init": 44.2406932611337
        },
        {
            "index": 6,
            "element": "O",
            "charge": -0.6450900290782471,
            "dipole": [
                0.017113596664633607,
                -0.1333386970660253,
                -0.09560386222761527
            ],
            "quadrupole": [
                [
                    -4.488879103998306,
                    -4.428491603656107,
                    -0.034974083528838275
                ],
                [
                    -4.428491603656107,
                    0.00727622276764923,
                    -4.41008698351924
                ],
                [
                    -0.034974083528838275,
                    -4.41008698351924,
                    -0.0131799152424412
                ]
            ],
            "volume_eff": 26.090493584376613,
            "alpha_iso": 7.783904163294681,
            "c6_ii": 32.41395606187783,
            "c8_ii": 1431.760403445654,
            "c10_ii": 60900.13279853726,
            "slater_b_init": 32.754211620177564
        },
        {
            "index": 7,
            "element": "O",
            "charge": -0.37767916903902155,
            "dipole": [
                0.10852748947541732,
                -0.008766930436536003,
                0.012382441997412275
            ],
            "quadrupole": [
                [
                    -3.958996142548091,
                    -4.054809469910663,
                    -0.01815898073058806
                ],
                [
                    -4.054809469910663,
                    -0.017107054351913408,
                    -4.046557410226467
                ],
                [
                    -0.01815898073058806,
                    -4.046557410226467,
                    0.0014383281662511392
                ]
            ],
            "volume_eff": 22.788662764822323,
            "alpha_iso": 6.7988275651956105,
            "c6_ii": 24.728918987507313,
            "c8_ii": 998.0856336196788,
            "c10_ii": 38791.81150900088,
            "slater_b_init": 34.26533392497096
        },
        {
            "index": 8,
            "element": "C",
            "charge": -0.2299548303795813,
            "dipole": [
                -0.1913832227325447,
                0.06538984926981975,
                0.016276161093685432
            ],
            "quadrupole": [
                [
                    -4.708271806765333,
                    -4.728253953064221,
                    -0.029669595448327965
                ],
                [
                    -4.728253953064221,
                    -0.09718142208066724,
                    -4.734581017282417
                ],
                [
                    -0.029669595448327965,
                    -4.734581017282417,
                    -0.06508348763136612
                ]
            ],
            "volume_eff": 35.08362620069879,
            "alpha_iso": 11.021034408596478,
            "c6_ii": 39.30684092842212,
            "c8_ii": 1075.9119581860523,
            "c10_ii": 36897.74180504653,
            "slater_b_init": 36.00706092943817
        },
        {
            "index": 9,
            "element": "C",
            "charge": 0.8361730522008521,
            "dipole": [
                0.08906698946008382,
                0.07512543345761649,
                0.07008456161719614
            ],
            "quadrupole": [
                [
                    -3.196333071548486,
                    -3.2055675056231228,
                    -0.03461540173936669
                ],
                [
                    -3.2055675056231228,
                    -0.0665434460972319,
                    -3.1994859826199673
                ],
                [
                    -0.03461540173936669,
                    -3.1994859826199673,
                    -0.049756027956299166
                ]
            ],
            "volume_eff": 22.44303430929905,
            "alpha_iso": 7.050167845853105,
            "c6_ii": 16.08504712575741,
            "c8_ii": 326.8754693101872,
            "c10_ii": 8322.557063923836,
            "slater_b_init": 41.788999565136216
        },
        {
            "index": 10,
            "element": "F",
            "charge": -0.2547372500129761,
            "dipole": [
                -0.018804849651530516,
                0.002049535020209009,
                0.054793168471961175
            ],
            "quadrupole": [
                [
                    -3.5741818111481543,
                    -3.589668020305355,
                    -0.003552617201040627
                ],
                [
                    -3.589668020305355,
                    0.0017560315814679106,
                    -3.5155082130015485
                ],
                [
                    -0.003552617201040627,
                    -3.5155082130015485,
                    -0.013479426425673168
                ]
            ],
            "volume_eff": 17.97671834329846,
            "alpha_iso": 5.645580967316872,
            "c6_ii": 20.968805564822706,
            "c8_ii": 919.6376892022614,
            "c10_ii": 37418.250577190265,
            "slater_b_init": 33.3023782099178
        },
        {
            "index": 11,
            "element": "F",
            "charge": -0.25602806335457373,
            "dipole": [
                -0.006256960704207809,
                0.057523553109617286,
                -0.018599037487301573
            ],
            "quadrupole": [
                [
                    -3.5782806377831404,
                    -3.528107911907336,
                    -0.023947278610633317
                ],
                [
                    -3.528107911907336,
                    0.0035801433740481723,
                    -3.5801193690850286
                ],
                [
                    -0.023947278610633317,
                    -3.5801193690850286,
                    0.0019306687084427409
                ]
            ],
            "volume_eff": 17.99439571526419,
            "alpha_iso": 5.65113253867801,
            "c6_ii": 21.01006511164827,
            "c8_ii": 922.0511963963314,
            "c10_ii": 37541.04190124197,
            "slater_b_init": 33.29146941703238
        },
        {
            "index": 12,
            "element": "F",
            "charge": -0.25730391230936434,
            "dipole": [
                0.05154247937466734,
                -0.023694714871578627,
                -0.007756958233316936
            ],
            "quadrupole": [
                [
                    -3.5331559657269103,
                    -3.576937702821781,
                    0.011165307904869201
                ],
                [
                    -3.576937702821781,
                    -0.02782330195086082,
                    -3.591326735411879
                ],
                [
                    0.011165307904869201,
                    -3.591326735411879,
                    -0.009356223990864056
                ]
            ],
            "volume_eff": 18.04068106907229,
            "alpha_iso": 5.665668434915264,
            "c6_ii": 21.11828869368104,
            "c8_ii": 928.3893175598577,
            "c10_ii": 37863.88700272077,
            "slater_b_init": 33.26297405691437
        },
        {
            "index": 13,
            "element": "H",
            "charge": 0.13743910937340154,
            "dipole": [
                -0.03849881964951815,
                0.026610628047218088,
                0.0029460448499890285
            ],
            "quadrupole": [
                [
                    -0.5061755364078714,
                    -0.4997337680292351,
                    -0.0031175254407866974
                ],
                [
                    -0.4997337680292351,
                    0.0021718339144191426,
                    -0.48978832387961935
                ],
                [
                    -0.0031175254407866974,
                    -0.48978832387961935,
                    0.0026612146529683433
                ]
            ],
            "volume_eff": 2.826446755647738,
            "alpha_iso": 0.9020574752067249,
            "c6_ii": 0.26119012225906924,
            "c8_ii": 1.7121621933640787,
            "c10_ii": 15.490777373079087,
            "slater_b_init": 68.34699519081678
        },
        {
            "index": 14,
            "element": "H",
            "charge": 0.13155181645941227,
            "dipole": [
                -0.005592313506122738,
                -0.0441993050372723,
                0.007090411667066734
            ],
            "quadrupole": [
                [
                    -0.5091130676085748,
                    -0.5178344322542033,
                    0.004244763697354133
                ],
                [
                    -0.5178344322542033,
                    -0.001265702860800004,
                    -0.4985685050486717
                ],
                [
                    0.004244763697354133,
                    -0.4985685050486717,
                    -0.0006128839047440204
                ]
            ],
            "volume_eff": 2.909877832061017,
            "alpha_iso": 0.9286844144875586,
            "c6_ii": 0.27683732450018006,
            "c8_ii": 1.850271371803658,
            "c10_ii": 17.068146830367443,
            "slater_b_init": 67.68744330609718
        },
        {
            "index": 15,
            "element": "H",
            "charge": 0.1465001978432272,
            "dipole": [
                0.042532031505135175,
                0.020225086698846005,
                0.015576570888416064
            ],
            "quadrupole": [
                [
                    -0.4920354578152713,
                    -0.48908531723914594,
                    -0.0018060688812645313
                ],
                [
                    -0.48908531723914594,
                    3.490016044976135e-05,
                    -0.4827532549691876
                ],
                [
                    -0.0018060688812645313,
                    -0.4827532549691876,
                    -0.005552596659744444
                ]
            ],
            "volume_eff": 2.7491257264943525,
            "alpha_iso": 0.8773805510088359,
            "c6_ii": 0.24709521498151582,
            "c8_ii": 1.5900899229226029,
            "c10_ii": 14.122747363562613,
            "slater_b_init": 68.98184854405554
        },
        {
            "index": 16,
            "element": "H",
            "charge": 0.11721441412340983,
            "dipole": [
                0.003381286892278733,
                0.04882732166576769,
                -0.006893301395447705
            ],
            "quadrupole": [
                [
                    -0.48817294048424553,
                    -0.5127443710110748,
                    0.007036577217673935
                ],
                [
                    -0.5127443710110748,
                    -0.005106296754903506,
                    -0.4895420458478078
                ],
                [
                    0.007036577217673935,
                    -0.4895420458478078,
                    0.0016873060155133018
                ]
            ],
            "volume_eff": 2.7718191085949058,
            "alpha_iso": 0.8846231197643317,
            "c6_ii": 0.25119147734026,
            "c8_ii": 1.6253333189540928,
            "c10_ii": 14.515103323497108,
            "slater_b_init": 68.7930768288987
        },
        {
            "index": 17,
            "element": "H",
            "charge": 0.13343012752495698,
            "dipole": [
                0.013456391505738003,
                0.007377170264576338,
                -0.045051803878857426
            ],
            "quadrupole": [
                [
                    -0.49670238268714895,
                    -0.5023154763927409,
                    -0.0006073415370360561
                ],
                [
                    -0.5023154763927409,
                    0.004039473425129244,
                    -0.5114137249859939
                ],
                [
                    -0.0006073415370360561,
                    -0.5114137249859939,
                    0.0029916854706136934
                ]
            ],
            "volume_eff": 2.863457543069789,
            "alpha_iso": 0.9138694286392943,
            "c6_ii": 0.2680751931807317,
            "c8_ii": 1.7726027075454487,
            "c10_ii": 16.177311350768036,
            "slater_b_init": 68.05125092082642
        },
        {
            "index": 18,
            "element": "H",
            "charge": 0.14713641314478743,
            "dipole": [
                -0.032640920621116155,
                0.02974958317375653,
                0.01645554492004609
            ],
            "quadrupole": [
                [
                    -0.4889291663772025,
                    -0.4860920616527519,
                    0.0023010295304492214
                ],
                [
                    -0.4860920616527519,
                    0.0054380351631324935,
                    -0.4852073616752885
                ],
                [
                    0.0023010295304492214,
                    -0.4852073616752885,
                    0.006260509570270931
                ]
            ],
            "volume_eff": 2.738687282903058,
            "alpha_iso": 0.8740491328414015,
            "c6_ii": 0.24522233397704882,
            "c8_ii": 1.5740406128674855,
            "c10_ii": 13.944790716779865,
            "slater_b_init": 69.06937834186407
        },
        {
            "index": 19,
            "element": "H",
            "charge": 0.13940332931181176,
            "dipole": [
                -0.0026315178529719313,
                -0.04182793229047678,
                0.015514878602326447
            ],
            "quadrupole": [
                [
                    -0.49204803110892964,
                    -0.5053393784908221,
                    0.003107455398352629
                ],
                [
                    -0.5053393784908221,
                    -5.4254248722240895e-05,
                    -0.495258611302245
                ],
                [
                    0.003107455398352629,
                    -0.495258611302245,
                    0.005551306115282896
                ]
            ],
            "volume_eff": 2.8266650627058825,
            "alpha_iso": 0.9021271476720901,
            "c6_ii": 0.26123047104619146,
            "c8_ii": 1.7125148633955507,
            "c10_ii": 15.49476595081079,
            "slater_b_init": 68.34523563609395
        },
        {
            "index": 20,
            "element": "H",
            "charge": 0.10288973816098101,
            "dipole": [
                -0.009973831255617958,
                -0.054939277197150874,
                0.02560448556456694
            ],
            "quadrupole": [
                [
                    -0.5048535619980317,
                    -0.5256814209306321,
                    0.005266664114621308
                ],
                [
                    -0.5256814209306321,
                    0.002213284610374934,
                    -0.5180306977921783
                ],
                [
                    0.005266664114621308,
                    -0.5180306977921783,
                    0.00821540167766438
                ]
            ],
            "volume_eff": 2.925627534155892,
            "alpha_iso": 0.9337109151561357,
            "c6_ii": 0.2798421962978323,
            "c8_ii": 1.8770975334233673,
            "c10_ii": 17.37803359371992,
            "slater_b_init": 67.56576276790868
        },
        {
            "index": 21,
            "element": "H",
            "charge": 0.09846091304152815,
            "dipole": [
                0.004487573950484384,
                0.011446312500010132,
                -0.06231757425298377
            ],
            "quadrupole": [
                [
                    -0.5069869419446983,
                    -0.5214439000844051,
                    0.00024000637724978582
                ],
                [
                    -0.5214439000844051,
                    0.006819878597963336,
                    -0.5292727669254005
                ],
                [
                    0.00024000637724978582,
                    -0.5292727669254005,
                    0.005216656649128163
                ]
            ],
            "volume_eff": 2.9416305307330823,
            "alpha_iso": 0.9388182544892816,
            "c6_ii": 0.28291200727184984,
            "c8_ii": 1.9046027697695944,
            "c10_ii": 17.696916352027863,
            "slater_b_init": 67.44301663032726
        },
        {
            "index": 22,
            "element": "H",
            "charge": 0.1688593725771932,
            "dipole": [
                -0.00890456164009494,
                -0.05486908678163348,
                0.02035147786626816
            ],
            "quadrupole": [
                [
                    -0.43869396302810953,
                    -0.45349289968853157,
                    0.0006973841107045509
                ],
                [
                    -0.45349289968853157,
                    -0.005361091757870055,
                    -0.45226098559667277
                ],
                [
                    0.0006973841107045509,
                    -0.45226098559667277,
                    -0.0036889592182859842
                ]
            ],
            "volume_eff": 2.445911960036328,
            "alpha_iso": 0.7806102000115941,
            "c6_ii": 0.19559456041253906,
            "c8_ii": 1.1643358466501683,
            "c10_ii": 9.566210192550146,
            "slater_b_init": 71.72206007522382
        },
        {
            "index": 23,
            "element": "H",
            "charge": 0.16839218543105217,
            "dipole": [
                0.005378312038120173,
                0.0030735541205598508,
                -0.05933570682654267
            ],
            "quadrupole": [
                [
                    -0.44057303471463,
                    -0.4502604792895591,
                    -0.0008889376963500911
                ],
                [
                    -0.4502604792895591,
                    -0.007139662900657771,
                    -0.4558238431835301
                ],
                [
                    -0.0008889376963500911,
                    -0.4558238431835301,
                    -0.0003150725349517721
                ]
            ],
            "volume_eff": 2.451364094776615,
            "alpha_iso": 0.7823502430138133,
            "c6_ii": 0.19646752433750728,
            "c8_ii": 1.1712697716802067,
            "c10_ii": 9.637474734435848,
            "slater_b_init": 71.66884771606989
        }
    ]
}