{
    "molecule": "PEO",
    "atoms": [
        {
            "index": 0,
            "element": "C",
            "charge": -0.4868680408098669,
            "dipole": [
                0.05549419563813045,
                0.018455443709608083,
                -0.004485130089030118
            ],
            "quadrupole": [
                [
                    -5.173238958803661,
                    -5.182588868016059,
                    0.004144042373348852
                ],
                [
                    -5.182588868016059,
                    -0.04175475967771252,
                    -5.158238343728996
                ],
                [
                    0.004144042373348852,
                    -5.158238343728996,
                    0.013645973578901151
                ]
            ],
            "volume_eff": 39.13045650949302,
            "alpha_iso": 12.2922900029821,
            "c6_ii": 48.89776623549638,
            "c8_ii": 1439.4764789259564,
            "c10_ii": 53092.67234879393,
            "slater_b_init": 34.72035794267054
        },
        {
            "index": 1,
            "element": "C",
            "charge": 0.13120686656134506,
            "dipole": [
                0.05271954525363848,
                -0.11861049826991256,
                0.05191839018910003
            ],
            "quadrupole": [
                [
                    -4.101666984472566,
                    -4.167600489724431,
                    0.022630345171745486
                ],
                [
                    -4.167600489724431,
                    -0.07612822147249147,
                    -4.106128840832094
                ],
                [
                    0.022630345171745486,
                    -4.106128840832094,
                    0.030543139112039604
                ]
            ],
            "volume_eff": 29.904202740586722,
            "alpha_iso": 9.393990389713107,
            "c6_ii": 28.55772766387663,
            "c8_ii": 702.7228517168571,
            "c10_ii": 21665.013552759166,
            "slater_b_init": 37.976221855539386
        },
        {
            "index": 2,
            "element": "O",
            "charge": -0.3516042202308025,
            "dipole": [
                0.00971876981017271,
                0.06904757547739512,
                -0.028703972198903197
            ],
            "quadrupole": [
                [
                    -3.906844559994023,
                    -4.093906052894578,
                    -0.0010587445304986673
                ],
                [
                    -4.093906052894578,
                    0.0026905360163659124,
                    -4.1029901089431595
                ],
                [
                    -0.0010587445304986673,
                    -4.1029901089431595,
                    0.011679908510405443
                ]
            ],
            "volume_eff": 23.007454910290736,
            "alpha_iso": 6.864102569920993,
            "c6_ii": 25.20603922531472,
            "c8_ii": 1023.8439595021249,
            "c10_ii": 40047.233573531164,
            "slater_b_init": 34.15637102865258
        },
        {
            "index": 3,
            "element": "C",
            "charge": -0.03207828190066664,
            "dipole": [
                -0.10403714031268611,
                -0.08631079921617531,
                0.024288206017162705
            ],
            "quadrupole": [
                [
                    -4.4329348121278045,
                    -4.527765248593134,
                    0.03859323512065694
                ],
                [
                    -4.527765248593134,
                    0.06903945795031557,
                    -4.4579320280275265
                ],
                [
                    0.03859323512065694,
                    -4.4579320280275265,
                    -0.043143009258426804
                ]
            ],
            "volume_eff": 33.336969414581425,
            "alpha_iso": 10.472346412957513,
            "c6_ii": 35.49044330356291,
            "c8_ii": 938.9326580358011,
            "c10_ii": 31122.317264454578,
            "slater_b_init": 36.62523835945845
        },
        {
            "index": 4,
            "element": "C",
            "charge": 0.04125389955233416,
            "dipole": [
                0.11440525380870592,
                0.0735427765225362,
                -0.0425434824295833
            ],
            "quadrupole": [
                [
                    -4.207215358239971,
                    -4.370057105157539,
                    0.006263094423944475
                ],
                [
                    -4.370057105157539,
                    0.05547262560642623,
                    -4.272232592026124
                ],
                [
                    0.006263094423944475,
                    -4.272232592026124,
                    -0.05498042689504486
                ]
            ],
            "volume_eff": 31.312111282634014,
            "alpha_iso": 9.836265324387647,
            "c6_ii": 31.310059609580474,
            "c8_ii": 794.4460416676693,
            "c10_ii": 25255.698031347536,
            "slater_b_init": 37.39828739570758
        },
        {
            "index": 5,
            "element": "O",
            "charge": -0.6150496007766506,
            "dipole": [
                -0.06378605914343266,
                -0.08709383098183698,
                -0.06462366907519172
            ],
            "quadrupole": [
                [
                    -4.415449562516877,
                    -4.426469152166853,
                    0.087573032832417
                ],
                [
                    -4.426469152166853,
                    0.062499006836066594,
                    -4.443326447591485
                ],
                [
                    0.087573032832417,
                    -4.443326447591485,
                    0.002173560212857436
                ]
            ],
            "volume_eff": 26.091234799052163,
            "alpha_iso": 7.784125299164734,
            "c6_ii": 32.41579780865242,
            "c8_ii": 1431.8688738041756,
            "c10_ii": 60905.90010584928,
            "slater_b_init": 32.753901450466934
        },
        {
            "index": 6,
            "element": "H",
            "charge": 0.14926767081740333,
            "dipole": [
                0.010650701798010942,
                -0.03809777150954416,
                -0.023842252810204485
            ],
            "quadrupole": [
                [
                    -0.47953153536570003,
                    -0.492287139078475,
                    -0.0037306731355153085
                ],
                [
                    -0.492287139078475,
                    0.0026727738209843307,
                    -0.48624891821016286
                ],
                [
                    -0.0037306731355153085,
                    -0.48624891821016286,
                    -0.0037618418326585304
                ]
            ],
            "volume_eff": 2.7378947101963735,
            "alpha_iso": 0.8737961841052256,
            "c6_ii": 0.24508042043553316,
            "c8_ii": 1.5728261713921223,
            "c10_ii": 13.931343240835357,
            "slater_b_init": 69.07604249181037
        },
        {
            "index": 7,
            "element": "H",
            "charge": 0.14790014188714862,
            "dipole": [
                0.005740190975952439,
                -0.01041640350798092,
                0.04482485581090945
            ],
            "quadrupole": [
                [
                    -0.4821106636458442,
                    -0.48689086505277857,
                    0.0038415732378095264
                ],
                [
                    -0.48689086505277857,
                    0.00444197127230912,
                    -0.49463876179892863
                ],
                [
                    0.0038415732378095264,
                    -0.49463876179892863,
                    0.0021615976739970074
                ]
            ],
            "volume_eff": 2.7522612754511657,
            "alpha_iso": 0.8783812581227124,
            "c6_ii": 0.2476591913599039,
            "c8_ii": 1.594930778134585,
            "c10_ii": 14.17651175377991,
            "slater_b_init": 68.95564243776329
        },
        {
            "index": 8,
            "element": "H",
            "charge": 0.14492751415950522,
            "dipole": [
                -0.03472774246090027,
                0.0282400978651303,
                -0.014089026012323523
            ],
            "quadrupole": [
                [
                    -0.49352904958857263,
                    -0.4886771041776777,
                    -0.001451211651764453
                ],
                [
                    -0.4886771041776777,
                    0.007364395616711309,
                    -0.49315271787936776
                ],
                [
                    -0.001451211651764453,
                    -0.49315271787936776,
                    -0.003085759324179383
                ]
            ],
            "volume_eff": 2.777306566966642,
            "alpha_iso": 0.8863744362659496,
            "c6_ii": 0.2521870453445713,
            "c8_ii": 1.6339280786383457,
            "c10_ii": 14.611111459865604,
            "slater_b_init": 68.74773937298602
        },
        {
            "index": 9,
            "element": "H",
            "charge": 0.05670405115489274,
            "dipole": [
                -0.008654168525689444,
                0.04008847457882847,
                0.04576713730435611
            ],
            "quadrupole": [
                [
                    -0.5507206061942714,
                    -0.5822126393799676,
                    -0.008517393207643007
                ],
                [
                    -0.5822126393799676,
                    -0.00902921024449429,
                    -0.5697734798046903
                ],
                [
                    -0.008517393207643007,
                    -0.5697734798046903,
                    0.003111199615582279
                ]
            ],
            "volume_eff": 3.3004350841104833,
            "alpha_iso": 1.0533303459927075,
            "c6_ii": 0.35613734891996346,
            "c8_ii": 2.5887648320893946,
            "c10_ii": 25.972145898365184,
            "slater_b_init": 64.90467264681979
        },
        {
            "index": 10,
            "element": "H",
            "charge": 0.05775060810351551,
            "dipole": [
                -0.0012500684134543341,
                -0.0036328980123485626,
                -0.06258248502667058
            ],
            "quadrupole": [
                [
                    -0.5511912432637236,
                    -0.5674022950524749,
                    0.006114397672447681
                ],
                [
                    -0.5674022950524749,
                    -0.008693213705974237,
                    -0.5814384742108628
                ],
                [
                    0.006114397672447681,
                    -0.5814384742108628,
                    0.007457147831034595
                ]
            ],
            "volume_eff": 3.2942742950857364,
            "alpha_iso": 1.0513641367294904,
            "c6_ii": 0.35480901540771126,
            "c8_ii": 2.5758986213036206,
            "c10_ii": 25.810893685816882,
            "slater_b_init": 64.94510795458243
        },
        {
            "index": 11,
            "element": "H",
            "charge": 0.06484465147191432,
            "dipole": [
                -0.0037414814765235117,
                0.036505907319789144,
                0.03775169774150487
            ],
            "quadrupole": [
                [
                    -0.5540091418782951,
                    -0.5845029346211595,
                    -0.009745845916256659
                ],
                [
                    -0.5845029346211595,
                    0.004694432491881742,
                    -0.5706527033137644
                ],
                [
                    -0.009745845916256659,
                    -0.5706527033137644,
                    -0.003146196980886773
                ]
            ],
            "volume_eff": 3.35094478368474,
            "alpha_iso": 1.0694504628781085,
            "c6_ii": 0.36712137785561993,
            "c8_ii": 2.6957656659019977,
            "c10_ii": 27.32088453029872,
            "slater_b_init": 64.57691170066218
        },
        {
            "index": 12,
            "element": "H",
            "charge": 0.0872582323402411,
            "dipole": [
                0.008470652394564812,
                0.002249189304820158,
                -0.055081465521601494
            ],
            "quadrupole": [
                [
                    -0.5232083929548522,
                    -0.5396557041443668,
                    0.008748404267895384
                ],
                [
                    -0.5396557041443668,
                    0.0045209291896227645,
                    -0.5532326790781416
                ],
                [
                    0.008748404267895384,
                    -0.5532326790781416,
                    -0.0018496641895329635
                ]
            ],
            "volume_eff": 3.106344820173185,
            "alpha_iso": 0.9913866447361229,
            "c6_ii": 0.31548190695543005,
            "c8_ii": 2.202428649997583,
            "c10_ii": 21.22117337432208,
            "slater_b_init": 66.22924556135227
        },
        {
            "index": 13,
            "element": "H",
            "charge": 0.07299136376083659,
            "dipole": [
                -0.00548236811889203,
                -0.015010402817482416,
                0.058793654035317854
            ],
            "quadrupole": [
                [
                    -0.5321499283293311,
                    -0.552772484903218,
                    0.0035687928721604145
                ],
                [
                    -0.552772484903218,
                    0.0009907280354393723,
                    -0.5589276226842752
                ],
                [
                    0.0035687928721604145,
                    -0.5589276226842752,
                    0.0015425502515804257
                ]
            ],
            "volume_eff": 3.1501539445228337,
            "alpha_iso": 1.005368280166862,
            "c6_ii": 0.32444320799885823,
            "c8_ii": 2.2862347454571585,
            "c10_ii": 22.23530595027313,
            "slater_b_init": 65.92079500003368
        },
        {
            "index": 14,
            "element": "H",
            "charge": 0.10830159570865616,
            "dipole": [
                0.004724866876292913,
                -0.04074404623050891,
                -0.042125033911292624
            ],
            "quadrupole": [
                [
                    -0.48659448210498274,
                    -0.5118121835620825,
                    -0.004469919604862668
                ],
                [
                    -0.5118121835620825,
                    0.006207449766840221,
                    -0.5092672477084574
                ],
                [
                    -0.004469919604862668,
                    -0.5092672477084574,
                    -9.916931063048631e-05
                ]
            ],
            "volume_eff": 2.808132992246406,
            "alpha_iso": 0.8962126570999168,
            "c6_ii": 0.25781636167158545,
            "c8_ii": 1.6827381409965148,
            "c10_ii": 15.158727880950236,
            "slater_b_init": 68.4952525886264
        },
        {
            "index": 15,
            "element": "H",
            "charge": 0.42844982424609057,
            "dipole": [
                0.0028035342783882247,
                0.015266571270346576,
                0.016155452868701858
            ],
            "quadrupole": [
                [
                    -0.2643710151527909,
                    -0.2769071297960302,
                    0.0011835596540545348
                ],
                [
                    -0.2769071297960302,
                    0.004816662816758824,
                    -0.27324865809293963
                ],
                [
                    0.0011835596540545348,
                    -0.27324865809293963,
                    -0.004870419321680878
                ]
            ],
            "volume_eff": 1.408109399394988,
            "alpha_iso": 0.4493966168281877,
            "c6_ii": 0.06482580616829808,
            "c8_ii": 0.26705444229287745,
            "c10_ii": 1.5184197427923651,
            "slater_b_init": 86.21593909390415
        }
    ]
}