{
    "molecule": "FRAG_COP_eqO__OC_OC",
    "atoms": [
        {
            "index": 0,
            "element": "C",
            "charge": -0.06593581028457685,
            "dipole": [
                0.1786545069588711,
                -0.016643919372413996,
                -0.06326471377484691
            ],
            "quadrupole": [
                [
                    -4.3299815169355185,
                    -4.471576873445966,
                    -0.004405126751966197
                ],
                [
                    -4.471576873445966,
                    -0.0434065667600539,
                    -4.425174709805695
                ],
                [
                    -0.004405126751966197,
                    -4.425174709805695,
                    -0.04812102320947327
                ]
            ],
            "volume_eff": 32.06116336142961,
            "alpha_iso": 10.071569642333907,
            "c6_ii": 32.82598334592916,
            "c8_ii": 846.1412596178884,
            "c10_ii": 27326.402458047025,
            "slater_b_init": 37.10474115994647
        },
        {
            "index": 1,
            "element": "O",
            "charge": -0.5582595386464515,
            "dipole": [
                -0.12773217622825975,
                -0.15632399721594978,
                -0.016305348364096594
            ],
            "quadrupole": [
                [
                    -4.216658414626455,
                    -4.281882890711217,
                    -0.02447542474220244
                ],
                [
                    -4.281882890711217,
                    -0.011799356764732248,
                    -4.231576746919234
                ],
                [
                    -0.02447542474220244,
                    -4.231576746919234,
                    -0.007787012554290842
                ]
            ],
            "volume_eff": 24.34018902931062,
            "alpha_iso": 7.261713854048471,
            "c6_ii": 28.21079610185323,
            "c8_ii": 1189.7291011666064,
            "c10_ii": 48315.93754412003,
            "slater_b_init": 33.521229040409395
        },
        {
            "index": 2,
            "element": "P",
            "charge": 1.7752559997557107,
            "dipole": [
                0.008469489750582856,
                -0.02708973745590389,
                -0.07668598696415094
            ],
            "quadrupole": [
                [
                    -6.201859417784348,
                    -6.187656949033777,
                    -0.015285011994671905
                ],
                [
                    -6.187656949033777,
                    -3.0688465153825276e-05,
                    -6.2258298193516595
                ],
                [
                    -0.015285011994671905,
                    -6.2258298193516595,
                    -0.002433299905459422
                ]
            ],
            "volume_eff": 49.51220022071242,
            "alpha_iso": 19.04315393104324,
            "c6_ii": 107.34194664585664,
            "c8_ii": 3387.6226250613695,
            "c10_ii": 60546.28348339934,
            "slater_b_init": 36.133856607666
        },
        {
            "index": 3,
            "element": "O",
            "charge": -0.8680559351377539,
            "dipole": [
                -0.018698576307518505,
                0.11823155990030822,
                0.30077181591209673
            ],
            "quadrupole": [
                [
                    -4.778417369283459,
                    -4.7824471550447605,
                    -0.012281927647064355
                ],
                [
                    -4.7824471550447605,
                    7.781876248835125e-05,
                    -4.811200520957863
                ],
                [
                    -0.012281927647064355,
                    -4.811200520957863,
                    0.000342294901189624
                ]
            ],
            "volume_eff": 28.707086811175248,
            "alpha_iso": 8.564545236483223,
            "c6_ii": 39.241508493867364,
            "c8_ii": 1847.375673625863,
            "c10_ii": 83747.9781286214,
            "slater_b_init": 31.727185038389624
        },
        {
            "index": 4,
            "element": "O",
            "charge": -0.5601895957763148,
            "dipole": [
                0.18950547642308,
                -0.059149813648823435,
                -0.0361439685718434
            ],
            "quadrupole": [
                [
                    -4.2670890420742795,
                    -4.22894076505643,
                    -0.0024020702350981034
                ],
                [
                    -4.22894076505643,
                    0.007648555884935101,
                    -4.253042324888935
                ],
                [
                    -0.0024020702350981034,
                    -4.253042324888935,
                    0.036857988152128325
                ]
            ],
            "volume_eff": 24.402206786629193,
            "alpha_iso": 7.280216389381085,
            "c6_ii": 28.35473904488759,
            "c8_ii": 1197.8299514774649,
            "c10_ii": 48727.515210999176,
            "slater_b_init": 33.49280708758646
        },
        {
            "index": 5,
            "element": "C",
            "charge": -0.07182880925326529,
            "dipole": [
                -0.0868827067825009,
                0.10577163818028988,
                -0.12700259452526058
            ],
            "quadrupole": [
                [
                    -4.47315124460188,
                    -4.406775217352265,
                    -0.05962723003333404
                ],
                [
                    -4.406775217352265,
                    -0.016818216245219484,
                    -4.390519616729463
                ],
                [
                    -0.05962723003333404,
                    -4.390519616729463,
                    0.05337764540769988
                ]
            ],
            "volume_eff": 32.199651324759664,
            "alpha_iso": 10.115073714584188,
            "c6_ii": 33.110179009156894,
            "c8_ii": 855.9227790201497,
            "c10_ii": 27721.843033992373,
            "slater_b_init": 37.05146993587019
        },
        {
            "index": 6,
            "element": "O",
            "charge": -0.5570845694846245,
            "dipole": [
                -0.05064927019953969,
                0.1466457259788689,
                -0.12998442929154583
            ],
            "quadrupole": [
                [
                    -4.235285985052375,
                    -4.218348985860596,
                    0.01529185795886847
                ],
                [
                    -4.218348985860596,
                    0.005579188109419835,
                    -4.270038265552646
                ],
                [
                    0.01529185795886847,
                    -4.270038265552646,
                    -0.0259957769890793
                ]
            ],
            "volume_eff": 24.31806249337958,
            "alpha_iso": 7.255112567085621,
            "c6_ii": 28.15952916436576,
            "c8_ii": 1186.8472122155315,
            "c10_ii": 48169.68683432587,
            "slater_b_init": 33.53139273165999
        },
        {
            "index": 7,
            "element": "C",
            "charge": -0.07511456781664805,
            "dipole": [
                -0.07545183874558405,
                -0.16980934444140214,
                -0.01884194320713042
            ],
            "quadrupole": [
                [
                    -4.432715375300159,
                    -4.376048731328158,
                    0.043172854141482676
                ],
                [
                    -4.376048731328158,
                    0.0649161306942298,
                    -4.489158616350803
                ],
                [
                    0.043172854141482676,
                    -4.489158616350803,
                    -0.005898481383086347
                ]
            ],
            "volume_eff": 32.30181757470536,
            "alpha_iso": 10.147167824514773,
            "c6_ii": 33.32062286405029,
            "c8_ii": 863.1839590244654,
            "c10_ii": 28016.125275293478,
            "slater_b_init": 37.01236576194534
        },
        {
            "index": 8,
            "element": "H",
            "charge": 0.10987490110282594,
            "dipole": [
                0.005183080754600356,
                0.010300279317802825,
                0.0651085734413293
            ],
            "quadrupole": [
                [
                    -0.494516408797849,
                    -0.5219269076378042,
                    0.0017147643551808456
                ],
                [
                    -0.5219269076378042,
                    -0.0004450782661272524,
                    -0.5158153215112155
                ],
                [
                    0.0017147643551808456,
                    -0.5158153215112155,
                    -0.0017345145622367027
                ]
            ],
            "volume_eff": 2.877844499409345,
            "alpha_iso": 0.918461010449791,
            "c6_ii": 0.2707757570447868,
            "c8_ii": 1.7964519675710064,
            "c10_ii": 16.44983688562824,
            "slater_b_init": 67.93766053329114
        },
        {
            "index": 9,
            "element": "H",
            "charge": 0.10223204292113341,
            "dipole": [
                -0.027284735628738517,
                0.04607487788102069,
                -0.036508488003804206
            ],
            "quadrupole": [
                [
                    -0.5064343596306587,
                    -0.5239392676782287,
                    -0.003275098104249075
                ],
                [
                    -0.5239392676782287,
                    0.002398086849891182,
                    -0.5225905154502659
                ],
                [
                    -0.003275098104249075,
                    -0.5225905154502659,
                    -0.010107830185888239
                ]
            ],
            "volume_eff": 2.923250937528936,
            "alpha_iso": 0.932952426870937,
            "c6_ii": 0.27938772840634135,
            "c8_ii": 1.8730340548703535,
            "c10_ii": 17.331022085930073,
            "slater_b_init": 67.58406808059361
        },
        {
            "index": 10,
            "element": "H",
            "charge": 0.10962861922952305,
            "dipole": [
                -0.013675766996139196,
                -0.05868392689103865,
                -0.016602587254219897
            ],
            "quadrupole": [
                [
                    -0.48995474784540377,
                    -0.5153683742522691,
                    0.0013984655104527992
                ],
                [
                    -0.5153683742522691,
                    -0.001679967023554549,
                    -0.5154932748086875
                ],
                [
                    0.0013984655104527992,
                    -0.5154932748086875,
                    -0.008935909867254527
                ]
            ],
            "volume_eff": 2.83927680136601,
            "alpha_iso": 0.9061521706487267,
            "c6_ii": 0.26356673661304164,
            "c8_ii": 1.732965980591248,
            "c10_ii": 15.7264113169625,
            "slater_b_init": 68.24389156149205
        },
        {
            "index": 11,
            "element": "H",
            "charge": 0.1032195008370449,
            "dipole": [
                -0.03351031277060207,
                -0.05533710561611091,
                0.003047996131080646
            ],
            "quadrupole": [
                [
                    -0.5127723994443147,
                    -0.5210847953262665,
                    -0.00745886056466834
                ],
                [
                    -0.5210847953262665,
                    -0.005124403152065874,
                    -0.5159913371527541
                ],
                [
                    -0.00745886056466834,
                    -0.5159913371527541,
                    0.010666283071597268
                ]
            ],
            "volume_eff": 2.915851921350778,
            "alpha_iso": 0.9305910387289718,
            "c6_ii": 0.27797520636332507,
            "c8_ii": 1.8604185161303086,
            "c10_ii": 17.185232029525043,
            "slater_b_init": 67.6411849776731
        },
        {
            "index": 12,
            "element": "H",
            "charge": 0.1111383486768116,
            "dipole": [
                0.05163300195560769,
                -0.002098088719331785,
                -0.03418229744257585
            ],
            "quadrupole": [
                [
                    -0.5074368839610832,
                    -0.5058327248517568,
                    -0.011949821891846065
                ],
                [
                    -0.5058327248517568,
                    -0.008875444964995897,
                    -0.5021019187215966
                ],
                [
                    -0.011949821891846065,
                    -0.5021019187215966,
                    0.008380033456067961
                ]
            ],
            "volume_eff": 2.8262646078685854,
            "alpha_iso": 0.9019993429367825,
            "c6_ii": 0.2611564590261491,
            "c8_ii": 1.711867972556141,
            "c10_ii": 15.487449993270092,
            "slater_b_init": 68.34846344045349
        },
        {
            "index": 13,
            "element": "H",
            "charge": 0.11077761445881196,
            "dipole": [
                0.0038750809533225276,
                0.037168282788297216,
                0.05459091194703812
            ],
            "quadrupole": [
                [
                    -0.5142739654750346,
                    -0.5039963387015904,
                    -0.006426604241524834
                ],
                [
                    -0.5039963387015904,
                    -0.010041021629948372,
                    -0.5110218840933691
                ],
                [
                    -0.006426604241524834,
                    -0.5110218840933691,
                    0.00633296924457804
                ]
            ],
            "volume_eff": 2.8702821938908567,
            "alpha_iso": 0.9160475086885712,
            "c6_ii": 0.26935455546343195,
            "c8_ii": 1.7838910972910702,
            "c10_ii": 16.306190295296,
            "slater_b_init": 67.99727311555361
        },
        {
            "index": 14,
            "element": "H",
            "charge": 0.11204672478053457,
            "dipole": [
                -0.03141120039105925,
                0.0208450719847116,
                -0.048609893905088276
            ],
            "quadrupole": [
                [
                    -0.5091325219941294,
                    -0.4885507741043052,
                    0.000672688766304771
                ],
                [
                    -0.4885507741043052,
                    0.010837109063007389,
                    -0.513808052828685
                ],
                [
                    0.000672688766304771,
                    -0.513808052828685,
                    0.002009709503339622
                ]
            ],
            "volume_eff": 2.8161271856971086,
            "alpha_iso": 0.8987639954352474,
            "c6_ii": 0.2592863544044317,
            "c8_ii": 1.695542916644494,
            "c10_ii": 15.303052467121036,
            "slater_b_init": 68.43037824060416
        },
        {
            "index": 15,
            "element": "H",
            "charge": 0.1040209578858271,
            "dipole": [
                0.06336607988400488,
                -0.007637819121467446,
                -0.009206486682156114
            ],
            "quadrupole": [
                [
                    -0.521620225070295,
                    -0.49941412484218445,
                    0.0012992208037332993
                ],
                [
                    -0.49941412484218445,
                    0.0031856069264677048,
                    -0.5257309142610278
                ],
                [
                    0.0012992208037332993,
                    -0.5257309142610278,
                    0.000669080499727349
                ]
            ],
            "volume_eff": 2.908282236610533,
            "alpha_iso": 0.9281751818969788,
            "c6_ii": 0.27653380710526826,
            "c8_ii": 1.8475670789298404,
            "c10_ii": 17.03696976039228,
            "slater_b_init": 67.69981968758492
        },
        {
            "index": 16,
            "element": "H",
            "charge": 0.1115668831746699,
            "dipole": [
                -0.020465446843084364,
                0.022290142320616362,
                0.05842215966665177
            ],
            "quadrupole": [
                [
                    -0.5135078451416014,
                    -0.49903932809908647,
                    -0.0020250474594754216
                ],
                [
                    -0.49903932809908647,
                    0.010927667378826346,
                    -0.5139413765458014
                ],
                [
                    -0.0020250474594754216,
                    -0.5139413765458014,
                    -0.0036396883065489077
                ]
            ],
            "volume_eff": 2.8637744657659923,
            "alpha_iso": 0.9139705741806358,
            "c6_ii": 0.2681345366934581,
            "c8_ii": 1.7731259256816347,
            "c10_ii": 16.183280380752397,
            "slater_b_init": 68.04874050647564
        }
    ]
}