{
    "molecule": "Sulf_426",
    "atoms": [
        {
            "index": 0,
            "element": "C",
            "charge": -0.3925236888728314,
            "dipole": [
                0.010187866368125626,
                -0.09176826108562387,
                0.028912348822697897
            ],
            "quadrupole": [
                [
                    -4.986664030801679,
                    -5.011544055305439,
                    0.02091257429357648
                ],
                [
                    -5.011544055305439,
                    0.039822150633602796,
                    -4.9891784288797485
                ],
                [
                    0.02091257429357648,
                    -4.9891784288797485,
                    -0.00868013114495794
                ]
            ],
            "volume_eff": 37.519579784208354,
            "alpha_iso": 11.786255429594245,
            "c6_ii": 44.95470190698901,
            "c8_ii": 1286.824662897248,
            "c10_ii": 46150.67838384635,
            "slater_b_init": 35.21030957103533
        },
        {
            "index": 1,
            "element": "C",
            "charge": -0.2478554390866501,
            "dipole": [
                -0.12644326099101527,
                0.03954525449865478,
                -0.00768521720360164
            ],
            "quadrupole": [
                [
                    -4.8659500791799655,
                    -4.790088451886337,
                    -0.0019068023030137063
                ],
                [
                    -4.790088451886337,
                    0.025788866345107037,
                    -4.722666539192341
                ],
                [
                    -0.0019068023030137063,
                    -4.722666539192341,
                    0.01728780394621955
                ]
            ],
            "volume_eff": 35.799235197544775,
            "alpha_iso": 11.245833046349142,
            "c6_ii": 40.92669623775211,
            "c8_ii": 1135.4328729696688,
            "c10_ii": 39466.689513598336,
            "slater_b_init": 35.765523191155765
        },
        {
            "index": 2,
            "element": "C",
            "charge": -0.3990546002844013,
            "dipole": [
                0.06979918722527197,
                0.06610842201388428,
                0.00507661311882749
            ],
            "quadrupole": [
                [
                    -5.034012146367674,
                    -4.980530641673423,
                    0.0035977339081341123
                ],
                [
                    -4.980530641673423,
                    -0.024655659163776728,
                    -4.974406982233166
                ],
                [
                    0.0035977339081341123,
                    -4.974406982233166,
                    -0.01618588100254681
                ]
            ],
            "volume_eff": 37.44501453407577,
            "alpha_iso": 11.762831790809141,
            "c6_ii": 44.77619629882882,
            "c8_ii": 1280.0162311101842,
            "c10_ii": 45845.65852475259,
            "slater_b_init": 35.23366581555143
        },
        {
            "index": 3,
            "element": "S",
            "charge": 1.2168685176876046,
            "dipole": [
                0.03788010869490211,
                -0.11627137400249982,
                -0.10076732121800311
            ],
            "quadrupole": [
                [
                    -7.618921211289499,
                    -7.6112431959095534,
                    -0.004921064908354174
                ],
                [
                    -7.6112431959095534,
                    0.00641262182401193,
                    -7.658198767548093
                ],
                [
                    -0.004921064908354174,
                    -7.658198767548093,
                    0.010158149058430021
                ]
            ],
            "volume_eff": 58.90365840929265,
            "alpha_iso": 15.35254926625181,
            "c6_ii": 82.2154910514898,
            "c8_ii": 2085.411673489673,
            "c10_ii": 53161.350753586885,
            "slater_b_init": 36.88395138486483
        },
        {
            "index": 4,
            "element": "C",
            "charge": -0.6969584737412928,
            "dipole": [
                0.05359226507991509,
                0.026518537950826166,
                0.001624910972047302
            ],
            "quadrupole": [
                [
                    -5.525692969037481,
                    -5.494510101858759,
                    -0.020864799538293385
                ],
                [
                    -5.494510101858759,
                    -0.054341277823073686,
                    -5.4271462338842955
                ],
                [
                    -0.020864799538293385,
                    -5.4271462338842955,
                    -0.005660465709230825
                ]
            ],
            "volume_eff": 41.51202983863766,
            "alpha_iso": 13.040428221561568,
            "c6_ii": 55.030965265272165,
            "c8_ii": 1685.1118022923936,
            "c10_ii": 64649.440373909645,
            "slater_b_init": 34.04326264190788
        },
        {
            "index": 5,
            "element": "O",
            "charge": -0.6172620771034545,
            "dipole": [
                0.04729564634123479,
                -0.15927532278256035,
                0.06635208557769812
            ],
            "quadrupole": [
                [
                    -4.344115051947662,
                    -4.389315998408992,
                    0.015462368032675386
                ],
                [
                    -4.389315998408992,
                    0.0095537542745422,
                    -4.341100058758241
                ],
                [
                    0.015462368032675386,
                    -4.341100058758241,
                    0.00335641958947205
                ]
            ],
            "volume_eff": 25.233573548911295,
            "alpha_iso": 7.5282484621061325,
            "c6_ii": 30.319704682865982,
            "c8_ii": 1309.7676248353348,
            "c10_ii": 54484.5187670512,
            "slater_b_init": 33.120864400791085
        },
        {
            "index": 6,
            "element": "O",
            "charge": -0.6114154663710352,
            "dipole": [
                -0.013395407640009146,
                -0.0004521449717776399,
                -0.17250959263054116
            ],
            "quadrupole": [
                [
                    -4.332257401613461,
                    -4.3264977685734625,
                    -0.0024512958119866767
                ],
                [
                    -4.3264977685734625,
                    0.0006148943327683836,
                    -4.381667616844877
                ],
                [
                    -0.0024512958119866767,
                    -4.381667616844877,
                    -0.01251824448833241
                ]
            ],
            "volume_eff": 25.146269330219003,
            "alpha_iso": 7.5022018996233495,
            "c6_ii": 30.1102647512452,
            "c8_ii": 1297.718196238336,
            "c10_ii": 53858.69151487476,
            "slater_b_init": 33.15915041444532
        },
        {
            "index": 7,
            "element": "H",
            "charge": 0.16033432699812744,
            "dipole": [
                -0.005907182053765972,
                -0.009688861434514829,
                -0.050803748749065444
            ],
            "quadrupole": [
                [
                    -0.47709384067186206,
                    -0.46422937975407114,
                    -0.0020379550663160804
                ],
                [
                    -0.46422937975407114,
                    -0.001172253054529131,
                    -0.4783573723412098
                ],
                [
                    -0.0020379550663160804,
                    -0.4783573723412098,
                    -0.0003984102426487125
                ]
            ],
            "volume_eff": 2.6466624188142926,
            "alpha_iso": 0.8446794953662636,
            "c6_ii": 0.22901937897774508,
            "c8_ii": 1.4369187607411693,
            "c10_ii": 12.443207761038636,
            "slater_b_init": 69.86079314795533
        },
        {
            "index": 8,
            "element": "H",
            "charge": 0.14671697213859414,
            "dipole": [
                -0.041475676718060274,
                0.008970442894782764,
                0.02493130598235226
            ],
            "quadrupole": [
                [
                    -0.49477451238007203,
                    -0.4802534233870236,
                    -0.005809574446907165
                ],
                [
                    -0.4802534233870236,
                    0.0011610372996775514,
                    -0.4881401064462757
                ],
                [
                    -0.005809574446907165,
                    -0.4881401064462757,
                    0.0011236929541405209
                ]
            ],
            "volume_eff": 2.746656407284258,
            "alpha_iso": 0.8765924704098697,
            "c6_ii": 0.2466515226995214,
            "c8_ii": 1.5862841057869321,
            "c10_ii": 14.080507218153727,
            "slater_b_init": 69.00251454151486
        },
        {
            "index": 9,
            "element": "H",
            "charge": 0.13049146942330703,
            "dipole": [
                0.04129270675270288,
                0.025058314453778405,
                0.012800221378945754
            ],
            "quadrupole": [
                [
                    -0.5016580704515459,
                    -0.4993659890457338,
                    -0.004128242123225864
                ],
                [
                    -0.4993659890457338,
                    -0.007214527759256061,
                    -0.5023891998295951
                ],
                [
                    -0.004128242123225864,
                    -0.5023891998295951,
                    0.003529715518722324
                ]
            ],
            "volume_eff": 2.8325136953310173,
            "alpha_iso": 0.9039937325524523,
            "c6_ii": 0.26231260964008624,
            "c8_ii": 1.7219801027716748,
            "c10_ii": 15.601891193168306,
            "slater_b_init": 68.29816300557118
        },
        {
            "index": 10,
            "element": "H",
            "charge": 0.17317222303843827,
            "dipole": [
                0.0005727571923706728,
                0.0017921506624048508,
                0.04844670461783335
            ],
            "quadrupole": [
                [
                    -0.4333624890693814,
                    -0.4307958225918897,
                    -0.003027116642462962
                ],
                [
                    -0.4307958225918897,
                    0.0003217284553657926,
                    -0.45441015258034967
                ],
                [
                    -0.003027116642462962,
                    -0.45441015258034967,
                    -0.002788377031693977
                ]
            ],
            "volume_eff": 2.373786741053824,
            "alpha_iso": 0.7575915131022843,
            "c6_ii": 0.18422922739308423,
            "c8_ii": 1.0750135686675364,
            "c10_ii": 8.657839210237631,
            "slater_b_init": 72.44122665119963
        },
        {
            "index": 11,
            "element": "H",
            "charge": 0.14463875107237434,
            "dipole": [
                -0.035949181019455205,
                0.021046437628453173,
                0.025334649391276654
            ],
            "quadrupole": [
                [
                    -0.4914166892426177,
                    -0.4867923779660965,
                    0.0027427116424528063
                ],
                [
                    -0.4867923779660965,
                    0.008863647363964625,
                    -0.4924663588632872
                ],
                [
                    0.0027427116424528063,
                    -0.4924663588632872,
                    0.002837954277396935
                ]
            ],
            "volume_eff": 2.7631090415462385,
            "alpha_iso": 0.8818433111317783,
            "c6_ii": 0.24961528716153475,
            "c8_ii": 1.6117492515016998,
            "c10_ii": 14.363620764687376,
            "slater_b_init": 68.86528580286546
        },
        {
            "index": 12,
            "element": "H",
            "charge": 0.15845067483631903,
            "dipole": [
                -0.002700887305288926,
                -0.0014851724601910674,
                -0.050357215833898315
            ],
            "quadrupole": [
                [
                    -0.4701855315685321,
                    -0.4698466898147454,
                    0.000741492336797454
                ],
                [
                    -0.4698466898147454,
                    0.00633079503891882,
                    -0.47901350534588816
                ],
                [
                    0.000741492336797454,
                    -0.47901350534588816,
                    -0.002286532530098763
                ]
            ],
            "volume_eff": 2.6392368654733964,
            "alpha_iso": 0.8423096379170414,
            "c6_ii": 0.22773609480649845,
            "c8_ii": 1.4261933168909855,
            "c10_ii": 12.327218102974578,
            "slater_b_init": 69.92625011167459
        },
        {
            "index": 13,
            "element": "H",
            "charge": 0.15741807036323996,
            "dipole": [
                0.020957529345826946,
                -0.04542130408733187,
                0.018656989798533936
            ],
            "quadrupole": [
                [
                    -0.4694421979398399,
                    -0.4765693702456721,
                    0.002226520110226057
                ],
                [
                    -0.4765693702456721,
                    0.004160232985393668,
                    -0.4758041877790909
                ],
                [
                    0.002226520110226057,
                    -0.4758041877790909,
                    0.0024408754790798334
                ]
            ],
            "volume_eff": 2.642395349296918,
            "alpha_iso": 0.8433176646692292,
            "c6_ii": 0.22828150335953362,
            "c8_ii": 1.4307492824431722,
            "c10_ii": 12.376461768592458,
            "slater_b_init": 69.89837780161136
        },
        {
            "index": 14,
            "element": "H",
            "charge": 0.2164650948001796,
            "dipole": [
                -0.008559391038454277,
                0.03565494745425037,
                -0.02406132378884068
            ],
            "quadrupole": [
                [
                    -0.41045013693720944,
                    -0.4203201756599916,
                    0.0014929807583022793
                ],
                [
                    -0.4203201756599916,
                    0.0017182235084578434,
                    -0.411268718604165
                ],
                [
                    0.0014929807583022793,
                    -0.411268718604165,
                    0.003281252230419829
                ]
            ],
            "volume_eff": 2.2321505543763185,
            "alpha_iso": 0.7123884748009527,
            "c6_ii": 0.1629003804291348,
            "c8_ii": 0.9123581786508617,
            "c10_ii": 7.052592575216731,
            "slater_b_init": 73.94211481969842
        },
        {
            "index": 15,
            "element": "H",
            "charge": 0.24082041060328296,
            "dipole": [
                0.03593368822965723,
                -0.01916136439430454,
                -0.015855482821487462
            ],
            "quadrupole": [
                [
                    -0.3944754333989356,
                    -0.3855528964579283,
                    0.00218783204469896
                ],
                [
                    -0.3855528964579283,
                    0.0011641039322148692,
                    -0.3881243376202151
                ],
                [
                    0.00218783204469896,
                    -0.3881243376202151,
                    0.0016112757610211176
                ]
            ],
            "volume_eff": 2.0581049608693385,
            "alpha_iso": 0.6568420087880867,
            "c6_ii": 0.13848737082997525,
            "c8_ii": 0.7347666993272075,
            "c10_ii": 5.380577797267816,
            "slater_b_init": 75.97030250491152
        },
        {
            "index": 16,
            "element": "H",
            "charge": 0.21565364496180006,
            "dipole": [
                0.0012360531596527433,
                -0.000512203403100293,
                0.04316408093796338
            ],
            "quadrupole": [
                [
                    -0.4128076492918051,
                    -0.41224948409311657,
                    -0.0030094096114790924
                ],
                [
                    -0.41224948409311657,
                    0.001879285038785839,
                    -0.4200788742173186
                ],
                [
                    -0.0030094096114790924,
                    -0.4200788742173186,
                    -0.0017959760779220264
                ]
            ],
            "volume_eff": 2.2389909699940636,
            "alpha_iso": 0.7145715861683182,
            "c6_ii": 0.1639003252560094,
            "c8_ii": 0.9198330121880677,
            "c10_ii": 7.124892624778897,
            "slater_b_init": 73.86673700144469
        }
    ]
}