{
    "molecule": "CCarb_986",
    "atoms": [
        {
            "index": 0,
            "element": "C",
            "charge": -0.5318104445099276,
            "dipole": [
                -0.01188195241526332,
                0.016084447297934505,
                -0.030187753467653004
            ],
            "quadrupole": [
                [
                    -5.246616560485749,
                    -5.235274092486671,
                    -0.014031967834086632
                ],
                [
                    -5.235274092486671,
                    0.03138060852623767,
                    -5.218543716777889
                ],
                [
                    -0.014031967834086632,
                    -5.218543716777889,
                    -0.012848343612131696
                ]
            ],
            "volume_eff": 39.55595896728218,
            "alpha_iso": 12.425955696528433,
            "c6_ii": 49.966971345133835,
            "c8_ii": 1481.5964018500804,
            "c10_ii": 55041.6269712211,
            "slater_b_init": 34.59541351827738
        },
        {
            "index": 1,
            "element": "C",
            "charge": 0.16281383472994104,
            "dipole": [
                0.09064799121142614,
                0.009668359641143284,
                -0.08846986701752788
            ],
            "quadrupole": [
                [
                    -4.024666735816114,
                    -4.059609970537478,
                    -0.01976145716822523
                ],
                [
                    -4.059609970537478,
                    0.038410701493216806,
                    -3.960815236297584
                ],
                [
                    -0.01976145716822523,
                    -3.960815236297584,
                    -0.06260644752971362
                ]
            ],
            "volume_eff": 28.678078364733526,
            "alpha_iso": 9.008820428712102,
            "c6_ii": 26.263904174180357,
            "c8_ii": 628.4898376990221,
            "c10_ii": 18843.07141767062,
            "slater_b_init": 38.50990816323333
        },
        {
            "index": 2,
            "element": "O",
            "charge": -0.40429686968348477,
            "dipole": [
                -0.009920990841160217,
                -0.08307847175137166,
                0.017063080335314944
            ],
            "quadrupole": [
                [
                    -4.060752075533422,
                    -4.020709445778018,
                    -0.0405024318452173
                ],
                [
                    -4.020709445778018,
                    0.01836227913233496,
                    -4.07565163451375
                ],
                [
                    -0.0405024318452173,
                    -4.07565163451375,
                    -0.005635173768142897
                ]
            ],
            "volume_eff": 23.0147815609438,
            "alpha_iso": 6.866288421497045,
            "c6_ii": 25.222095347053372,
            "c8_ii": 1024.71362982822,
            "c10_ii": 40089.75908181001,
            "slater_b_init": 34.152746135702166
        },
        {
            "index": 3,
            "element": "C",
            "charge": 0.9625036016041815,
            "dipole": [
                -0.019984364646003342,
                -0.02260063738016655,
                0.02031640114272419
            ],
            "quadrupole": [
                [
                    -2.8867616950834805,
                    -2.944020925314344,
                    0.010164554138766055
                ],
                [
                    -2.944020925314344,
                    -0.0602408801815775,
                    -2.915360112382058
                ],
                [
                    0.010164554138766055,
                    -2.915360112382058,
                    0.06426950490576239
                ]
            ],
            "volume_eff": 19.761404755195564,
            "alpha_iso": 6.207771127286564,
            "c6_ii": 12.47081446100561,
            "c8_ii": 232.81572127955206,
            "c10_ii": 5445.581331027497,
            "slater_b_init": 43.59967254158309
        },
        {
            "index": 4,
            "element": "O",
            "charge": -0.5969801308534102,
            "dipole": [
                0.10171790059253205,
                0.11104194031915755,
                -0.09091609681009832
            ],
            "quadrupole": [
                [
                    -4.332292337554023,
                    -4.405703173496455,
                    -0.03746412929223301
                ],
                [
                    -4.405703173496455,
                    -0.012656681814415987,
                    -4.382265388104762
                ],
                [
                    -0.03746412929223301,
                    -4.382265388104762,
                    0.049820259799734555
                ]
            ],
            "volume_eff": 25.539505042444016,
            "alpha_iso": 7.619520841392137,
            "c6_ii": 31.059352760548094,
            "c8_ii": 1352.542219427037,
            "c10_ii": 56717.73032764619,
            "slater_b_init": 32.98808388391984
        },
        {
            "index": 5,
            "element": "O",
            "charge": -0.4041061259189007,
            "dipole": [
                -0.058321810408311636,
                -0.0069678980761658784,
                0.05508424379224453
            ],
            "quadrupole": [
                [
                    -4.033417033052948,
                    -4.080685413734662,
                    -0.029299129914310166
                ],
                [
                    -4.080685413734662,
                    0.01823516853855993,
                    -4.063192845752229
                ],
                [
                    -0.029299129914310166,
                    -4.063192845752229,
                    -0.026876262291365628
                ]
            ],
            "volume_eff": 23.08656138417545,
            "alpha_iso": 6.887703396383836,
            "c6_ii": 25.379668929845533,
            "c8_ii": 1033.258290888017,
            "c10_ii": 40508.05852546142,
            "slater_b_init": 34.11731393314829
        },
        {
            "index": 6,
            "element": "C",
            "charge": 0.11066882133199929,
            "dipole": [
                0.03984996903055869,
                0.10879421397016432,
                -0.008649883128422728
            ],
            "quadrupole": [
                [
                    -4.124847285324069,
                    -4.0684331897216035,
                    -0.007233055726265534
                ],
                [
                    -4.0684331897216035,
                    0.08701812902641333,
                    -4.144421119780456
                ],
                [
                    -0.007233055726265534,
                    -4.144421119780456,
                    -0.0008202599931335547
                ]
            ],
            "volume_eff": 29.56904163667609,
            "alpha_iso": 9.288704179060552,
            "c6_ii": 27.921174862473045,
            "c8_ii": 681.9158697325273,
            "c10_ii": 20866.151985632943,
            "slater_b_init": 38.11916823538714
        },
        {
            "index": 7,
            "element": "C",
            "charge": -0.3128312465543086,
            "dipole": [
                -0.0253315484336967,
                -0.04655468623033403,
                0.02252604461648436
            ],
            "quadrupole": [
                [
                    -4.835705772504922,
                    -4.837458893813507,
                    0.041305459495271334
                ],
                [
                    -4.837458893813507,
                    0.016231040560795523,
                    -4.798038510601216
                ],
                [
                    0.041305459495271334,
                    -4.798038510601216,
                    -0.009695481376879844
                ]
            ],
            "volume_eff": 35.812766459603985,
            "alpha_iso": 11.250083704587638,
            "c6_ii": 40.95764072629611,
            "c8_ii": 1136.5776780198248,
            "c10_ii": 39516.43635402708,
            "slater_b_init": 35.76101815306643
        },
        {
            "index": 8,
            "element": "C",
            "charge": -0.29352386632601046,
            "dipole": [
                0.022330709894389292,
                0.05436743111333536,
                -0.02864585118601034
            ],
            "quadrupole": [
                [
                    -4.7761752204605115,
                    -4.777895743113335,
                    0.048260664159231526
                ],
                [
                    -4.777895743113335,
                    -0.009845555722190164,
                    -4.727407673999869
                ],
                [
                    0.048260664159231526,
                    -4.727407673999869,
                    -0.004767899698333598
                ]
            ],
            "volume_eff": 35.08049834669538,
            "alpha_iso": 11.020051836658233,
            "c6_ii": 39.299832497852556,
            "c8_ii": 1075.6561848908498,
            "c10_ii": 36886.77764520487,
            "slater_b_init": 36.00813105375092
        },
        {
            "index": 9,
            "element": "C",
            "charge": 0.3549430620488234,
            "dipole": [
                0.08380626333478532,
                -0.016076900089684345,
                0.020712140925372914
            ],
            "quadrupole": [
                [
                    -3.7569208175264333,
                    -3.542513258803546,
                    0.03814035786411882
                ],
                [
                    -3.542513258803546,
                    0.10841565900898878,
                    -3.5400593611504263
                ],
                [
                    0.03814035786411882,
                    -3.5400593611504263,
                    -0.09920181724130651
                ]
            ],
            "volume_eff": 24.891838553722085,
            "alpha_iso": 7.819425723682331,
            "c6_ii": 19.786689645870958,
            "c8_ii": 430.8407125347509,
            "c10_ii": 11753.705063688647,
            "slater_b_init": 40.37106194238121
        },
        {
            "index": 10,
            "element": "N",
            "charge": -0.43884302167903044,
            "dipole": [
                -0.10598781548719387,
                0.03692937422563997,
                -0.03731945101809354
            ],
            "quadrupole": [
                [
                    -4.8712986199829285,
                    -4.613865320241026,
                    0.03643149057752021
                ],
                [
                    -4.613865320241026,
                    0.10895013289233295,
                    -4.613492388228898
                ],
                [
                    0.03643149057752021,
                    -4.613492388228898,
                    -0.10553058612506414
                ]
            ],
            "volume_eff": 30.91024829899223,
            "alpha_iso": 9.005347929627659,
            "c6_ii": 35.83875548346072,
            "c8_ii": 1282.912385392261,
            "c10_ii": 50026.78631111923,
            "slater_b_init": 33.71937956797755
        },
        {
            "index": 11,
            "element": "H",
            "charge": 0.15598564677078497,
            "dipole": [
                -0.02011109629115798,
                -0.021413385815300622,
                0.0350947910781876
            ],
            "quadrupole": [
                [
                    -0.4737172842128447,
                    -0.4810577532899676,
                    -0.001608067050417818
                ],
                [
                    -0.4810577532899676,
                    -0.0035498540256698853,
                    -0.4844768454734482
                ],
                [
                    -0.001608067050417818,
                    -0.4844768454734482,
                    0.005948496539797724
                ]
            ],
            "volume_eff": 2.692675001356779,
            "alpha_iso": 0.8593643621351423,
            "c6_ii": 0.23705166394575852,
            "c8_ii": 1.5045036614356877,
            "c10_ii": 13.179036018000012,
            "slater_b_init": 69.46057638101979
        },
        {
            "index": 12,
            "element": "H",
            "charge": 0.17081464534114155,
            "dipole": [
                0.0341116628563599,
                0.02990345448642472,
                0.010944311195629724
            ],
            "quadrupole": [
                [
                    -0.46043779471488583,
                    -0.45907766059458344,
                    -0.004872689867269277
                ],
                [
                    -0.45907766059458344,
                    -0.004725413007087888,
                    -0.4604575606236737
                ],
                [
                    -0.004872689867269277,
                    -0.4604575606236737,
                    0.0019504178122084603
                ]
            ],
            "volume_eff": 2.5449627727745536,
            "alpha_iso": 0.8122221615237937,
            "c6_ii": 0.2117571090299997,
            "c8_ii": 1.2943544975882022,
            "c10_ii": 10.919647777514077,
            "slater_b_init": 70.77923823840663
        },
        {
            "index": 13,
            "element": "H",
            "charge": 0.17114430573217287,
            "dipole": [
                0.020718723067963695,
                -0.028669326148987925,
                -0.031394404046908214
            ],
            "quadrupole": [
                [
                    -0.4597046077987077,
                    -0.4626770425051948,
                    -0.0036133867095173204
                ],
                [
                    -0.4626770425051948,
                    -0.0004552268039335622,
                    -0.455687731298022
                ],
                [
                    -0.0036133867095173204,
                    -0.455687731298022,
                    0.005806570207277124
                ]
            ],
            "volume_eff": 2.5372116112682583,
            "alpha_iso": 0.8097483865749762,
            "c6_ii": 0.2104691813404963,
            "c8_ii": 1.2838686293212256,
            "c10_ii": 10.809181709546426,
            "slater_b_init": 70.8512416367818
        },
        {
            "index": 14,
            "element": "H",
            "charge": 0.11017685236643837,
            "dipole": [
                -0.035323562632118444,
                -0.04377823306744158,
                -0.021014730674869368
            ],
            "quadrupole": [
                [
                    -0.49192306470354447,
                    -0.49088172920735146,
                    -0.007037663738619426
                ],
                [
                    -0.49088172920735146,
                    -0.008346486709782384,
                    -0.4845442576137199
                ],
                [
                    -0.007037663738619426,
                    -0.4845442576137199,
                    -0.007129303096216181
                ]
            ],
            "volume_eff": 2.6869107696489554,
            "alpha_iso": 0.8575247137177517,
            "c6_ii": 0.2360378333401792,
            "c8_ii": 1.4959304328733454,
            "c10_ii": 13.085229090391158,
            "slater_b_init": 69.51021217904618
        },
        {
            "index": 15,
            "element": "H",
            "charge": 0.12041277132909045,
            "dipole": [
                -0.0009765024887762675,
                -0.005775370845458644,
                0.058067720311670665
            ],
            "quadrupole": [
                [
                    -0.4737557200804914,
                    -0.47446004570155637,
                    0.002465846672050216
                ],
                [
                    -0.47446004570155637,
                    0.0024003904657526457,
                    -0.49782032048508656
                ],
                [
                    0.002465846672050216,
                    -0.49782032048508656,
                    0.001253184986002801
                ]
            ],
            "volume_eff": 2.6496537783624907,
            "alpha_iso": 0.8456341845837737,
            "c6_ii": 0.22953736453769458,
            "c8_ii": 1.4412536695926068,
            "c10_ii": 12.490148912578903,
            "slater_b_init": 69.83449317815685
        },
        {
            "index": 16,
            "element": "H",
            "charge": 0.15983333497710328,
            "dipole": [
                -0.0015521413274440623,
                0.0025284216263426937,
                -0.0507529013553066
            ],
            "quadrupole": [
                [
                    -0.4509809164666514,
                    -0.46174197762429403,
                    -0.00030367232314224967
                ],
                [
                    -0.46174197762429403,
                    0.004027756334522334,
                    -0.4695848554325709
                ],
                [
                    -0.00030367232314224967,
                    -0.4695848554325709,
                    0.0014595008189384308
                ]
            ],
            "volume_eff": 2.5316230010564342,
            "alpha_iso": 0.8079647875712025,
            "c6_ii": 0.2095430190966597,
            "c8_ii": 1.2763413342792633,
            "c10_ii": 10.730022342058977,
            "slater_b_init": 70.90333851506757
        },
        {
            "index": 17,
            "element": "H",
            "charge": 0.16424611312241255,
            "dipole": [
                -0.011708222324096474,
                0.04515894515549303,
                0.02162598499360478
            ],
            "quadrupole": [
                [
                    -0.447491950277281,
                    -0.4645555800992633,
                    -0.0026171973113959597
                ],
                [
                    -0.4645555800992633,
                    0.0038475874171771253,
                    -0.45895473640302287
                ],
                [
                    -0.0026171973113959597,
                    -0.45895473640302287,
                    0.0006404393676935536
                ]
            ],
            "volume_eff": 2.5067600681315136,
            "alpha_iso": 0.8000298089781427,
            "c6_ii": 0.20544740835300848,
            "c8_ii": 1.2431879569833397,
            "c10_ii": 10.382766247410515,
            "slater_b_init": 71.13698255045927
        },
        {
            "index": 18,
            "element": "H",
            "charge": 0.16824701591322944,
            "dipole": [
                0.001092063485329329,
                0.003702799794461991,
                0.05224230441959982
            ],
            "quadrupole": [
                [
                    -0.4486179429614624,
                    -0.4545604154047251,
                    0.0016231469981652525
                ],
                [
                    -0.4545604154047251,
                    0.0029770046340037086,
                    -0.46417176842363067
                ],
                [
                    0.0016231469981652525,
                    -0.46417176842363067,
                    -0.0028066290510637116
                ]
            ],
            "volume_eff": 2.5021670232319013,
            "alpha_iso": 0.7985639435846494,
            "c6_ii": 0.20469523051642158,
            "c8_ii": 1.2371229669004078,
            "c10_ii": 10.319488480677009,
            "slater_b_init": 71.18048292887538
        },
        {
            "index": 19,
            "element": "H",
            "charge": 0.16159510273661482,
            "dipole": [
                0.010710672597937891,
                -0.04325563017436614,
                -0.026594056434684106
            ],
            "quadrupole": [
                [
                    -0.45691053869311066,
                    -0.46964045101712404,
                    -0.003342157025337754
                ],
                [
                    -0.46964045101712404,
                    0.006297950715761792,
                    -0.46423371455023293
                ],
                [
                    -0.003342157025337754,
                    -0.46423371455023293,
                    0.002940766917859322
                ]
            ],
            "volume_eff": 2.558278546173344,
            "alpha_iso": 0.8164718764383012,
            "c6_ii": 0.2139788203750827,
            "c8_ii": 1.3124928821505581,
            "c10_ii": 11.111259223164188,
            "slater_b_init": 70.65622319518832
        }
    ]
}