{
    "molecule": "Phos_884",
    "atoms": [
        {
            "index": 0,
            "element": "C",
            "charge": -0.11050808059364492,
            "dipole": [
                -0.1237636392442531,
                0.01704895223626247,
                -0.0938345599577637
            ],
            "quadrupole": [
                [
                    -4.491059799247516,
                    -4.592023417972697,
                    -0.007652812889262726
                ],
                [
                    -4.592023417972697,
                    -0.009277551297299826,
                    -4.52102773367299
                ],
                [
                    -0.007652812889262726,
                    -4.52102773367299,
                    0.05517792842876434
                ]
            ],
            "volume_eff": 33.43235783011277,
            "alpha_iso": 10.50231136024485,
            "c6_ii": 35.69383434785282,
            "c8_ii": 946.1140341564746,
            "c10_ii": 31420.147913412213,
            "slater_b_init": 36.5903724231754
        },
        {
            "index": 1,
            "element": "O",
            "charge": -0.32535276330088436,
            "dipole": [
                0.0426030291903986,
                -0.06617350367482408,
                0.03387473242800728
            ],
            "quadrupole": [
                [
                    -3.9515394065637826,
                    -3.9855543177981105,
                    0.05168043644695846
                ],
                [
                    -3.9855543177981105,
                    0.03672039491562576,
                    -4.007993768261765
                ],
                [
                    0.05168043644695846,
                    -4.007993768261765,
                    0.052739823841082195
                ]
            ],
            "volume_eff": 22.53867513951693,
            "alpha_iso": 6.724245621734333,
            "c6_ii": 24.189351002402198,
            "c8_ii": 969.1550221509943,
            "c10_ii": 37391.41225830184,
            "slater_b_init": 34.3915530207646
        },
        {
            "index": 2,
            "element": "C",
            "charge": -0.04286252526964951,
            "dipole": [
                0.017232903577945248,
                0.140597736993385,
                0.03504681587913297
            ],
            "quadrupole": [
                [
                    -4.446276380378969,
                    -4.398895594907347,
                    0.04042198345625852
                ],
                [
                    -4.398895594907347,
                    0.04998349639130601,
                    -4.453260044243642
                ],
                [
                    0.04042198345625852,
                    -4.453260044243642,
                    -0.055719131003275885
                ]
            ],
            "volume_eff": 32.655125845194156,
            "alpha_iso": 10.258154715767798,
            "c6_ii": 34.0535124919758,
            "c8_ii": 888.5907037853674,
            "c10_ii": 29050.664861278496,
            "slater_b_init": 36.87839780641498
        },
        {
            "index": 3,
            "element": "C",
            "charge": 0.04247216049022562,
            "dipole": [
                -0.12324811697414298,
                0.03805045582397084,
                0.12508451480946425
            ],
            "quadrupole": [
                [
                    -4.175814378785989,
                    -4.231450077015471,
                    0.007692794061086061
                ],
                [
                    -4.231450077015471,
                    0.02343826528842307,
                    -4.251908147948089
                ],
                [
                    0.007692794061086061,
                    -4.251908147948089,
                    -0.0873798219099136
                ]
            ],
            "volume_eff": 30.449263889110732,
            "alpha_iso": 9.565213787155203,
            "c6_ii": 29.608253259719817,
            "c8_ii": 737.3996528319485,
            "c10_ii": 23009.518486789824,
            "slater_b_init": 37.74825666403556
        },
        {
            "index": 4,
            "element": "O",
            "charge": -0.5675746712564891,
            "dipole": [
                0.07114871617215483,
                -0.1926389673069568,
                -0.040507031164067446
            ],
            "quadrupole": [
                [
                    -4.216991504543544,
                    -4.313325765067946,
                    0.00934991402940745
                ],
                [
                    -4.313325765067946,
                    0.0055434685530992385,
                    -4.255445703709767
                ],
                [
                    0.00934991402940745,
                    -4.255445703709767,
                    -0.003252255814872985
                ]
            ],
            "volume_eff": 24.51340554682998,
            "alpha_iso": 7.313391710103972,
            "c6_ii": 28.61374806462664,
            "c8_ii": 1212.4410370586993,
            "c10_ii": 49471.6151579373,
            "slater_b_init": 33.44208648107799
        },
        {
            "index": 5,
            "element": "P",
            "charge": 1.7686848112457891,
            "dipole": [
                0.00022039226383809346,
                0.005706105615991306,
                0.07968323149110365
            ],
            "quadrupole": [
                [
                    -6.192192322514904,
                    -6.161894075508572,
                    0.0642001255156043
                ],
                [
                    -6.161894075508572,
                    0.02142611104023374,
                    -6.253062242583278
                ],
                [
                    0.0642001255156043,
                    -6.253062242583278,
                    0.009402735338786966
                ]
            ],
            "volume_eff": 49.3690420129268,
            "alpha_iso": 18.98809308189492,
            "c6_ii": 106.7221129504649,
            "c8_ii": 3361.5658434674747,
            "c10_ii": 59964.70988519829,
            "slater_b_init": 36.16874936617109
        },
        {
            "index": 6,
            "element": "O",
            "charge": -0.8287562427121866,
            "dipole": [
                0.05016712681999295,
                0.20429764724205937,
                -0.2754080321237996
            ],
            "quadrupole": [
                [
                    -4.714013737890158,
                    -4.720685809869566,
                    0.022185082270354962
                ],
                [
                    -4.720685809869566,
                    -0.002840811868056864,
                    -4.723129150033639
                ],
                [
                    0.022185082270354962,
                    -4.723129150033639,
                    0.02253497492104168
                ]
            ],
            "volume_eff": 28.07434596857012,
            "alpha_iso": 8.37577172542976,
            "c6_ii": 37.53070682940789,
            "c8_ii": 1740.7775893260873,
            "c10_ii": 77751.61417587755,
            "slater_b_init": 31.963772664107477
        },
        {
            "index": 7,
            "element": "O",
            "charge": -0.47762073415942297,
            "dipole": [
                0.10214118051820684,
                0.09720255335473463,
                0.11107640336064738
            ],
            "quadrupole": [
                [
                    -4.0513405043761965,
                    -4.0423068748238045,
                    -0.025999213190078745
                ],
                [
                    -4.0423068748238045,
                    -0.0036640882106905824,
                    -4.084138953380126
                ],
                [
                    -0.025999213190078745,
                    -4.084138953380126,
                    -0.02370691580488942
                ]
            ],
            "volume_eff": 22.772855018821215,
            "alpha_iso": 6.794111442079258,
            "c6_ii": 24.69462361053908,
            "c8_ii": 996.2404628598155,
            "c10_ii": 38702.18872827506,
            "slater_b_init": 34.27326050265708
        },
        {
            "index": 8,
            "element": "C",
            "charge": 0.6251712900144053,
            "dipole": [
                0.0494162693299289,
                0.1389934516958938,
                -0.13381012243241003
            ],
            "quadrupole": [
                [
                    -3.1806383687096567,
                    -3.215162075684276,
                    0.07496550080267175
                ],
                [
                    -3.215162075684276,
                    0.0023574760675727545,
                    -3.34789523286979
                ],
                [
                    0.07496550080267175,
                    -3.34789523286979,
                    0.003177609240678119
                ]
            ],
            "volume_eff": 21.963646424128314,
            "alpha_iso": 6.899574792919888,
            "c6_ii": 15.405226154557301,
            "c8_ii": 308.5863067060105,
            "c10_ii": 7744.612320158654,
            "slater_b_init": 42.09084882943691
        },
        {
            "index": 9,
            "element": "N",
            "charge": -0.5277759608846075,
            "dipole": [
                -0.03568835980554586,
                -0.10980942642497563,
                0.16177688981656477
            ],
            "quadrupole": [
                [
                    -4.710456144639015,
                    -4.80825781468238,
                    0.158464535644361
                ],
                [
                    -4.80825781468238,
                    -0.002180105415282585,
                    -4.916905065955212
                ],
                [
                    0.158464535644361,
                    -4.916905065955212,
                    0.044174244666279165
                ]
            ],
            "volume_eff": 31.72693231188318,
            "alpha_iso": 9.243279492438408,
            "c6_ii": 37.75757526959541,
            "c8_ii": 1375.303558664916,
            "c10_ii": 54570.07693359005,
            "slater_b_init": 33.427537059431344
        },
        {
            "index": 10,
            "element": "O",
            "charge": -0.5677563105457111,
            "dipole": [
                -0.2091870557646625,
                -0.0050967446925683415,
                0.021836871889899072
            ],
            "quadrupole": [
                [
                    -4.283315508659347,
                    -4.231988159834831,
                    0.004701129090020835
                ],
                [
                    -4.231988159834831,
                    -0.005164051678622427,
                    -4.275338184650056
                ],
                [
                    0.004701129090020835,
                    -4.275338184650056,
                    0.02809234541309571
                ]
            ],
            "volume_eff": 24.52919315797831,
            "alpha_iso": 7.318101826137175,
            "c6_ii": 28.650616723878983,
            "c8_ii": 1214.524449182889,
            "c10_ii": 49577.90062776542,
            "slater_b_init": 33.43491021609662
        },
        {
            "index": 11,
            "element": "C",
            "charge": 0.03831489946065414,
            "dipole": [
                0.06511498593329566,
                0.03080771540785757,
                0.14535622252284977
            ],
            "quadrupole": [
                [
                    -4.301922625185158,
                    -4.215121395800954,
                    0.02650372419949565
                ],
                [
                    -4.215121395800954,
                    0.01070762051442615,
                    -4.220432280063543
                ],
                [
                    0.02650372419949565,
                    -4.220432280063543,
                    0.11586827938484331
                ]
            ],
            "volume_eff": 30.753247395259223,
            "alpha_iso": 9.660705988039545,
            "c6_ii": 30.202379116181874,
            "c8_ii": 757.1944451010697,
            "c10_ii": 23784.177836675753,
            "slater_b_init": 37.623469143227496
        },
        {
            "index": 12,
            "element": "C",
            "charge": 0.007030175505298608,
            "dipole": [
                -0.059982035327952994,
                -0.023652908808096604,
                -0.10648470292834855
            ],
            "quadrupole": [
                [
                    -4.340604941089365,
                    -4.310535090826777,
                    0.010707499746566975
                ],
                [
                    -4.310535090826777,
                    0.013068164094812753,
                    -4.351857265880348
                ],
                [
                    0.010707499746566975,
                    -4.351857265880348,
                    0.10596831851236854
                ]
            ],
            "volume_eff": 31.745625241219894,
            "alpha_iso": 9.97244771975494,
            "c6_ii": 32.183032292939174,
            "c8_ii": 824.1162814719119,
            "c10_ii": 26440.184859661218,
            "slater_b_init": 37.22727124351176
        },
        {
            "index": 13,
            "element": "O",
            "charge": -0.35004010399337204,
            "dipole": [
                -0.026361740561297545,
                0.008218522887086337,
                0.08076607373289091
            ],
            "quadrupole": [
                [
                    -3.950136374792603,
                    -4.090048912245643,
                    0.004975371902618845
                ],
                [
                    -4.090048912245643,
                    0.030636813817787566,
                    -4.0895929235701
                ],
                [
                    0.004975371902618845,
                    -4.0895929235701,
                    0.027891485998988077
                ]
            ],
            "volume_eff": 23.08181478265297,
            "alpha_iso": 6.886287283222432,
            "c6_ii": 25.36923387291863,
            "c8_ii": 1032.6918863280375,
            "c10_ii": 40480.30363482305,
            "slater_b_init": 34.11965242915162
        },
        {
            "index": 14,
            "element": "C",
            "charge": -0.09716136496279404,
            "dipole": [
                0.13918983002376306,
                0.013254898283480497,
                -0.06856823121570035
            ],
            "quadrupole": [
                [
                    -4.473375435532236,
                    -4.546731140698481,
                    -0.011080524228382656
                ],
                [
                    -4.546731140698481,
                    0.0037471694006850813,
                    -4.55687428640821
                ],
                [
                    -0.011080524228382656,
                    -4.55687428640821,
                    -0.053143322316812854
                ]
            ],
            "volume_eff": 33.4418976837166,
            "alpha_iso": 10.505308172895266,
            "c6_ii": 35.71420757659377,
            "c8_ii": 946.8341298037046,
            "c10_ii": 31450.04344275742,
            "slater_b_init": 36.586892756270274
        },
        {
            "index": 15,
            "element": "H",
            "charge": 0.08912240885564082,
            "dipole": [
                -0.020158816631576267,
                -0.02810940697529095,
                0.048262697837508174
            ],
            "quadrupole": [
                [
                    -0.5260954406128754,
                    -0.5530922511119638,
                    0.0019325977184581863
                ],
                [
                    -0.5530922511119638,
                    4.7544557912347015e-05,
                    -0.5411248776168843
                ],
                [
                    0.0019325977184581863,
                    -0.5411248776168843,
                    0.010214924263320536
                ]
            ],
            "volume_eff": 3.1074890015944088,
            "alpha_iso": 0.9917518090194922,
            "c6_ii": 0.3157143570127076,
            "c8_ii": 2.2045926093799486,
            "c10_ii": 21.247239710114695,
            "slater_b_init": 66.22111599921713
        },
        {
            "index": 16,
            "element": "H",
            "charge": 0.11963138407364349,
            "dipole": [
                0.008062802903965173,
                0.05901455003740261,
                0.011545086073701884
            ],
            "quadrupole": [
                [
                    -0.4909378673971391,
                    -0.5029899011658368,
                    -0.0023455517586419643
                ],
                [
                    -0.5029899011658368,
                    -0.0038887636414960394,
                    -0.49869259751982264
                ],
                [
                    -0.0023455517586419643,
                    -0.49869259751982264,
                    0.011327901762256043
                ]
            ],
            "volume_eff": 2.7759130184929557,
            "alpha_iso": 0.885929686753071,
            "c6_ii": 0.2519340327979044,
            "c8_ii": 1.631742742157856,
            "c10_ii": 14.586688066251254,
            "slater_b_init": 68.75924156818638
        },
        {
            "index": 17,
            "element": "H",
            "charge": 0.08449402292919239,
            "dipole": [
                0.041225923238130534,
                -0.019629500884795367,
                -0.036163292233208084
            ],
            "quadrupole": [
                [
                    -0.5413845398729706,
                    -0.5571747324236397,
                    -0.0021489571582719033
                ],
                [
                    -0.5571747324236397,
                    0.002801342691502432,
                    -0.5383161109656481
                ],
                [
                    -0.0021489571582719033,
                    -0.5383161109656481,
                    0.014660662801841513
                ]
            ],
            "volume_eff": 3.1513177970016817,
            "alpha_iso": 1.0057397224473452,
            "c6_ii": 0.3246829891607412,
            "c8_ii": 2.2884878918669322,
            "c10_ii": 22.26270119596121,
            "slater_b_init": 65.91267865711383
        },
        {
            "index": 18,
            "element": "H",
            "charge": 0.09620542327053228,
            "dipole": [
                0.04441808382449988,
                -0.01271851332425524,
                -0.03429546623281984
            ],
            "quadrupole": [
                [
                    -0.5336880967513119,
                    -0.519348617710201,
                    0.0019600909572682268
                ],
                [
                    -0.519348617710201,
                    0.012389507095122827,
                    -0.5268642128419796
                ],
                [
                    0.0019600909572682268,
                    -0.5268642128419796,
                    0.007067030768559402
                ]
            ],
            "volume_eff": 3.0071479832086614,
            "alpha_iso": 0.9597280797474452,
            "c6_ii": 0.29565466251171213,
            "c8_ii": 2.019833392702992,
            "c10_ii": 19.04524301051008,
            "slater_b_init": 66.94961677065591
        },
        {
            "index": 19,
            "element": "H",
            "charge": 0.10455430594525272,
            "dipole": [
                -0.02150059619524036,
                -0.022246683770232156,
                0.04980268643872628
            ],
            "quadrupole": [
                [
                    -0.5137652228511588,
                    -0.5106095306973377,
                    0.011460393847148517
                ],
                [
                    -0.5106095306973377,
                    0.006867239302565881,
                    -0.5233875099481191
                ],
                [
                    0.011460393847148517,
                    -0.5233875099481191,
                    0.0041796918333202645
                ]
            ],
            "volume_eff": 2.924334780540188,
            "alpha_iso": 0.9332983342149536,
            "c6_ii": 0.2795949419365258,
            "c8_ii": 1.874886514980873,
            "c10_ii": 17.35245055053228,
            "slater_b_init": 67.57571751236648
        },
        {
            "index": 20,
            "element": "H",
            "charge": 0.11122420735129912,
            "dipole": [
                -0.01801949141721592,
                -0.05846598389858264,
                -0.01793993026623531
            ],
            "quadrupole": [
                [
                    -0.4872710057059018,
                    -0.5086133104589624,
                    0.0011467758125660928
                ],
                [
                    -0.5086133104589624,
                    -0.006767416106026137,
                    -0.5020404669717611
                ],
                [
                    0.0011467758125660928,
                    -0.5020404669717611,
                    -0.00748084183413377
                ]
            ],
            "volume_eff": 2.7786389736180293,
            "alpha_iso": 0.886799672431286,
            "c6_ii": 0.25242907573617457,
            "c8_ii": 1.636019243388757,
            "c10_ii": 14.63449003459375,
            "slater_b_init": 68.73674902948261
        },
        {
            "index": 21,
            "element": "H",
            "charge": 0.12913590834194044,
            "dipole": [
                0.012697638454186234,
                0.051026561485310734,
                -0.0442288509283919
            ],
            "quadrupole": [
                [
                    -0.474870353348611,
                    -0.49393177696024715,
                    -0.0007478425092281376
                ],
                [
                    -0.49393177696024715,
                    -0.004761445261280381,
                    -0.48830542605362354
                ],
                [
                    -0.0007478425092281376,
                    -0.48830542605362354,
                    -0.004307815299695673
                ]
            ],
            "volume_eff": 2.6950655974102675,
            "alpha_iso": 0.8601273183224257,
            "c6_ii": 0.23747276662762612,
            "c8_ii": 1.5080682178826712,
            "c10_ii": 13.21807823128498,
            "slater_b_init": 69.44003250239345
        },
        {
            "index": 22,
            "element": "H",
            "charge": 0.10550461068100181,
            "dipole": [
                0.011519422675036327,
                -0.05854605502990548,
                -0.024443526776379315
            ],
            "quadrupole": [
                [
                    -0.49819100104013175,
                    -0.5151952695771171,
                    -0.0008678335225145871
                ],
                [
                    -0.5151952695771171,
                    0.0019881908458703025,
                    -0.5060196506760457
                ],
                [
                    -0.0008678335225145871,
                    -0.5060196506760457,
                    0.007100596071441976
                ]
            ],
            "volume_eff": 2.8337020224266287,
            "alpha_iso": 0.904372985880839,
            "c6_ii": 0.2625327523131683,
            "c8_ii": 1.7239072400993263,
            "c10_ii": 15.623720127067394,
            "slater_b_init": 68.28861461213745
        },
        {
            "index": 23,
            "element": "H",
            "charge": 0.11651500825738537,
            "dipole": [
                -0.0028206810201941985,
                0.05359043170261139,
                -0.03840907889076889
            ],
            "quadrupole": [
                [
                    -0.4883059456695642,
                    -0.4989126763135331,
                    0.005560872360115164
                ],
                [
                    -0.4989126763135331,
                    0.005637647614833646,
                    -0.4961711266173843
                ],
                [
                    0.005560872360115164,
                    -0.4961711266173843,
                    0.0069840431122615045
                ]
            ],
            "volume_eff": 2.749576841606936,
            "alpha_iso": 0.8775245239171072,
            "c6_ii": 0.24717631533301962,
            "c8_ii": 1.5907858160984576,
            "c10_ii": 14.130473704189239,
            "slater_b_init": 68.97807578698844
        },
        {
            "index": 24,
            "element": "H",
            "charge": 0.08563042775917595,
            "dipole": [
                -0.01187179683564796,
                0.05402258644947366,
                0.016805737479612008
            ],
            "quadrupole": [
                [
                    -0.5241999283551468,
                    -0.5456079027110335,
                    -0.005421140833177888
                ],
                [
                    -0.5456079027110335,
                    0.00835931783007548,
                    -0.5364846945003204
                ],
                [
                    -0.005421140833177888,
                    -0.5364846945003204,
                    0.01238088957202327
                ]
            ],
            "volume_eff": 3.0657817942634162,
            "alpha_iso": 0.9784409981691754,
            "c6_ii": 0.3072964994982173,
            "c8_ii": 2.126568560821813,
            "c10_ii": 20.311468325131855,
            "slater_b_init": 66.52005739239361
        },
        {
            "index": 25,
            "element": "H",
            "charge": 0.08527256857629029,
            "dipole": [
                0.005585899753547493,
                -0.04858993778098276,
                0.032412303148799546
            ],
            "quadrupole": [
                [
                    -0.5235038225526485,
                    -0.5426425047352508,
                    0.011457126788503597
                ],
                [
                    -0.5426425047352508,
                    0.002346471598201293,
                    -0.5423725826497122
                ],
                [
                    0.011457126788503597,
                    -0.5423725826497122,
                    0.010145279838376415
                ]
            ],
            "volume_eff": 3.0718151403895138,
            "alpha_iso": 0.9803665341668661,
            "c6_ii": 0.30850718610090344,
            "c8_ii": 2.1377468947374036,
            "c10_ii": 20.44501525677365,
            "slater_b_init": 66.47647821033746
        },
        {
            "index": 26,
            "element": "H",
            "charge": 0.11494290258399498,
            "dipole": [
                -0.03041446223367194,
                -0.01259018487371213,
                -0.05093775030520975
            ],
            "quadrupole": [
                [
                    -0.49315990358687045,
                    -0.5109853575049835,
                    -0.0006500032600092848
                ],
                [
                    -0.5109853575049835,
                    0.0014507170885063984,
                    -0.5037662201728216
                ],
                [
                    -0.0006500032600092848,
                    -0.5037662201728216,
                    -0.010684792560883874
                ]
            ],
            "volume_eff": 2.813719565057326,
            "alpha_iso": 0.8979956058693594,
            "c6_ii": 0.25884319521206944,
            "c8_ii": 1.6916801021963934,
            "c10_ii": 15.259485294620221,
            "slater_b_init": 68.44989065914947
        },
        {
            "index": 27,
            "element": "H",
            "charge": 0.0822050746260754,
            "dipole": [
                -0.011524889680956543,
                0.05425587029024769,
                0.018067304405064235
            ],
            "quadrupole": [
                [
                    -0.5336083928742517,
                    -0.5569146979410663,
                    -0.006851585508254857
                ],
                [
                    -0.5569146979410663,
                    0.006972317827587481,
                    -0.556636515105881
                ],
                [
                    -0.006851585508254857,
                    -0.556636515105881,
                    -0.008670888483585356
                ]
            ],
            "volume_eff": 3.179893675985302,
            "alpha_iso": 1.0148596838250963,
            "c6_ii": 0.3305980817801597,
            "c8_ii": 2.3442450661062963,
            "c10_ii": 22.942769766391397,
            "slater_b_init": 65.71464445905909
        },
        {
            "index": 28,
            "element": "H",
            "charge": 0.0813831766200368,
            "dipole": [
                0.005361185606402892,
                -0.047741196915333156,
                0.03405794920042625
            ],
            "quadrupole": [
                [
                    -0.5321317190417567,
                    -0.5575870679760704,
                    0.004046227767799135
                ],
                [
                    -0.5575870679760704,
                    -0.0013630112577566057,
                    -0.5615253972122234
                ],
                [
                    0.004046227767799135,
                    -0.5615253972122234,
                    -0.009020396566461747
                ]
            ],
            "volume_eff": 3.190920140806198,
            "alpha_iso": 1.0183787683424037,
            "c6_ii": 0.3328947927293255,
            "c8_ii": 2.365984565811371,
            "c10_ii": 23.20902881390823,
            "slater_b_init": 65.63886313515572
        }
    ]
}