{
    "molecule": "CCarb_906",
    "atoms": [
        {
            "index": 0,
            "element": "C",
            "charge": -0.40123629948407924,
            "dipole": [
                -0.08074588537911037,
                -0.017739955200832658,
                -0.03290368126669039
            ],
            "quadrupole": [
                [
                    -5.0483057935504,
                    -4.994298765562505,
                    -0.01085010490772778
                ],
                [
                    -4.994298765562505,
                    -0.026982148863181874,
                    -5.0060791652152465
                ],
                [
                    -0.01085010490772778,
                    -5.0060791652152465,
                    -0.028836691524115898
                ]
            ],
            "volume_eff": 37.66906181626946,
            "alpha_iso": 11.833213136000877,
            "c6_ii": 45.31362419087712,
            "c8_ii": 1300.5416874379857,
            "c10_ii": 46766.42977129592,
            "slater_b_init": 35.163672836238256
        },
        {
            "index": 1,
            "element": "C",
            "charge": -0.28222062516893587,
            "dipole": [
                0.059378693524801095,
                0.04786797120005311,
                0.040908469890495645
            ],
            "quadrupole": [
                [
                    -4.845597488059316,
                    -4.765351331607851,
                    -0.06150039379496416
                ],
                [
                    -4.765351331607851,
                    -0.014283395975615417,
                    -4.790512192468756
                ],
                [
                    -0.06150039379496416,
                    -4.790512192468756,
                    -0.03447134274713228
                ]
            ],
            "volume_eff": 35.76080609967512,
            "alpha_iso": 11.233761078431975,
            "c6_ii": 40.83887693941569,
            "c8_ii": 1132.1855307641317,
            "c10_ii": 39325.64639372295,
            "slater_b_init": 35.778329993765645
        },
        {
            "index": 2,
            "element": "C",
            "charge": 0.11195482317732441,
            "dipole": [
                0.0744059143270855,
                0.11615366020102508,
                -0.019234072133684263
            ],
            "quadrupole": [
                [
                    -4.162679833402187,
                    -4.057592794151772,
                    -0.03682500012247088
                ],
                [
                    -4.057592794151772,
                    0.05732781847718876,
                    -4.160298251515841
                ],
                [
                    -0.03682500012247088,
                    -4.160298251515841,
                    -0.002600443071000743
                ]
            ],
            "volume_eff": 29.81597512575075,
            "alpha_iso": 9.3662749086128,
            "c6_ii": 28.389466138394955,
            "c8_ii": 697.2077091701153,
            "c10_ii": 21452.68199871203,
            "slater_b_init": 38.013643093002145
        },
        {
            "index": 3,
            "element": "O",
            "charge": -0.39921037621641986,
            "dipole": [
                0.03968963499618092,
                -0.059218753561989496,
                0.05947505006765107
            ],
            "quadrupole": [
                [
                    -4.06803653617332,
                    -4.0300855521197905,
                    -0.04780991653961979
                ],
                [
                    -4.0300855521197905,
                    -0.030053392821571018,
                    -4.050855108927462
                ],
                [
                    -0.04780991653961979,
                    -4.050855108927462,
                    0.0026928080726770303
                ]
            ],
            "volume_eff": 23.019860588622237,
            "alpha_iso": 6.867803711522656,
            "c6_ii": 25.233228874899453,
            "c8_ii": 1025.3167791345907,
            "c10_ii": 40119.25743197975,
            "slater_b_init": 34.15023416708802
        },
        {
            "index": 4,
            "element": "C",
            "charge": 0.9615232541782222,
            "dipole": [
                -0.0027843335137079385,
                -0.024816249155720886,
                0.018269308098129055
            ],
            "quadrupole": [
                [
                    -2.8816210396583797,
                    -2.966978409457306,
                    0.056371263916934734
                ],
                [
                    -2.966978409457306,
                    -0.039910584893792476,
                    -2.9406456110249706
                ],
                [
                    0.056371263916934734,
                    -2.9406456110249706,
                    -0.03706413530191026
                ]
            ],
            "volume_eff": 19.944048635488898,
            "alpha_iso": 6.265146168216407,
            "c6_ii": 12.702401620311385,
            "c8_ii": 238.59811021374463,
            "c10_ii": 5615.166247344837,
            "slater_b_init": 43.4661716245275
        },
        {
            "index": 5,
            "element": "O",
            "charge": -0.6057111511430122,
            "dipole": [
                0.01449900497157126,
                0.13310597648434716,
                -0.09985056113987219
            ],
            "quadrupole": [
                [
                    -4.391367214452577,
                    -4.38625123926996,
                    0.008764652770393427
                ],
                [
                    -4.38625123926996,
                    -0.04428828641579695,
                    -4.397238829309265
                ],
                [
                    0.008764652770393427,
                    -4.397238829309265,
                    -0.05710060208311289
                ]
            ],
            "volume_eff": 25.711373856331814,
            "alpha_iso": 7.670796620121093,
            "c6_ii": 31.478788898534788,
            "c8_ii": 1376.9504602566508,
            "c10_ii": 58000.027537555965,
            "slater_b_init": 32.914416059533735
        },
        {
            "index": 6,
            "element": "O",
            "charge": -0.40596450591700517,
            "dipole": [
                -0.05342703011757361,
                -0.07000258499038912,
                0.0338009096831436
            ],
            "quadrupole": [
                [
                    -4.079077665034138,
                    -4.040993289159717,
                    -0.04010206215112725
                ],
                [
                    -4.040993289159717,
                    0.01681929986128796,
                    -4.071430842107943
                ],
                [
                    -0.04010206215112725,
                    -4.071430842107943,
                    -0.036010577102054755
                ]
            ],
            "volume_eff": 23.146659578434868,
            "alpha_iso": 6.905633244394933,
            "c6_ii": 25.51197599091367,
            "c8_ii": 1040.4465122600457,
            "c10_ii": 40860.62485400582,
            "slater_b_init": 34.08776084123644
        },
        {
            "index": 7,
            "element": "C",
            "charge": 0.12747492051938814,
            "dipole": [
                -0.057521867145655166,
                0.06376282722057462,
                -0.1065399523433288
            ],
            "quadrupole": [
                [
                    -4.139765202335052,
                    -4.094148261744592,
                    -0.06307566048975656
                ],
                [
                    -4.094148261744592,
                    -0.0032298926815493784,
                    -4.043418881492953
                ],
                [
                    -0.06307566048975656,
                    -4.043418881492953,
                    0.031949296824006414
                ]
            ],
            "volume_eff": 29.474930315564777,
            "alpha_iso": 9.259140413266422,
            "c6_ii": 27.743724608155485,
            "c8_ii": 676.1435343469562,
            "c10_ii": 20645.599281579005,
            "slater_b_init": 38.15969571474271
        },
        {
            "index": 8,
            "element": "C",
            "charge": -0.3514888837744099,
            "dipole": [
                -0.035647211190710355,
                -0.020276313447284623,
                -0.04872240351022995
            ],
            "quadrupole": [
                [
                    -5.000846644968754,
                    -4.89779146316394,
                    -0.02604929148051873
                ],
                [
                    -4.89779146316394,
                    0.010194259835358236,
                    -4.972947429329456
                ],
                [
                    -0.02604929148051873,
                    -4.972947429329456,
                    -0.03981201031460717
                ]
            ],
            "volume_eff": 37.402829937686576,
            "alpha_iso": 11.749580085137143,
            "c6_ii": 44.67536569062912,
            "c8_ii": 1276.1744174755597,
            "c10_ii": 45673.722866050986,
            "slater_b_init": 35.246906877304305
        },
        {
            "index": 9,
            "element": "C",
            "charge": 0.039636262310699166,
            "dipole": [
                -0.00042685246297383947,
                -0.034441510295552424,
                0.03786235963448747
            ],
            "quadrupole": [
                [
                    -4.234620726830455,
                    -4.236190065606814,
                    -0.016683496285890435
                ],
                [
                    -4.236190065606814,
                    -0.002501582214218018,
                    -4.2175411129542875
                ],
                [
                    -0.016683496285890435,
                    -4.2175411129542875,
                    -0.0035180332038701897
                ]
            ],
            "volume_eff": 30.619264973650257,
            "alpha_iso": 9.618617269209503,
            "c6_ii": 29.93978746384406,
            "c8_ii": 748.4293846299453,
            "c10_ii": 23440.52893502815,
            "slater_b_init": 37.67826633026242
        },
        {
            "index": 10,
            "element": "C",
            "charge": -0.4533693799145624,
            "dipole": [
                0.04736201496972962,
                -0.033949568284192884,
                -0.034014704941517836
            ],
            "quadrupole": [
                [
                    -5.174802784537559,
                    -5.129524952977737,
                    -0.013462493867984272
                ],
                [
                    -5.129524952977737,
                    0.0061792913662206675,
                    -5.179714080640425
                ],
                [
                    -0.013462493867984272,
                    -5.179714080640425,
                    0.04135652745614427
                ]
            ],
            "volume_eff": 39.27809912009405,
            "alpha_iso": 12.338669880657816,
            "c6_ii": 49.26745338994111,
            "c8_ii": 1454.0054423590161,
            "c10_ii": 53763.36085742235,
            "slater_b_init": 34.676799820633654
        },
        {
            "index": 11,
            "element": "C",
            "charge": -0.44380794134079693,
            "dipole": [
                0.00842630127646323,
                0.06830610067017098,
                0.026145958860676922
            ],
            "quadrupole": [
                [
                    -5.106071977674609,
                    -5.193338315967312,
                    -0.008122753896090554
                ],
                [
                    -5.193338315967312,
                    -0.0057321101886717565,
                    -5.093770401686596
                ],
                [
                    -0.008122753896090554,
                    -5.093770401686596,
                    -0.010228275444634567
                ]
            ],
            "volume_eff": 38.953109013144825,
            "alpha_iso": 12.236578747584762,
            "c6_ii": 48.455540626224206,
            "c8_ii": 1422.1447557415634,
            "c10_ii": 52294.8142327915,
            "slater_b_init": 34.772970322479594
        },
        {
            "index": 12,
            "element": "H",
            "charge": 0.12525078191518868,
            "dipole": [
                -0.009604779220572998,
                -0.006223153591317165,
                0.04607203018186886
            ],
            "quadrupole": [
                [
                    -0.5034830273158796,
                    -0.5115874496915604,
                    -0.00030277827959906804
                ],
                [
                    -0.5115874496915604,
                    0.004485759390983841,
                    -0.5212325640165713
                ],
                [
                    -0.00030277827959906804,
                    -0.5212325640165713,
                    0.002938943924360516
                ]
            ],
            "volume_eff": 2.924205493410318,
            "alpha_iso": 0.9332570723649952,
            "c6_ii": 0.27957022026051026,
            "c8_ii": 1.8746654825897129,
            "c10_ii": 17.34989346435357,
            "slater_b_init": 67.57671340017617
        },
        {
            "index": 13,
            "element": "H",
            "charge": 0.1490447082498001,
            "dipole": [
                0.003576339032491193,
                0.047240517896971104,
                -0.016987007357355657
            ],
            "quadrupole": [
                [
                    -0.4783123333888506,
                    -0.4887224301121905,
                    0.00023545016807558348
                ],
                [
                    -0.4887224301121905,
                    0.0001296066641184707,
                    -0.4816441066943737
                ],
                [
                    0.00023545016807558348,
                    -0.4816441066943737,
                    0.004320453656040794
                ]
            ],
            "volume_eff": 2.7071811063576345,
            "alpha_iso": 0.8639939701141386,
            "c6_ii": 0.2396126554349799,
            "c8_ii": 1.5262144965212718,
            "c10_ii": 13.417189435217576,
            "slater_b_init": 69.3362887355572
        },
        {
            "index": 14,
            "element": "H",
            "charge": 0.13463309680381608,
            "dipole": [
                0.029257347430524626,
                -0.033849519496559635,
                -0.02193978769933297
            ],
            "quadrupole": [
                [
                    -0.49955633196643257,
                    -0.5005608092562969,
                    0.003027055240971192
                ],
                [
                    -0.5005608092562969,
                    0.005822579326646056,
                    -0.4972136865452658
                ],
                [
                    0.003027055240971192,
                    -0.4972136865452658,
                    0.00524576307446603
                ]
            ],
            "volume_eff": 2.819696493329912,
            "alpha_iso": 0.8999031361691209,
            "c6_ii": 0.25994403724274695,
            "c8_ii": 1.7012796917923558,
            "c10_ii": 15.36780110014223,
            "slater_b_init": 68.40149189234734
        },
        {
            "index": 15,
            "element": "H",
            "charge": 0.14202074971373024,
            "dipole": [
                0.016002407675154904,
                0.013130636548974044,
                -0.04632762446240986
            ],
            "quadrupole": [
                [
                    -0.46994011581952305,
                    -0.48071663086671,
                    -0.0006336506053441843
                ],
                [
                    -0.48071663086671,
                    -0.0026151224768841954,
                    -0.49165590832568995
                ],
                [
                    -0.0006336506053441843,
                    -0.49165590832568995,
                    -0.0008561031893930849
                ]
            ],
            "volume_eff": 2.6755204585169596,
            "alpha_iso": 0.8538895080373275,
            "c6_ii": 0.2340408591400242,
            "c8_ii": 1.4790793817816754,
            "c10_ii": 12.901239497529962,
            "slater_b_init": 69.60871289584632
        },
        {
            "index": 16,
            "element": "H",
            "charge": 0.12778077702429846,
            "dipole": [
                0.0018611239343343784,
                -0.044814691239962866,
                0.01994761646093936
            ],
            "quadrupole": [
                [
                    -0.4908034627507088,
                    -0.5090706733960413,
                    0.0007345861178240957
                ],
                [
                    -0.5090706733960413,
                    -0.007333911067698059,
                    -0.5001897278860012
                ],
                [
                    0.0007345861178240957,
                    -0.5001897278860012,
                    -0.0007180937843371521
                ]
            ],
            "volume_eff": 2.8215674146165486,
            "alpha_iso": 0.9005002387074091,
            "c6_ii": 0.26028910713227926,
            "c8_ii": 1.7042915720835465,
            "c10_ii": 15.401816829456687,
            "slater_b_init": 68.3863700251481
        },
        {
            "index": 17,
            "element": "H",
            "charge": 0.1169387395543271,
            "dipole": [
                0.0005774600833954813,
                -0.0036316915694258197,
                0.05695844453983686
            ],
            "quadrupole": [
                [
                    -0.48398989829989464,
                    -0.47626464079706005,
                    -0.003139116220873805
                ],
                [
                    -0.47626464079706005,
                    0.0007149967363469171,
                    -0.5052677583979165
                ],
                [
                    -0.003139116220873805,
                    -0.5052677583979165,
                    -0.0009339537560926542
                ]
            ],
            "volume_eff": 2.704846033062127,
            "alpha_iso": 0.8632487339559981,
            "c6_ii": 0.23919947893324042,
            "c8_ii": 1.5227065311748513,
            "c10_ii": 13.378651679617446,
            "slater_b_init": 69.35623549605563
        },
        {
            "index": 18,
            "element": "H",
            "charge": 0.1146074815700937,
            "dipole": [
                -0.006840568290804853,
                -0.05718518052874573,
                -0.01213708738880797
            ],
            "quadrupole": [
                [
                    -0.48624761730842714,
                    -0.5004688903915597,
                    -0.010028405878604735
                ],
                [
                    -0.5004688903915597,
                    -0.0009043732850254663,
                    -0.4833677935884615
                ],
                [
                    -0.010028405878604735,
                    -0.4833677935884615,
                    -0.0026820015893897365
                ]
            ],
            "volume_eff": 2.712090761795621,
            "alpha_iso": 0.8655608814241345,
            "c6_ii": 0.24048255093512144,
            "c8_ii": 1.5336067037125083,
            "c10_ii": 13.498471113420766,
            "slater_b_init": 69.29442399710024
        },
        {
            "index": 19,
            "element": "H",
            "charge": 0.14492165956344483,
            "dipole": [
                -0.0032565955152755745,
                0.046924325668887705,
                0.004388639363262435
            ],
            "quadrupole": [
                [
                    -0.47074412848007136,
                    -0.491133883637142,
                    -0.004659479606933714
                ],
                [
                    -0.491133883637142,
                    -0.001303506577267324,
                    -0.483978943406665
                ],
                [
                    -0.004659479606933714,
                    -0.483978943406665,
                    -0.0026126637476284855
                ]
            ],
            "volume_eff": 2.6986870344990628,
            "alpha_iso": 0.8612830961167222,
            "c6_ii": 0.23811139337119236,
            "c8_ii": 1.513478096353279,
            "c10_ii": 13.277376140000884,
            "slater_b_init": 69.40895748013821
        },
        {
            "index": 20,
            "element": "H",
            "charge": 0.13429577973439222,
            "dipole": [
                -0.008190864582049843,
                -0.028431895441776142,
                0.033491131556380775
            ],
            "quadrupole": [
                [
                    -0.48733911171257077,
                    -0.5032212036684083,
                    0.006019516052330949
                ],
                [
                    -0.5032212036684083,
                    -0.0027247640282534787,
                    -0.508337535464518
                ],
                [
                    0.006019516052330949,
                    -0.508337535464518,
                    -0.002472148338659401
                ]
            ],
            "volume_eff": 2.8403779781628034,
            "alpha_iso": 0.9065036100519586,
            "c6_ii": 0.2637712181600996,
            "c8_ii": 1.7347588491021961,
            "c10_ii": 15.746751468806169,
            "slater_b_init": 68.23507133827407
        },
        {
            "index": 21,
            "element": "H",
            "charge": 0.11707329480382467,
            "dipole": [
                -0.0028444823084531824,
                0.028686172825726268,
                -0.04436986473114595
            ],
            "quadrupole": [
                [
                    -0.4852300793342655,
                    -0.49234702020312243,
                    0.011435194087945211
                ],
                [
                    -0.49234702020312243,
                    -0.0011784075484189988,
                    -0.5025214438029288
                ],
                [
                    0.011435194087945211,
                    -0.5025214438029288,
                    0.0021266744031528105
                ]
            ],
            "volume_eff": 2.736893145294164,
            "alpha_iso": 0.8734765357321801,
            "c6_ii": 0.24490114469557966,
            "c8_ii": 1.5712923336805358,
            "c10_ii": 13.914362808931276,
            "slater_b_init": 69.0844675804643
        },
        {
            "index": 22,
            "element": "H",
            "charge": 0.13945578724129337,
            "dipole": [
                -0.03692778910335338,
                -0.005965132605953352,
                -0.02820133192518919
            ],
            "quadrupole": [
                [
                    -0.5016350852626729,
                    -0.4957806570718428,
                    0.002469743234946401
                ],
                [
                    -0.4957806570718428,
                    -0.0035882133780616977,
                    -0.4908884660174653
                ],
                [
                    0.002469743234946401,
                    -0.4908884660174653,
                    -0.006051829694218402
                ]
            ],
            "volume_eff": 2.8089455203438245,
            "alpha_iso": 0.8964719745778165,
            "c6_ii": 0.2579655806332059,
            "c8_ii": 1.684036846555446,
            "c10_ii": 15.173353316831804,
            "slater_b_init": 68.48864753772747
        },
        {
            "index": 23,
            "element": "H",
            "charge": 0.13346269216330464,
            "dipole": [
                0.004155227713099921,
                -0.028166738938492482,
                0.03371290182192035
            ],
            "quadrupole": [
                [
                    -0.49946057992766685,
                    -0.5053409540419347,
                    0.007076244364194561
                ],
                [
                    -0.5053409540419347,
                    -0.004431539398864256,
                    -0.5114667635756923
                ],
                [
                    0.007076244364194561,
                    -0.5114667635756923,
                    -0.003853605058489147
                ]
            ],
            "volume_eff": 2.886974783315992,
            "alpha_iso": 0.9213749308455295,
            "c6_ii": 0.2724966153451322,
            "c8_ii": 1.811690698440992,
            "c10_ii": 16.624444862386525,
            "slater_b_init": 67.86596550857564
        },
        {
            "index": 24,
            "element": "H",
            "charge": 0.13553171560744148,
            "dipole": [
                0.013272306183524532,
                0.044258574893591994,
                0.004947795006238731
            ],
            "quadrupole": [
                [
                    -0.4959179935705819,
                    -0.506949796458961,
                    -0.0033155689368290003
                ],
                [
                    -0.506949796458961,
                    -0.0015355563864657982,
                    -0.5001155882312884
                ],
                [
                    -0.0033155689368290003,
                    -0.5001155882312884,
                    -0.005553842501900169
                ]
            ],
            "volume_eff": 2.8457957899139914,
            "alpha_iso": 0.9082326989087206,
            "c6_ii": 0.2647784261671912,
            "c8_ii": 1.7435966798959286,
            "c10_ii": 15.847093684141823,
            "slater_b_init": 68.19174196769482
        },
        {
            "index": 25,
            "element": "H",
            "charge": 0.12915533971318993,
            "dipole": [
                0.03225426791373989,
                -0.004774693727455745,
                -0.03564322125272008
            ],
            "quadrupole": [
                [
                    -0.5108634963356511,
                    -0.5002509067533725,
                    -0.0010987369569168124
                ],
                [
                    -0.5002509067533725,
                    0.0074994376811686045,
                    -0.5083606303814697
                ],
                [
                    -0.0010987369569168124,
                    -0.5083606303814697,
                    0.0013115535490426983
                ]
            ],
            "volume_eff": 2.8796857392675634,
            "alpha_iso": 0.9190486401917756,
            "c6_ii": 0.2711223515925574,
            "c8_ii": 1.7995185801161127,
            "c10_ii": 16.484945001849923,
            "slater_b_init": 67.92317791151144
        },
        {
            "index": 26,
            "element": "H",
            "charge": 0.12904721673826147,
            "dipole": [
                0.002507597796372303,
                -0.019711602148033813,
                0.04038292330168646
            ],
            "quadrupole": [
                [
                    -0.5127318519738869,
                    -0.5072415450513815,
                    0.00922850391725371
                ],
                [
                    -0.5072415450513815,
                    0.003167631730159989,
                    -0.5163017881664173
                ],
                [
                    0.00922850391725371,
                    -0.5163017881664173,
                    0.00018980956534430884
                ]
            ],
            "volume_eff": 2.9387394624347514,
            "alpha_iso": 0.9378955731174738,
            "c6_ii": 0.2823561821963855,
            "c8_ii": 1.8996152157595392,
            "c10_ii": 17.63900702276585,
            "slater_b_init": 67.46512570860463
        },
        {
            "index": 27,
            "element": "H",
            "charge": 0.14133988819879773,
            "dipole": [
                -0.044063856061652716,
                0.005624469522243041,
                -0.01664020246851324
            ],
            "quadrupole": [
                [
                    -0.5023067019309043,
                    -0.48563281777957057,
                    0.0009814705892507735
                ],
                [
                    -0.48563281777957057,
                    -0.0020692027887297968,
                    -0.49455921853816487
                ],
                [
                    0.0009814705892507735,
                    -0.49455921853816487,
                    -0.00208620491011548
                ]
            ],
            "volume_eff": 2.795058888802881,
            "alpha_iso": 0.8920400708945366,
            "c6_ii": 0.2554212677792565,
            "c8_ii": 1.6619271385955314,
            "c10_ii": 14.924749766347988,
            "slater_b_init": 68.60188377743187
        }
    ]
}