{
    "molecule": "EP",
    "atoms": [
        {
            "index": 0,
            "element": "C",
            "charge": -0.4997406200989314,
            "dipole": [
                -0.03792173186087143,
                -0.02746267492802187,
                0.013585000818106171
            ],
            "quadrupole": [
                [
                    -5.181447055327626,
                    -5.198624556620841,
                    0.01993685489411513
                ],
                [
                    -5.198624556620841,
                    -0.0317777086824343,
                    -5.175747957064571
                ],
                [
                    0.01993685489411513,
                    -5.175747957064571,
                    0.03602183536956322
                ]
            ],
            "volume_eff": 39.167160556213965,
            "alpha_iso": 12.303820070014858,
            "c6_ii": 48.98954066314583,
            "c8_ii": 1443.0798729028452,
            "c10_ii": 53258.85571895742,
            "slater_b_init": 34.7095089226591
        },
        {
            "index": 1,
            "element": "C",
            "charge": 0.10446763936719172,
            "dipole": [
                -0.09010950675674038,
                0.08963214653657951,
                -0.08135332486994894
            ],
            "quadrupole": [
                [
                    -4.081651031069679,
                    -4.204309949248253,
                    0.032670458384440645
                ],
                [
                    -4.204309949248253,
                    -0.04952359486896965,
                    -4.1430323080324145
                ],
                [
                    0.032670458384440645,
                    -4.1430323080324145,
                    0.055051138396759985
                ]
            ],
            "volume_eff": 29.89753369399543,
            "alpha_iso": 9.391895401255109,
            "c6_ii": 28.54499155576559,
            "c8_ii": 702.3050178703006,
            "c10_ii": 21648.91242729988,
            "slater_b_init": 37.97904534778727
        },
        {
            "index": 2,
            "element": "O",
            "charge": -0.4002572319411186,
            "dipole": [
                0.08483641690478785,
                -0.023560686620165285,
                0.00885247213210885
            ],
            "quadrupole": [
                [
                    -4.015255409446618,
                    -4.07121759030622,
                    -0.011429141104129988
                ],
                [
                    -4.07121759030622,
                    -0.00031420986649433275,
                    -4.09905843537693
                ],
                [
                    -0.011429141104129988,
                    -4.09905843537693,
                    -0.020911195966995172
                ]
            ],
            "volume_eff": 23.11480493562594,
            "alpha_iso": 6.896129649302767,
            "c6_ii": 25.441804683946707,
            "c8_ii": 1036.632564798522,
            "c10_ii": 40673.48308191605,
            "slater_b_init": 34.103412498596356
        },
        {
            "index": 3,
            "element": "C",
            "charge": 0.7991878070106999,
            "dipole": [
                0.06490618133447805,
                -0.0485917998955326,
                0.006230868297195346
            ],
            "quadrupole": [
                [
                    -3.1126502050796043,
                    -3.015288931926536,
                    -0.07791004109471533
                ],
                [
                    -3.015288931926536,
                    0.07909883732734328,
                    -3.1084287846971677
                ],
                [
                    -0.07791004109471533,
                    -3.1084287846971677,
                    -0.09604655736031173
                ]
            ],
            "volume_eff": 20.874116875416533,
            "alpha_iso": 6.557314201701528,
            "c6_ii": 13.914750142752665,
            "c8_ii": 269.434432710168,
            "c10_ii": 6536.499609716035,
            "slater_b_init": 42.810778794295224
        },
        {
            "index": 4,
            "element": "O",
            "charge": -0.5888803464207726,
            "dipole": [
                0.04134673731493724,
                0.04861186915451305,
                0.0990558536707093
            ],
            "quadrupole": [
                [
                    -4.410691369883655,
                    -4.355152932655995,
                    -0.0381690109387628
                ],
                [
                    -4.355152932655995,
                    0.06491524575878375,
                    -4.378865489656498
                ],
                [
                    -0.0381690109387628,
                    -4.378865489656498,
                    -0.04706240437926151
                ]
            ],
            "volume_eff": 25.656387090027337,
            "alpha_iso": 7.654391728516442,
            "c6_ii": 31.34429076282107,
            "c8_ii": 1369.111731592822,
            "c10_ii": 57587.59213917988,
            "slater_b_init": 32.93791333882536
        },
        {
            "index": 5,
            "element": "C",
            "charge": -0.41030936605883817,
            "dipole": [
                -0.09295724870007363,
                -0.05706087692495815,
                0.006754497673828926
            ],
            "quadrupole": [
                [
                    -4.999019405723854,
                    -4.996121924287745,
                    0.03893338822479604
                ],
                [
                    -4.996121924287745,
                    -0.01685425948597198,
                    -4.9368311706253865
                ],
                [
                    0.03893338822479604,
                    -4.9368311706253865,
                    -0.014513750254346714
                ]
            ],
            "volume_eff": 37.13511780180262,
            "alpha_iso": 11.66548203197988,
            "c6_ii": 44.03812326660804,
            "c8_ii": 1251.9614312363842,
            "c10_ii": 44593.08894593114,
            "slater_b_init": 35.331404072640154
        },
        {
            "index": 6,
            "element": "C",
            "charge": -0.376952309500842,
            "dipole": [
                0.06144435904835283,
                0.07607248444326753,
                -0.024400949365015943
            ],
            "quadrupole": [
                [
                    -4.997486798011202,
                    -4.97319267177045,
                    0.013239307455890512
                ],
                [
                    -4.97319267177045,
                    -0.03879242484250896,
                    -4.937886152816407
                ],
                [
                    0.013239307455890512,
                    -4.937886152816407,
                    0.01035940732020822
                ]
            ],
            "volume_eff": 37.2127216526157,
            "alpha_iso": 11.689860205010167,
            "c6_ii": 44.22237467465905,
            "c8_ii": 1258.950416971419,
            "c10_ii": 44904.47796895414,
            "slater_b_init": 35.30682680386103
        },
        {
            "index": 7,
            "element": "H",
            "charge": 0.14561568033595562,
            "dipole": [
                -0.00831117972862874,
                -0.0002927244968920127,
                -0.04541457536126164
            ],
            "quadrupole": [
                [
                    -0.48561952347841775,
                    -0.4866434800954053,
                    0.0008598324073622659
                ],
                [
                    -0.4866434800954053,
                    0.006049658983344429,
                    -0.49864133399537647
                ],
                [
                    0.0008598324073622659,
                    -0.49864133399537647,
                    8.311930757212788e-05
                ]
            ],
            "volume_eff": 2.767816667196027,
            "alpha_iso": 0.8833457448497959,
            "c6_ii": 0.2504665719574106,
            "c8_ii": 1.6190823329146957,
            "c10_ii": 14.445356055923487,
            "slater_b_init": 68.82622059988552
        },
        {
            "index": 8,
            "element": "H",
            "charge": 0.152762725228214,
            "dipole": [
                0.039418565182539306,
                -0.017634241009545696,
                0.01639397674708775
            ],
            "quadrupole": [
                [
                    -0.4863124065494014,
                    -0.47819515231443094,
                    -0.0031740222066131696
                ],
                [
                    -0.47819515231443094,
                    0.005266398743348648,
                    -0.48170964276032024
                ],
                [
                    -0.0031740222066131696,
                    -0.48170964276032024,
                    -0.0035421899658435417
                ]
            ],
            "volume_eff": 2.70421684194563,
            "alpha_iso": 0.8630479282805202,
            "c6_ii": 0.23908820850915735,
            "c8_ii": 1.5217621642119428,
            "c10_ii": 13.36828085570814,
            "slater_b_init": 69.36161412577692
        },
        {
            "index": 9,
            "element": "H",
            "charge": 0.1585811428756081,
            "dipole": [
                -0.01315791547150619,
                0.04204102459106193,
                0.019760351406096072
            ],
            "quadrupole": [
                [
                    -0.47129986130810475,
                    -0.4800136919660931,
                    -0.002985917399329674
                ],
                [
                    -0.4800136919660931,
                    0.0029877726104935256,
                    -0.4759984040468317
                ],
                [
                    -0.002985917399329674,
                    -0.4759984040468317,
                    -0.0017341109905080919
                ]
            ],
            "volume_eff": 2.6633077826594524,
            "alpha_iso": 0.8499918455296125,
            "c6_ii": 0.23190913054491055,
            "c8_ii": 1.4611440539543739,
            "c10_ii": 12.705986146707472,
            "slater_b_init": 69.71494827649695
        },
        {
            "index": 10,
            "element": "H",
            "charge": 0.09590452907637914,
            "dipole": [
                0.005808340501094839,
                0.006702949892824717,
                0.0678360519584185
            ],
            "quadrupole": [
                [
                    -0.507215024190901,
                    -0.5332901891770936,
                    -0.0031386616790408032
                ],
                [
                    -0.5332901891770936,
                    0.0013564104863771523,
                    -0.5333218130894277
                ],
                [
                    -0.0031386616790408032,
                    -0.5333218130894277,
                    0.005390829166725458
                ]
            ],
            "volume_eff": 2.9785536644750237,
            "alpha_iso": 0.9506022333430927,
            "c6_ii": 0.2900587624315897,
            "c8_ii": 1.9690219508777715,
            "c10_ii": 18.44825448229294,
            "slater_b_init": 67.16317512878227
        },
        {
            "index": 11,
            "element": "H",
            "charge": 0.08598750313894843,
            "dipole": [
                0.015906854149185346,
                -0.05342099012527036,
                -0.03417544463552207
            ],
            "quadrupole": [
                [
                    -0.5098793841085687,
                    -0.5383306428562725,
                    -0.0037782700579914105
                ],
                [
                    -0.5383306428562725,
                    -0.0028316521726117687,
                    -0.5320347165346296
                ],
                [
                    -0.0037782700579914105,
                    -0.5320347165346296,
                    0.0038809561559079455
                ]
            ],
            "volume_eff": 2.9769147020964226,
            "alpha_iso": 0.9500791602435391,
            "c6_ii": 0.28973963801179975,
            "c8_ii": 1.9661340407053085,
            "c10_ii": 18.414438752924173,
            "slater_b_init": 67.1754985948593
        },
        {
            "index": 12,
            "element": "H",
            "charge": 0.16281515026482685,
            "dipole": [
                -0.019486436637735874,
                0.036138230195009245,
                0.023630526148795645
            ],
            "quadrupole": [
                [
                    -0.4541742038756274,
                    -0.4682672161978742,
                    -0.0036363656587735747
                ],
                [
                    -0.4682672161978742,
                    0.00598253426244822,
                    -0.46218672434256114
                ],
                [
                    -0.0036363656587735747,
                    -0.46218672434256114,
                    0.0010938031439312115
                ]
            ],
            "volume_eff": 2.5475613596950653,
            "alpha_iso": 0.8130514977750208,
            "c6_ii": 0.2121897677640657,
            "c8_ii": 1.2978818369773508,
            "c10_ii": 10.95685784598073,
            "slater_b_init": 70.75516442181045
        },
        {
            "index": 13,
            "element": "H",
            "charge": 0.156162534347127,
            "dipole": [
                -0.0004889629383988497,
                -0.0027790220956859456,
                -0.04694552089207281
            ],
            "quadrupole": [
                [
                    -0.4627088750684037,
                    -0.4684302456053763,
                    0.0008435426631891029
                ],
                [
                    -0.4684302456053763,
                    0.003671628450716434,
                    -0.48157390562518804
                ],
                [
                    0.0008435426631891029,
                    -0.48157390562518804,
                    0.001476346308019314
                ]
            ],
            "volume_eff": 2.616266562054592,
            "alpha_iso": 0.8349786900174231,
            "c6_ii": 0.22378919422671,
            "c8_ii": 1.3933323533308513,
            "c10_ii": 11.973206854850476,
            "slater_b_init": 70.1303003175423
        },
        {
            "index": 14,
            "element": "H",
            "charge": 0.13561359007251628,
            "dipole": [
                0.022025342203350565,
                -0.03986139310535518,
                -0.023135012932400452
            ],
            "quadrupole": [
                [
                    -0.496387661933441,
                    -0.5016141159630892,
                    -0.003806910029110966
                ],
                [
                    -0.5016141159630892,
                    0.006164199225866426,
                    -0.49913664012030645
                ],
                [
                    -0.003806910029110966,
                    -0.49913664012030645,
                    -0.0030532523973214676
                ]
            ],
            "volume_eff": 2.826130034626201,
            "alpha_iso": 0.9019563940296387,
            "c6_ii": 0.2611315895679589,
            "c8_ii": 1.711650618543303,
            "c10_ii": 15.484992001451614,
            "slater_b_init": 68.34954828418385
        },
        {
            "index": 15,
            "element": "H",
            "charge": 0.1362799469188044,
            "dipole": [
                -0.03999067897931854,
                0.021097564282694645,
                -0.022739080706421597
            ],
            "quadrupole": [
                [
                    -0.5013322240255695,
                    -0.48936948712008316,
                    -0.003909003221922184
                ],
                [
                    -0.48936948712008316,
                    0.004925289831290431,
                    -0.49713212847634997
                ],
                [
                    -0.003909003221922184,
                    -0.49713212847634997,
                    -0.0036376493301911827
                ]
            ],
            "volume_eff": 2.7942163917013834,
            "alpha_iso": 0.891771188840867,
            "c6_ii": 0.2552673109186789,
            "c8_ii": 1.6605916226745323,
            "c10_ii": 14.909759459399398,
            "slater_b_init": 68.60877790828911
        },
        {
            "index": 16,
            "element": "H",
            "charge": 0.1385262927919223,
            "dipole": [
                0.0026577696718359098,
                0.002268639856939216,
                0.05093787686066557
            ],
            "quadrupole": [
                [
                    -0.4912609445700723,
                    -0.48895694004408274,
                    0.001641933100752812
                ],
                [
                    -0.48895694004408274,
                    0.006145617555036628,
                    -0.5006457400360413
                ],
                [
                    0.001641933100752812,
                    -0.5006457400360413,
                    0.000949409508443352
                ]
            ],
            "volume_eff": 2.7814765363162866,
            "alpha_iso": 0.8877052775477511,
            "c6_ii": 0.25294490314122686,
            "c8_ii": 1.6404782693082653,
            "c10_ii": 14.684365507903456,
            "slater_b_init": 68.71336682030561
        }
    ]
}