{
    "molecule": "CCarb_1037",
    "atoms": [
        {
            "index": 0,
            "element": "C",
            "charge": -0.4135555490058582,
            "dipole": [
                0.07785743119696172,
                0.0062771540641037805,
                0.03015985736682542
            ],
            "quadrupole": [
                [
                    -5.091683045348755,
                    -5.00872769708714,
                    -0.00043974324817497106
                ],
                [
                    -5.00872769708714,
                    0.014953697279013611,
                    -5.031928613077037
                ],
                [
                    -0.00043974324817497106,
                    -5.031928613077037,
                    -0.0348166339843366
                ]
            ],
            "volume_eff": 37.950205464236,
            "alpha_iso": 11.921530512325443,
            "c6_ii": 45.99254626836032,
            "c8_ii": 1326.5872476136262,
            "c10_ii": 47940.06759914458,
            "slater_b_init": 35.07662405932966
        },
        {
            "index": 1,
            "element": "C",
            "charge": -0.2608254706406905,
            "dipole": [
                -0.05733461699122591,
                0.01695464291295658,
                -0.05750368370058192
            ],
            "quadrupole": [
                [
                    -4.812093453027118,
                    -4.677260701493658,
                    0.002409697263764368
                ],
                [
                    -4.677260701493658,
                    -0.01729297819119529,
                    -4.800254501719063
                ],
                [
                    0.002409697263764368,
                    -4.800254501719063,
                    -0.032534022128664956
                ]
            ],
            "volume_eff": 35.457279232463314,
            "alpha_iso": 11.138412324334023,
            "c6_ii": 40.148563030419616,
            "c8_ii": 1106.7407158215349,
            "c10_ii": 38224.008480000906,
            "slater_b_init": 35.880131782692786
        },
        {
            "index": 2,
            "element": "C",
            "charge": 0.09975781683213292,
            "dipole": [
                -0.0857032344442911,
                0.10219352541436752,
                -0.03129381569476952
            ],
            "quadrupole": [
                [
                    -4.193038128463322,
                    -4.079877256813106,
                    -0.02623415187805796
                ],
                [
                    -4.079877256813106,
                    -0.0671503956123485,
                    -4.2119485599966024
                ],
                [
                    -0.02623415187805796,
                    -4.2119485599966024,
                    0.022808475409413387
                ]
            ],
            "volume_eff": 30.17055433432278,
            "alpha_iso": 9.477661047431239,
            "c6_ii": 29.06871073706796,
            "c8_ii": 719.5377325233345,
            "c10_ii": 22314.94578143151,
            "slater_b_init": 37.86413751691586
        },
        {
            "index": 3,
            "element": "O",
            "charge": -0.40706994102245986,
            "dipole": [
                -0.06413337315212446,
                -0.07000056282569182,
                0.031119597642708826
            ],
            "quadrupole": [
                [
                    -4.094986061092546,
                    -4.0167206816150545,
                    -0.025744349920598826
                ],
                [
                    -4.0167206816150545,
                    0.04780684999145847,
                    -4.07278334941577
                ],
                [
                    -0.025744349920598826,
                    -4.07278334941577,
                    -0.0192549243556991
                ]
            ],
            "volume_eff": 23.106918769199726,
            "alpha_iso": 6.8937768703689795,
            "c6_ii": 25.42444748969737,
            "c8_ii": 1035.6897078587158,
            "c10_ii": 40627.24573118582,
            "slater_b_init": 34.10729177820415
        },
        {
            "index": 4,
            "element": "C",
            "charge": 0.9682828328302566,
            "dipole": [
                -0.0057307873478894145,
                -0.026324205560660386,
                0.011706315958970431
            ],
            "quadrupole": [
                [
                    -2.918154039453883,
                    -2.950470010961967,
                    0.07664114765341286
                ],
                [
                    -2.950470010961967,
                    -0.008872018240223512,
                    -2.835967511263116
                ],
                [
                    0.07664114765341286,
                    -2.835967511263116,
                    0.000540833188157562
                ]
            ],
            "volume_eff": 19.619516175182795,
            "alpha_iso": 6.163198798486741,
            "c6_ii": 12.292374343212138,
            "c8_ii": 228.3846526830897,
            "c10_ii": 5316.337144710645,
            "slater_b_init": 43.70452463680319
        },
        {
            "index": 5,
            "element": "O",
            "charge": -0.6091660010984157,
            "dipole": [
                0.028679736309947683,
                0.14911803602221727,
                -0.07417757369614078
            ],
            "quadrupole": [
                [
                    -4.464226520334921,
                    -4.389980231056038,
                    0.03656726554138739
                ],
                [
                    -4.389980231056038,
                    0.002703274914523652,
                    -4.336690593892664
                ],
                [
                    0.03656726554138739,
                    -4.336690593892664,
                    -0.015074310731748888
                ]
            ],
            "volume_eff": 25.744537737219034,
            "alpha_iso": 7.680690816628884,
            "c6_ii": 31.56004726207466,
            "c8_ii": 1381.6917206457567,
            "c10_ii": 58249.774623628706,
            "slater_b_init": 32.90027663524988
        },
        {
            "index": 6,
            "element": "O",
            "charge": -0.3953348377775221,
            "dipole": [
                0.04661207221733868,
                -0.0829479651148228,
                0.040565897243391366
            ],
            "quadrupole": [
                [
                    -4.091797125122472,
                    -3.9922604464997424,
                    -0.04351755723238236
                ],
                [
                    -3.9922604464997424,
                    -0.009414917680526907,
                    -4.0359708984751075
                ],
                [
                    -0.04351755723238236,
                    -4.0359708984751075,
                    0.008658068372136467
                ]
            ],
            "volume_eff": 22.926397618814175,
            "alpha_iso": 6.83991973157992,
            "c6_ii": 25.028745890861405,
            "c8_ii": 1014.2532642624483,
            "c10_ii": 39578.86382791468,
            "slater_b_init": 34.19657746810534
        },
        {
            "index": 7,
            "element": "C",
            "charge": 0.13709075380004876,
            "dipole": [
                0.12055951800104948,
                0.04846765695753032,
                -0.05527078803308798
            ],
            "quadrupole": [
                [
                    -4.0703273916284095,
                    -4.108879806583773,
                    -0.03590117717499021
                ],
                [
                    -4.108879806583773,
                    0.06558930752667878,
                    -4.095979841391065
                ],
                [
                    -0.03590117717499021,
                    -4.095979841391065,
                    -0.062308730310092444
                ]
            ],
            "volume_eff": 29.544162349716945,
            "alpha_iso": 9.28088869624616,
            "c6_ii": 27.874209073835523,
            "c8_ii": 680.3869114039078,
            "c10_ii": 20807.687056688083,
            "slater_b_init": 38.129865347360436
        },
        {
            "index": 8,
            "element": "C",
            "charge": -0.38692006428291226,
            "dipole": [
                0.03581910871096974,
                0.049962258217454814,
                0.00523793120114017
            ],
            "quadrupole": [
                [
                    -5.011873094186825,
                    -4.986465765578794,
                    -0.04588888197547345
                ],
                [
                    -4.986465765578794,
                    0.041704022574146404,
                    -4.992484247806039
                ],
                [
                    -0.04588888197547345,
                    -4.992484247806039,
                    -0.07540641390822245
                ]
            ],
            "volume_eff": 37.65575401990336,
            "alpha_iso": 11.829032676409431,
            "c6_ii": 45.281612883163845,
            "c8_ii": 1299.3168273397944,
            "c10_ii": 46711.38002826476,
            "slater_b_init": 35.167814707734514
        },
        {
            "index": 9,
            "element": "C",
            "charge": 0.10296920365608386,
            "dipole": [
                0.039401524146037856,
                0.08836070106474846,
                -0.10778430553996068
            ],
            "quadrupole": [
                [
                    -4.203320024802819,
                    -4.134993031434715,
                    -0.0023562489886542605
                ],
                [
                    -4.134993031434715,
                    0.020704048877041498,
                    -4.200826032273548
                ],
                [
                    -0.0023562489886542605,
                    -4.200826032273548,
                    -0.06264791185410892
                ]
            ],
            "volume_eff": 30.42056170705416,
            "alpha_iso": 9.556197394886123,
            "c6_ii": 29.552460715911938,
            "c8_ii": 735.5475351896142,
            "c10_ii": 22937.300275994963,
            "slater_b_init": 37.76012491696431
        },
        {
            "index": 10,
            "element": "O",
            "charge": -0.3367458687629785,
            "dipole": [
                0.01721241274350691,
                -0.01546376830985748,
                0.06664699119796146
            ],
            "quadrupole": [
                [
                    -3.9043798571575907,
                    -4.038431467685456,
                    -0.008869381120041684
                ],
                [
                    -4.038431467685456,
                    0.03973393964795062,
                    -4.066344238743236
                ],
                [
                    -0.008869381120041684,
                    -4.066344238743236,
                    -0.003101381000864542
                ]
            ],
            "volume_eff": 22.714942271943976,
            "alpha_iso": 6.7768336059943355,
            "c6_ii": 24.569183473388655,
            "c8_ii": 989.498772949305,
            "c10_ii": 38375.08763915642,
            "slater_b_init": 34.302362847028384
        },
        {
            "index": 11,
            "element": "C",
            "charge": -0.10542323012806065,
            "dipole": [
                -0.13299778050967795,
                4.203133137650959e-05,
                -0.07620200953928252
            ],
            "quadrupole": [
                [
                    -4.496150915266009,
                    -4.5706667758781645,
                    0.016842250319980576
                ],
                [
                    -4.5706667758781645,
                    -0.009256101550808764,
                    -4.5671766370551445
                ],
                [
                    0.016842250319980576,
                    -4.5671766370551445,
                    0.05428316725746065
                ]
            ],
            "volume_eff": 33.63344689999561,
            "alpha_iso": 10.565480701569301,
            "c6_ii": 36.124508488985235,
            "c8_ii": 961.3653727218455,
            "c10_ii": 32054.53369770606,
            "slater_b_init": 36.517303920493745
        },
        {
            "index": 12,
            "element": "H",
            "charge": 0.13541991206304038,
            "dipole": [
                -0.025992064749327793,
                -0.01582326919244746,
                0.038630295080512043
            ],
            "quadrupole": [
                [
                    -0.49707397355150024,
                    -0.5008172284082776,
                    8.629155009286421e-05
                ],
                [
                    -0.5008172284082776,
                    -0.0019424114844411484,
                    -0.4959948392549967
                ],
                [
                    8.629155009286421e-05,
                    -0.4959948392549967,
                    0.008301464038421092
                ]
            ],
            "volume_eff": 2.8109258305908322,
            "alpha_iso": 0.8971039884864358,
            "c6_ii": 0.2583294409890747,
            "c8_ii": 1.6872047019875684,
            "c10_ii": 15.209040100434871,
            "slater_b_init": 68.47256023630251
        },
        {
            "index": 13,
            "element": "H",
            "charge": 0.1533579155539413,
            "dipole": [
                -0.003334519162708839,
                0.048723003835958026,
                -0.011668364463897667
            ],
            "quadrupole": [
                [
                    -0.470451993123153,
                    -0.48110184199493816,
                    0.003092131059466872
                ],
                [
                    -0.48110184199493816,
                    0.0036732167667827167,
                    -0.47856464597284726
                ],
                [
                    0.003092131059466872,
                    -0.47856464597284726,
                    0.003049779866057545
                ]
            ],
            "volume_eff": 2.66035362124142,
            "alpha_iso": 0.8490490280557723,
            "c6_ii": 0.2313949451000462,
            "c8_ii": 1.4568261486980316,
            "c10_ii": 12.659068319658939,
            "slater_b_init": 69.74074347209765
        },
        {
            "index": 14,
            "element": "H",
            "charge": 0.12999438379868344,
            "dipole": [
                0.0061548792597412106,
                -0.03016243729928086,
                -0.03580856822238725
            ],
            "quadrupole": [
                [
                    -0.49768216821463807,
                    -0.5085994173581424,
                    -0.0037862492722000158
                ],
                [
                    -0.5085994173581424,
                    -0.0024592340410399703,
                    -0.5128432500129306
                ],
                [
                    -0.0037862492722000158,
                    -0.5128432500129306,
                    0.003474318438738874
                ]
            ],
            "volume_eff": 2.8820253972997887,
            "alpha_iso": 0.9197953395637624,
            "c6_ii": 0.27156308807115603,
            "c8_ii": 1.8034200328775092,
            "c10_ii": 16.52963240833951,
            "slater_b_init": 67.9047926893433
        },
        {
            "index": 15,
            "element": "H",
            "charge": 0.13286396812529078,
            "dipole": [
                -0.01510499531833372,
                0.037809435086939104,
                0.030886969345040826
            ],
            "quadrupole": [
                [
                    -0.4847926285096507,
                    -0.4982062359596551,
                    -0.006198428208565713
                ],
                [
                    -0.4982062359596551,
                    0.00021138207871475547,
                    -0.5021047949651597
                ],
                [
                    -0.006198428208565713,
                    -0.5021047949651597,
                    -0.005508160760593723
                ]
            ],
            "volume_eff": 2.790139887688638,
            "alpha_iso": 0.8904701769219058,
            "c6_ii": 0.25452303130457515,
            "c8_ii": 1.6541390743323618,
            "c10_ii": 14.83737624326134,
            "slater_b_init": 68.64217502222205
        },
        {
            "index": 16,
            "element": "H",
            "charge": 0.12884340505027592,
            "dipole": [
                -0.0004167606020797671,
                -0.0488097797790461,
                0.008868881776830373
            ],
            "quadrupole": [
                [
                    -0.48649320065430945,
                    -0.5067523811360648,
                    0.0030476599718193883
                ],
                [
                    -0.5067523811360648,
                    0.007807358750776279,
                    -0.4989542667772401
                ],
                [
                    0.0030476599718193883,
                    -0.4989542667772401,
                    -0.004237411230929768
                ]
            ],
            "volume_eff": 2.797922628818939,
            "alpha_iso": 0.8929540304741295,
            "c6_ii": 0.25594493103752847,
            "c8_ii": 1.6664717219026992,
            "c10_ii": 14.975782341351618,
            "slater_b_init": 68.578470570514
        },
        {
            "index": 17,
            "element": "H",
            "charge": 0.10637148836028787,
            "dipole": [
                -0.008586083842562653,
                -0.028601088366762964,
                -0.04641558066483826
            ],
            "quadrupole": [
                [
                    -0.49523551806238153,
                    -0.49535431250648043,
                    -0.013413156021844987
                ],
                [
                    -0.49535431250648043,
                    -0.0022244725265123137,
                    -0.5118796641897443
                ],
                [
                    -0.013413156021844987,
                    -0.5118796641897443,
                    -0.0002696527949298924
                ]
            ],
            "volume_eff": 2.795994948347211,
            "alpha_iso": 0.8923388133023014,
            "c6_ii": 0.25559237655394745,
            "c8_ii": 1.6634117555677859,
            "c10_ii": 14.941417171568297,
            "slater_b_init": 68.59422727629011
        },
        {
            "index": 18,
            "element": "H",
            "charge": 0.09608630071458646,
            "dipole": [
                0.005606523435763745,
                0.019951555984951845,
                0.05271449229636971
            ],
            "quadrupole": [
                [
                    -0.5072221997078782,
                    -0.5055978427800388,
                    -0.01067102528393737
                ],
                [
                    -0.5055978427800388,
                    0.003610053278627333,
                    -0.5290646362554228
                ],
                [
                    -0.01067102528393737,
                    -0.5290646362554228,
                    -0.002725343640610393
                ]
            ],
            "volume_eff": 2.895668203699936,
            "alpha_iso": 0.9241494267127456,
            "c6_ii": 0.2741402004349494,
            "c8_ii": 1.8262751347952422,
            "c10_ii": 16.791900079708572,
            "slater_b_init": 67.79798134093558
        },
        {
            "index": 19,
            "element": "H",
            "charge": 0.16421338707935618,
            "dipole": [
                0.01765215034063903,
                -0.0036863233559542123,
                -0.04447821978380907
            ],
            "quadrupole": [
                [
                    -0.4611121275431452,
                    -0.46148326333325973,
                    -0.0033422962720100124
                ],
                [
                    -0.46148326333325973,
                    -0.005421184688204519,
                    -0.4754998369111125
                ],
                [
                    -0.0033422962720100124,
                    -0.4754998369111125,
                    0.0008827624993051206
                ]
            ],
            "volume_eff": 2.5971776845738974,
            "alpha_iso": 0.8288864950767758,
            "c6_ii": 0.22053547363873097,
            "c8_ii": 1.366387395352513,
            "c10_ii": 11.684480079851873,
            "slater_b_init": 70.30169691649087
        },
        {
            "index": 20,
            "element": "H",
            "charge": 0.15182242384299638,
            "dipole": [
                -0.022869522397950464,
                -0.030748594098594643,
                0.02554037876206828
            ],
            "quadrupole": [
                [
                    -0.47612738914531816,
                    -0.4771919480012755,
                    0.0014696006412240519
                ],
                [
                    -0.4771919480012755,
                    -0.009473555942361008,
                    -0.480139663263769
                ],
                [
                    0.0014696006412240519,
                    -0.480139663263769,
                    0.005938309019491998
                ]
            ],
            "volume_eff": 2.672477508153906,
            "alpha_iso": 0.8529183536661401,
            "c6_ii": 0.2335087983769695,
            "c8_ii": 1.4745977610268075,
            "c10_ii": 12.852394462567311,
            "slater_b_init": 69.6351222875545
        },
        {
            "index": 21,
            "element": "H",
            "charge": 0.060062353821668246,
            "dipole": [
                -0.00798694800119334,
                0.0337992556680674,
                0.047788534820227636
            ],
            "quadrupole": [
                [
                    -0.5563323606205662,
                    -0.5676965396978525,
                    -0.011715247118905073
                ],
                [
                    -0.5676965396978525,
                    0.00968116433210803,
                    -0.5813174185104981
                ],
                [
                    -0.011715247118905073,
                    -0.5813174185104981,
                    -0.005237963237929761
                ]
            ],
            "volume_eff": 3.3199523198377077,
            "alpha_iso": 1.0595592510120344,
            "c6_ii": 0.36036186378437984,
            "c8_ii": 2.629789603084374,
            "c10_ii": 26.48764448505534,
            "slater_b_init": 64.777236051099
        },
        {
            "index": 22,
            "element": "H",
            "charge": 0.0618234009970694,
            "dipole": [
                0.019905236700955006,
                -0.05713658378145337,
                -0.012725573298837526
            ],
            "quadrupole": [
                [
                    -0.5543949876648433,
                    -0.5717790461600677,
                    0.000968666690412681
                ],
                [
                    -0.5717790461600677,
                    0.014638471817272687,
                    -0.5604784413980374
                ],
                [
                    0.000968666690412681,
                    -0.5604784413980374,
                    -0.00770004689363746
                ]
            ],
            "volume_eff": 3.2608044025809724,
            "alpha_iso": 1.0406822561428635,
            "c6_ii": 0.34763590758661256,
            "c8_ii": 2.5066983574448414,
            "c10_ii": 24.947077672431078,
            "slater_b_init": 65.16655747468636
        },
        {
            "index": 23,
            "element": "H",
            "charge": 0.07937081678349212,
            "dipole": [
                -0.010967009212448529,
                0.033022238205719825,
                0.04606305442415717
            ],
            "quadrupole": [
                [
                    -0.5355266091390586,
                    -0.558146912240254,
                    -0.0005953890893376137
                ],
                [
                    -0.558146912240254,
                    -0.001955862720826478,
                    -0.5662698100977508
                ],
                [
                    -0.0005953890893376137,
                    -0.5662698100977508,
                    0.009969484706661237
                ]
            ],
            "volume_eff": 3.2135787537668126,
            "alpha_iso": 1.0256102405638765,
            "c6_ii": 0.33763932721341733,
            "c8_ii": 2.411052163173502,
            "c10_ii": 23.76294931685521,
            "slater_b_init": 65.48422816975192
        },
        {
            "index": 24,
            "element": "H",
            "charge": 0.11932828101987747,
            "dipole": [
                0.027712948866736052,
                0.03340979287384464,
                -0.0419997016588645
            ],
            "quadrupole": [
                [
                    -0.488350599554913,
                    -0.5053978001438857,
                    -0.0005516841577199331
                ],
                [
                    -0.5053978001438857,
                    -0.000311437001741392,
                    -0.4981516450491175
                ],
                [
                    -0.0005516841577199331,
                    -0.4981516450491175,
                    0.010732425109664684
                ]
            ],
            "volume_eff": 2.7738100398416674,
            "alpha_iso": 0.8852585233537237,
            "c6_ii": 0.25155245657321973,
            "c8_ii": 1.6284483506168743,
            "c10_ii": 14.549885291622914,
            "slater_b_init": 68.77661390533503
        },
        {
            "index": 25,
            "element": "H",
            "charge": 0.07567464062378215,
            "dipole": [
                0.017992317500684883,
                -0.05478502412241916,
                -0.0015464271926286803
            ],
            "quadrupole": [
                [
                    -0.5442023063963722,
                    -0.5713161532470504,
                    0.007075490164152674
                ],
                [
                    -0.5713161532470504,
                    0.006222125280913971,
                    -0.5602292112366398
                ],
                [
                    0.007075490164152674,
                    -0.5602292112366398,
                    0.01078134431346004
                ]
            ],
            "volume_eff": 3.2547286466597223,
            "alpha_iso": 1.0387431851041666,
            "c6_ii": 0.34634163604455653,
            "c8_ii": 2.49426261282193,
            "c10_ii": 24.792470486659546,
            "slater_b_init": 65.20708210051643
        }
    ]
}