{
    "molecule": "EMC",
    "atoms": [
        {
            "index": 0,
            "element": "C",
            "charge": -0.4966125024194472,
            "dipole": [
                0.022806196121302254,
                -0.025624051458278795,
                0.03979498975377961
            ],
            "quadrupole": [
                [
                    -5.147612153439201,
                    -5.172112404941109,
                    0.035461209578391904
                ],
                [
                    -5.172112404941109,
                    0.020361809856768585,
                    -5.177655271975457
                ],
                [
                    0.035461209578391904,
                    -5.177655271975457,
                    0.0028929826064798907
                ]
            ],
            "volume_eff": 38.92820342600711,
            "alpha_iso": 12.228755002934168,
            "c6_ii": 48.393598053856216,
            "c8_ii": 1419.721296227593,
            "c10_ii": 52183.4442779642,
            "slater_b_init": 34.780384455328566
        },
        {
            "index": 1,
            "element": "C",
            "charge": 0.11652557589306412,
            "dipole": [
                0.1086804063888831,
                0.10818027308880016,
                -0.0005009713242012543
            ],
            "quadrupole": [
                [
                    -4.057251662476271,
                    -4.138465862645751,
                    0.07074599578132008
                ],
                [
                    -4.138465862645751,
                    0.03133452563661639,
                    -4.141564617239113
                ],
                [
                    0.07074599578132008,
                    -4.141564617239113,
                    0.03979482427126742
                ]
            ],
            "volume_eff": 29.56951047327444,
            "alpha_iso": 9.288851457573124,
            "c6_ii": 27.922060286666653,
            "c8_ii": 681.944702712189,
            "c10_ii": 20867.25482790113,
            "slater_b_init": 38.118966769357485
        },
        {
            "index": 2,
            "element": "O",
            "charge": -0.4361908028611694,
            "dipole": [
                -0.10003256165185978,
                0.010793151171686265,
                -0.008904062705118544
            ],
            "quadrupole": [
                [
                    -4.072411778996295,
                    -4.128705710946508,
                    -0.022655921627075176
                ],
                [
                    -4.128705710946508,
                    -0.0020099645831917284,
                    -4.12288164309851
                ],
                [
                    -0.022655921627075176,
                    -4.12288164309851,
                    0.01591112511306414
                ]
            ],
            "volume_eff": 23.46091103768496,
            "alpha_iso": 6.999387823397723,
            "c6_ii": 26.209406943632423,
            "c8_ii": 1078.5423945367231,
            "c10_ii": 42739.24354602081,
            "slater_b_init": 33.934877942868695
        },
        {
            "index": 3,
            "element": "C",
            "charge": 1.0069844244439334,
            "dipole": [
                -0.0011214228657220784,
                0.028398212742212228,
                0.028310605936048918
            ],
            "quadrupole": [
                [
                    -2.856599251926654,
                    -2.8075792804439073,
                    -0.08239585658085599
                ],
                [
                    -2.8075792804439073,
                    -0.011032242371187924,
                    -2.8300686442620866
                ],
                [
                    -0.08239585658085599,
                    -2.8300686442620866,
                    0.010616074467674907
                ]
            ],
            "volume_eff": 18.986260447461067,
            "alpha_iso": 5.9642702976317485,
            "c6_ii": 11.51166278151176,
            "c8_ii": 209.2521641559273,
            "c10_ii": 4765.586066287385,
            "slater_b_init": 44.18511814991032
        },
        {
            "index": 4,
            "element": "O",
            "charge": -0.6538589179739134,
            "dipole": [
                0.002424445470786819,
                -0.1028015899509626,
                -0.12423542697939859
            ],
            "quadrupole": [
                [
                    -4.4914338921447845,
                    -4.434091800641692,
                    -0.0366168704653766
                ],
                [
                    -4.434091800641692,
                    -0.009049230820618573,
                    -4.441370772002
                ],
                [
                    -0.0366168704653766,
                    -4.441370772002,
                    0.012884942338305037
                ]
            ],
            "volume_eff": 26.18730292430836,
            "alpha_iso": 7.812786507804704,
            "c6_ii": 32.65494770431925,
            "c8_ii": 1445.971119363999,
            "c10_ii": 61656.63642576443,
            "slater_b_init": 32.71379980843252
        },
        {
            "index": 5,
            "element": "O",
            "charge": -0.4103634057311787,
            "dipole": [
                0.11087897119633493,
                0.00417144119126199,
                -0.006965281719820011
            ],
            "quadrupole": [
                [
                    -4.021564673712321,
                    -4.091157882707368,
                    -0.0212494784512065
                ],
                [
                    -4.091157882707368,
                    -0.0047855906659423275,
                    -4.0972784588402025
                ],
                [
                    -0.0212494784512065,
                    -4.0972784588402025,
                    -0.01033088958450411
                ]
            ],
            "volume_eff": 23.142775855101206,
            "alpha_iso": 6.904474564505333,
            "c6_ii": 25.503415520770133,
            "c8_ii": 1039.9810465160822,
            "c10_ii": 40837.77630145883,
            "slater_b_init": 34.089667556145706
        },
        {
            "index": 6,
            "element": "C",
            "charge": -0.10673101887905645,
            "dipole": [
                -0.14171985943464185,
                0.057816689256984376,
                0.08000193994750748
            ],
            "quadrupole": [
                [
                    -4.45337529598406,
                    -4.52628679572563,
                    0.012604137405634794
                ],
                [
                    -4.52628679572563,
                    -0.05688708633715362,
                    -4.508626183582782
                ],
                [
                    0.012604137405634794,
                    -4.508626183582782,
                    -0.07294509225424485
                ]
            ],
            "volume_eff": 32.92110620964306,
            "alpha_iso": 10.341708756955933,
            "c6_ii": 34.61051253221094,
            "c8_ii": 908.0224518718675,
            "c10_ii": 29846.92561623816,
            "slater_b_init": 36.778811588031374
        },
        {
            "index": 7,
            "element": "H",
            "charge": 0.15205387817223381,
            "dipole": [
                -0.040722011862536,
                -0.019313651172177548,
                -0.011175807855712537
            ],
            "quadrupole": [
                [
                    -0.48924562533035454,
                    -0.48026002082213465,
                    -0.0057533426992492035
                ],
                [
                    -0.48026002082213465,
                    -0.002061240270533078,
                    -0.4803387183198415
                ],
                [
                    -0.0057533426992492035,
                    -0.4803387183198415,
                    -0.0012790884941812355
                ]
            ],
            "volume_eff": 2.714099020011277,
            "alpha_iso": 0.866201814897216,
            "c6_ii": 0.2408388294742223,
            "c8_ii": 1.5366368668790258,
            "c10_ii": 13.531817885942203,
            "slater_b_init": 69.2773286451629
        },
        {
            "index": 8,
            "element": "H",
            "charge": 0.14755849320636916,
            "dipole": [
                0.0013706333791628955,
                0.04308807424902683,
                0.01803501148513506
            ],
            "quadrupole": [
                [
                    -0.4886986330361133,
                    -0.49490241381580247,
                    -0.0036145815399685325
                ],
                [
                    -0.49490241381580247,
                    -0.0007151492001889452,
                    -0.47987119589820637
                ],
                [
                    -0.0036145815399685325,
                    -0.47987119589820637,
                    0.0033371527598830453
                ]
            ],
            "volume_eff": 2.7488969689954885,
            "alpha_iso": 0.8773075432964326,
            "c6_ii": 0.24705409461290578,
            "c8_ii": 1.5897371127980744,
            "c10_ii": 14.11883051742832,
            "slater_b_init": 68.98376199972019
        },
        {
            "index": 9,
            "element": "H",
            "charge": 0.15679598458208432,
            "dipole": [
                0.0346464326363511,
                -0.005364327524086032,
                -0.03266286888035547
            ],
            "quadrupole": [
                [
                    -0.47850836601344077,
                    -0.47669433593208815,
                    -0.002357347754917527
                ],
                [
                    -0.47669433593208815,
                    -0.001989559168371588,
                    -0.4782960358094352
                ],
                [
                    -0.002357347754917527,
                    -0.4782960358094352,
                    0.005123693861925507
                ]
            ],
            "volume_eff": 2.678084532646188,
            "alpha_iso": 0.8547078295679325,
            "c6_ii": 0.23448965829682558,
            "c8_ii": 1.4828623203458786,
            "c10_ii": 12.942498430343736,
            "slater_b_init": 69.58649068325893
        },
        {
            "index": 10,
            "element": "H",
            "charge": 0.09472673923751596,
            "dipole": [
                0.00730520786331851,
                -0.06271893088053469,
                -0.028981552810019913
            ],
            "quadrupole": [
                [
                    -0.516187014660219,
                    -0.5318233690251135,
                    7.258665421500338e-05
                ],
                [
                    -0.5318233690251135,
                    0.003455774278053609,
                    -0.5255382636527317
                ],
                [
                    7.258665421500338e-05,
                    -0.5255382636527317,
                    0.01278341759997935
                ]
            ],
            "volume_eff": 2.97461783350503,
            "alpha_iso": 0.9493461170760735,
            "c6_ii": 0.2892927074097884,
            "c8_ii": 1.962091333076854,
            "c10_ii": 18.36712188204514,
            "slater_b_init": 67.19278413154237
        },
        {
            "index": 11,
            "element": "H",
            "charge": 0.09035903801167833,
            "dipole": [
                -0.045000823928595474,
                0.01572229846278056,
                0.04499388458754516
            ],
            "quadrupole": [
                [
                    -0.5101824486383625,
                    -0.5252832547617454,
                    0.001423991737425328
                ],
                [
                    -0.5252832547617454,
                    0.004285048305814402,
                    -0.526172731830996
                ],
                [
                    0.001423991737425328,
                    -0.526172731830996,
                    0.012317760882374873
                ]
            ],
            "volume_eff": 2.929139636279585,
            "alpha_iso": 0.9348317988126337,
            "c6_ii": 0.2805144789364552,
            "c8_ii": 1.883112566672114,
            "c10_ii": 17.44766988339651,
            "slater_b_init": 67.53874769484112
        },
        {
            "index": 12,
            "element": "H",
            "charge": 0.11043689010466418,
            "dipole": [
                -0.004247388915884273,
                0.019038056895783913,
                -0.06026985213535484
            ],
            "quadrupole": [
                [
                    -0.5019807589580585,
                    -0.5193975841831643,
                    0.0006690385397298006
                ],
                [
                    -0.5193975841831643,
                    -0.010662791262755562,
                    -0.5193439000880108
                ],
                [
                    0.0006690385397298006,
                    -0.5193439000880108,
                    -0.006414844523648549
                ]
            ],
            "volume_eff": 2.906629604096616,
            "alpha_iso": 0.9276477459882817,
            "c6_ii": 0.2762196155131559,
            "c8_ii": 1.8447687226297633,
            "c10_ii": 17.004720266909864,
            "slater_b_init": 67.71264803066946
        },
        {
            "index": 13,
            "element": "H",
            "charge": 0.11147871742982529,
            "dipole": [
                0.0029588131044765162,
                -0.0618849672193475,
                0.010311549548218963
            ],
            "quadrupole": [
                [
                    -0.5020088160762239,
                    -0.5185396253020594,
                    -0.0008156698643534214
                ],
                [
                    -0.5185396253020594,
                    -0.0034163746319904797,
                    -0.515541071472078
                ],
                [
                    -0.0008156698643534214,
                    -0.515541071472078,
                    -0.012817016594239663
                ]
            ],
            "volume_eff": 2.8947756923647097,
            "alpha_iso": 0.9238645826695882,
            "c6_ii": 0.27397123388756245,
            "c8_ii": 1.8247744539980475,
            "c10_ii": 16.77465412053451,
            "slater_b_init": 67.80494840338716
        },
        {
            "index": 14,
            "element": "H",
            "charge": 0.11559500776018883,
            "dipole": [
                0.04163737522019493,
                0.03201906853240171,
                0.03243661492242868
            ],
            "quadrupole": [
                [
                    -0.49109396844579295,
                    -0.50798750069328,
                    0.005559937084080793
                ],
                [
                    -0.50798750069328,
                    -0.0070295039799505915,
                    -0.5047399947577882
                ],
                [
                    0.005559937084080793,
                    -0.5047399947577882,
                    -0.010386252058676979
                ]
            ],
            "volume_eff": 2.800667282007452,
            "alpha_iso": 0.8938299836193996,
            "c6_ii": 0.25644732135856124,
            "c8_ii": 1.67083460332254,
            "c10_ii": 15.024807273556242,
            "slater_b_init": 68.55606095416404
        }
    ]
}