{
    "molecule": "Phos_622",
    "atoms": [
        {
            "index": 0,
            "element": "C",
            "charge": -0.5423377302183816,
            "dipole": [
                -0.16523898882415844,
                -0.08574513356958163,
                0.10755905608485082
            ],
            "quadrupole": [
                [
                    -5.472536113448891,
                    -5.228399825026392,
                    0.0836434580644521
                ],
                [
                    -5.228399825026392,
                    -0.09517482745074307,
                    -5.274530394273893
                ],
                [
                    0.0836434580644521,
                    -5.274530394273893,
                    0.1232498287424202
                ]
            ],
            "volume_eff": 40.29233053411303,
            "alpha_iso": 12.657276607574772,
            "c6_ii": 51.84465237654676,
            "c8_ii": 1556.2922999024838,
            "c10_ii": 58531.92807707442,
            "slater_b_init": 34.383364347331955
        },
        {
            "index": 1,
            "element": "C",
            "charge": 0.32786746578463344,
            "dipole": [
                0.2512846300147698,
                0.04211708641394079,
                -0.1406061183217886
            ],
            "quadrupole": [
                [
                    -3.893730803324097,
                    -3.808527054433957,
                    0.035587813006583084
                ],
                [
                    -3.808527054433957,
                    -0.09925106144205165,
                    -3.759296666552223
                ],
                [
                    0.035587813006583084,
                    -3.759296666552223,
                    0.06478041646066247
                ]
            ],
            "volume_eff": 27.098397630354327,
            "alpha_iso": 8.512585643043243,
            "c6_ii": 23.450192554061125,
            "c8_ii": 540.3573922187192,
            "c10_ii": 15600.202679133758,
            "slater_b_init": 39.24412300489912
        },
        {
            "index": 2,
            "element": "O",
            "charge": -0.4679352446867835,
            "dipole": [
                -0.06306481270547414,
                -0.1680528986441542,
                -0.026459874983765733
            ],
            "quadrupole": [
                [
                    -4.0577567450583185,
                    -4.107967006653198,
                    -0.020516429585032945
                ],
                [
                    -4.107967006653198,
                    -0.013905805818177098,
                    -4.040385534939141
                ],
                [
                    -0.020516429585032945,
                    -4.040385534939141,
                    -0.0032809012642579984
                ]
            ],
            "volume_eff": 22.90732314035241,
            "alpha_iso": 6.834229003199062,
            "c6_ii": 24.987116003546262,
            "c8_ii": 1012.0045677656913,
            "c10_ii": 39469.20658492053,
            "slater_b_init": 34.206066441167955
        },
        {
            "index": 3,
            "element": "P",
            "charge": 1.7448267928356742,
            "dipole": [
                -0.00116453552690568,
                -0.031117054698184786,
                -0.08899682565433889
            ],
            "quadrupole": [
                [
                    -6.328487514661343,
                    -6.240682805758745,
                    -0.01590103283729484
                ],
                [
                    -6.240682805758745,
                    0.01715463958408158,
                    -6.276623930051308
                ],
                [
                    -0.01590103283729484,
                    -6.276623930051308,
                    -0.00861798279891227
                ]
            ],
            "volume_eff": 50.35332252282385,
            "alpha_iso": 19.366662508778404,
            "c6_ii": 111.02001455176122,
            "c8_ii": 3543.268870217907,
            "c10_ii": 64043.32107645091,
            "slater_b_init": 35.93152760114947
        },
        {
            "index": 4,
            "element": "O",
            "charge": -0.842759350344437,
            "dipole": [
                0.04266655341623319,
                0.1065167007224131,
                0.3247324188194519
            ],
            "quadrupole": [
                [
                    -4.745263790925562,
                    -4.732129691451004,
                    -0.016000590355386732
                ],
                [
                    -4.732129691451004,
                    0.005522381417489071,
                    -4.779103498763215
                ],
                [
                    -0.016000590355386732,
                    -4.779103498763215,
                    0.000768175059364735
                ]
            ],
            "volume_eff": 28.391483696753266,
            "alpha_iso": 8.470387401241306,
            "c6_ii": 38.38341627376118,
            "c8_ii": 1793.7109665673177,
            "c10_ii": 80718.09143799717,
            "slater_b_init": 31.844313157143464
        },
        {
            "index": 5,
            "element": "O",
            "charge": -0.5520297595841726,
            "dipole": [
                -0.13703440550438784,
                0.12848803685710108,
                -0.08831373065042167
            ],
            "quadrupole": [
                [
                    -4.1925862899488475,
                    -4.221294092387068,
                    0.019110170393649442
                ],
                [
                    -4.221294092387068,
                    -0.0007144677644281079,
                    -4.264421350888522
                ],
                [
                    0.019110170393649442,
                    -4.264421350888522,
                    -0.0284392424599353
                ]
            ],
            "volume_eff": 24.213470651093374,
            "alpha_iso": 7.223908371044432,
            "c6_ii": 27.917822139596524,
            "c8_ii": 1173.2836268639967,
            "c10_ii": 47482.55369286743,
            "slater_b_init": 33.5796038085329
        },
        {
            "index": 6,
            "element": "C",
            "charge": 0.08823076971793853,
            "dipole": [
                0.08607334123689554,
                -0.06317306265349244,
                -0.13925761122109545
            ],
            "quadrupole": [
                [
                    -4.166395200396014,
                    -4.179511585321298,
                    0.05085140343805178
                ],
                [
                    -4.179511585321298,
                    0.013006862164078052,
                    -4.207484929912105
                ],
                [
                    0.05085140343805178,
                    -4.207484929912105,
                    -0.10380691929661186
                ]
            ],
            "volume_eff": 30.283552709654373,
            "alpha_iso": 9.513157919263154,
            "c6_ii": 29.286861733421592,
            "c8_ii": 726.7465778104051,
            "c10_ii": 22594.753808992475,
            "slater_b_init": 37.816984102768416
        },
        {
            "index": 7,
            "element": "C",
            "charge": -0.2957775121493649,
            "dipole": [
                -0.0039940708020345895,
                -0.0571973712168496,
                -0.02807424979507662
            ],
            "quadrupole": [
                [
                    -4.752490767868021,
                    -4.893229158386234,
                    0.005511081360926893
                ],
                [
                    -4.893229158386234,
                    -0.01884752092035501,
                    -4.802933996476001
                ],
                [
                    0.005511081360926893,
                    -4.802933996476001,
                    -0.04427905194318678
                ]
            ],
            "volume_eff": 35.88981559361683,
            "alpha_iso": 11.274287621031464,
            "c6_ii": 41.13406638511971,
            "c8_ii": 1143.1101274072407,
            "c10_ii": 39800.539582947415,
            "slater_b_init": 35.73540894198155
        },
        {
            "index": 8,
            "element": "C",
            "charge": -0.15441408127468748,
            "dipole": [
                -0.01563324610380806,
                0.06819155651758504,
                -0.014772348444411589
            ],
            "quadrupole": [
                [
                    -4.513834048469125,
                    -4.607033949543133,
                    0.0005957401090391352
                ],
                [
                    -4.607033949543133,
                    0.01571034525033354,
                    -4.526338647080632
                ],
                [
                    0.0005957401090391352,
                    -4.526338647080632,
                    -0.03540780694542557
                ]
            ],
            "volume_eff": 33.36547652118131,
            "alpha_iso": 10.48130152497842,
            "c6_ii": 35.551166425279156,
            "c8_ii": 941.0752507667505,
            "c10_ii": 31211.116844543034,
            "slater_b_init": 36.61480464998372
        },
        {
            "index": 9,
            "element": "C",
            "charge": -0.430508812327127,
            "dipole": [
                0.0554291858634904,
                -0.017798586113147694,
                0.05093566339726939
            ],
            "quadrupole": [
                [
                    -5.1233892361282045,
                    -5.10532400828555,
                    0.026260947271497217
                ],
                [
                    -5.10532400828555,
                    0.029174758582645018,
                    -5.113322216343538
                ],
                [
                    0.026260947271497217,
                    -5.113322216343538,
                    -0.046801605603888775
                ]
            ],
            "volume_eff": 38.770823388515794,
            "alpha_iso": 12.179316247701296,
            "c6_ii": 48.00309501796437,
            "c8_ii": 1404.4669776056212,
            "c10_ii": 51483.526197725136,
            "slater_b_init": 34.827381552503866
        },
        {
            "index": 10,
            "element": "O",
            "charge": -0.5469770582272222,
            "dipole": [
                0.18555304818671875,
                0.004039120130733109,
                -0.09426798400392489
            ],
            "quadrupole": [
                [
                    -4.195718860779198,
                    -4.208024992483411,
                    -0.004424736908425827
                ],
                [
                    -4.208024992483411,
                    0.004958041122043231,
                    -4.255766990868509
                ],
                [
                    -0.004424736908425827,
                    -4.255766990868509,
                    0.028163758700899245
                ]
            ],
            "volume_eff": 24.16868863444433,
            "alpha_iso": 7.210547990386706,
            "c6_ii": 27.814651447806867,
            "c8_ii": 1167.5060097098951,
            "c10_ii": 47190.4600576057,
            "slater_b_init": 33.60033082691753
        },
        {
            "index": 11,
            "element": "C",
            "charge": 0.10749916631256973,
            "dipole": [
                -0.0769454846902007,
                0.11209207660429249,
                -0.1146815319982061
            ],
            "quadrupole": [
                [
                    -4.142290071451928,
                    -4.072173724868544,
                    -0.008025595281357732
                ],
                [
                    -4.072173724868544,
                    -0.02872716117702318,
                    -4.168852343607382
                ],
                [
                    -0.008025595281357732,
                    -4.168852343607382,
                    0.09726165958278642
                ]
            ],
            "volume_eff": 29.71216520581513,
            "alpha_iso": 9.333664462559724,
            "c6_ii": 28.19212375808129,
            "c8_ii": 690.7532503677191,
            "c10_ii": 21204.719938676633,
            "slater_b_init": 38.05786298646911
        },
        {
            "index": 12,
            "element": "C",
            "charge": -0.3021863120400301,
            "dipole": [
                -0.02728974953082292,
                0.07355445744341979,
                0.014388732982702414
            ],
            "quadrupole": [
                [
                    -4.800025026208339,
                    -4.859828839701971,
                    -0.033193698311575606
                ],
                [
                    -4.859828839701971,
                    -0.0659332221534044,
                    -4.834065110292298
                ],
                [
                    -0.033193698311575606,
                    -4.834065110292298,
                    0.043451375620291006
                ]
            ],
            "volume_eff": 36.0272461739119,
            "alpha_iso": 11.3174595310718,
            "c6_ii": 41.44969364628523,
            "c8_ii": 1154.8200432418244,
            "c10_ii": 40310.83187862137,
            "slater_b_init": 35.689911931605195
        },
        {
            "index": 13,
            "element": "C",
            "charge": -0.1644802684293314,
            "dipole": [
                -0.08570666454962436,
                0.007503402355336312,
                -0.02626397623683111
            ],
            "quadrupole": [
                [
                    -4.608425717102241,
                    -4.633451798029607,
                    0.012674507685457146
                ],
                [
                    -4.633451798029607,
                    0.007655876383765669,
                    -4.546412521133613
                ],
                [
                    0.012674507685457146,
                    -4.546412521133613,
                    -0.039045893678937835
                ]
            ],
            "volume_eff": 33.93146815415134,
            "alpha_iso": 10.659099943712462,
            "c6_ii": 36.767533201585955,
            "c8_ii": 984.2495024700235,
            "c10_ii": 33011.12874244946,
            "slater_b_init": 36.41007847053788
        },
        {
            "index": 14,
            "element": "C",
            "charge": -0.41047994511090735,
            "dipole": [
                0.03299176078861129,
                -0.08040550055976098,
                0.02287138060146711
            ],
            "quadrupole": [
                [
                    -5.050436619242956,
                    -5.0385323010002665,
                    0.013716334650353774
                ],
                [
                    -5.0385323010002665,
                    0.05914794129034167,
                    -5.02757057193907
                ],
                [
                    0.013716334650353774,
                    -5.02757057193907,
                    -0.026463077791319782
                ]
            ],
            "volume_eff": 37.91904156591705,
            "alpha_iso": 11.91174080604724,
            "c6_ii": 45.91704108902093,
            "c8_ii": 1323.6842615184808,
            "c10_ii": 47808.968739260796,
            "slater_b_init": 35.086230710538665
        },
        {
            "index": 15,
            "element": "H",
            "charge": 0.3033812115135137,
            "dipole": [
                -0.041116794349236346,
                -0.016018198696432378,
                0.02345997919340003
            ],
            "quadrupole": [
                [
                    -0.3286728273303772,
                    -0.3339340468255379,
                    -0.0006292979143035269
                ],
                [
                    -0.3339340468255379,
                    0.00284803355578409,
                    -0.33378465785180156
                ],
                [
                    -0.0006292979143035269,
                    -0.33378465785180156,
                    -0.004771471815384362
                ]
            ],
            "volume_eff": 1.6831338914584169,
            "alpha_iso": 0.5371703908909842,
            "c6_ii": 0.0926216388901147,
            "c8_ii": 0.4297532667175641,
            "c10_ii": 2.7521117651338862,
            "slater_b_init": 81.23817164156452
        },
        {
            "index": 16,
            "element": "H",
            "charge": 0.09948156679091402,
            "dipole": [
                -0.032834122748732604,
                -0.043087506562089095,
                0.03885556489711557
            ],
            "quadrupole": [
                [
                    -0.507945939743396,
                    -0.5130705278180938,
                    0.0022659239910266713
                ],
                [
                    -0.5130705278180938,
                    -0.010440823690093257,
                    -0.5124332304038267
                ],
                [
                    0.0022659239910266713,
                    -0.5124332304038267,
                    -0.0039253031034712504
                ]
            ],
            "volume_eff": 2.8619575128292345,
            "alpha_iso": 0.9133906955837983,
            "c6_ii": 0.2677944028673509,
            "c8_ii": 1.7701275673729313,
            "c10_ii": 16.149080178488926,
            "slater_b_init": 68.06313801848616
        },
        {
            "index": 17,
            "element": "H",
            "charge": 0.0943842951477496,
            "dipole": [
                0.029777924461029313,
                0.05460696433542225,
                0.021098189111027902
            ],
            "quadrupole": [
                [
                    -0.5057659192336695,
                    -0.5211766016276762,
                    0.0008231213766528482
                ],
                [
                    -0.5211766016276762,
                    -0.007784353293853672,
                    -0.5191956680324751
                ],
                [
                    0.0008231213766528482,
                    -0.5191956680324751,
                    -0.006605973734080616
                ]
            ],
            "volume_eff": 2.890540099296546,
            "alpha_iso": 0.9225127976478339,
            "c6_ii": 0.2731700791040107,
            "c8_ii": 1.8176631778890806,
            "c10_ii": 16.69297893713162,
            "slater_b_init": 67.8380510988073
        },
        {
            "index": 18,
            "element": "H",
            "charge": 0.1333075945525728,
            "dipole": [
                -0.03858035469274735,
                0.017222403728916758,
                0.022678858387385113
            ],
            "quadrupole": [
                [
                    -0.495388117748276,
                    -0.499961901470593,
                    -0.0014633232576686634
                ],
                [
                    -0.499961901470593,
                    0.007625654445779403,
                    -0.4918930870879796
                ],
                [
                    -0.0014633232576686634,
                    -0.4918930870879796,
                    0.009531012285631461
                ]
            ],
            "volume_eff": 2.7960138765005995,
            "alpha_iso": 0.892344854202319,
            "c6_ii": 0.2555958371525347,
            "c8_ii": 1.6634417847021374,
            "c10_ii": 14.941754339165723,
            "slater_b_init": 68.59407248867188
        },
        {
            "index": 19,
            "element": "H",
            "charge": 0.13364864931531173,
            "dipole": [
                0.024404136372203854,
                0.015777717768248073,
                -0.037735693066213334
            ],
            "quadrupole": [
                [
                    -0.48738857211281644,
                    -0.4987349810770185,
                    0.00863254333066436
                ],
                [
                    -0.4987349810770185,
                    -0.0011806020916723412,
                    -0.4945212495804948
                ],
                [
                    0.00863254333066436,
                    -0.4945212495804948,
                    0.009386827357385873
                ]
            ],
            "volume_eff": 2.77798643811355,
            "alpha_iso": 0.8865914164192181,
            "c6_ii": 0.25231052878239657,
            "c8_ii": 1.634994903303063,
            "c10_ii": 14.623037295413587,
            "slater_b_init": 68.74213058416034
        },
        {
            "index": 20,
            "element": "H",
            "charge": 0.1059722162356278,
            "dipole": [
                -0.030106364464563627,
                -0.02304147980264068,
                0.035026507750302416
            ],
            "quadrupole": [
                [
                    -0.5142925195685867,
                    -0.5220870555208633,
                    0.006910672586304241
                ],
                [
                    -0.5220870555208633,
                    0.00013259348042528714,
                    -0.5196283628056773
                ],
                [
                    0.006910672586304241,
                    -0.5196283628056773,
                    0.00872789513098015
                ]
            ],
            "volume_eff": 2.935963060835401,
            "alpha_iso": 0.9370094875006598,
            "c6_ii": 0.2818229169299072,
            "c8_ii": 1.894833171511941,
            "c10_ii": 17.58351950093242,
            "slater_b_init": 67.4863852029672
        },
        {
            "index": 21,
            "element": "H",
            "charge": 0.11880589215482584,
            "dipole": [
                0.03683206063108735,
                -0.018274784215955752,
                -0.03307891374508525
            ],
            "quadrupole": [
                [
                    -0.502681229871932,
                    -0.5063622847523795,
                    -0.0006225831448002574
                ],
                [
                    -0.5063622847523795,
                    0.006253937751776313,
                    -0.4992191330916371
                ],
                [
                    -0.0006225831448002574,
                    -0.4992191330916371,
                    0.009828353149095805
                ]
            ],
            "volume_eff": 2.8202693161104126,
            "alpha_iso": 0.9000859519501317,
            "c6_ii": 0.26004966349811537,
            "c8_ii": 1.7022014900579827,
            "c10_ii": 15.378210155586627,
            "slater_b_init": 68.39686058691498
        },
        {
            "index": 22,
            "element": "H",
            "charge": 0.13304130994177044,
            "dipole": [
                -0.013915289897512685,
                -0.043847093458474005,
                -0.015819566029715786
            ],
            "quadrupole": [
                [
                    -0.5016453508854393,
                    -0.5018234686186954,
                    -0.005630493798069606
                ],
                [
                    -0.5018234686186954,
                    -0.006341889175939832,
                    -0.5023482483454931
                ],
                [
                    -0.005630493798069606,
                    -0.5023482483454931,
                    0.00041477443534534443
                ]
            ],
            "volume_eff": 2.8448808497216747,
            "alpha_iso": 0.9079406967196835,
            "c6_ii": 0.26460819787352385,
            "c8_ii": 1.742102209298465,
            "c10_ii": 15.830116938674596,
            "slater_b_init": 68.19905155070285
        },
        {
            "index": 23,
            "element": "H",
            "charge": 0.12879570780958072,
            "dipole": [
                -0.027272910523572128,
                0.021168983645990656,
                0.031122960521594897
            ],
            "quadrupole": [
                [
                    -0.5098914799887696,
                    -0.5129079587370111,
                    -0.005155778435018462
                ],
                [
                    -0.5129079587370111,
                    0.003121719307407925,
                    -0.5023668753764744
                ],
                [
                    -0.005155778435018462,
                    -0.5023668753764744,
                    0.007359721008359836
                ]
            ],
            "volume_eff": 2.8999324738942245,
            "alpha_iso": 0.925510364008795,
            "c6_ii": 0.27494821334666664,
            "c8_ii": 1.8334557833048828,
            "c10_ii": 16.874469740972586,
            "slater_b_init": 67.76473335574691
        },
        {
            "index": 24,
            "element": "H",
            "charge": 0.13207192652374222,
            "dipole": [
                0.027868903236075188,
                0.02478742625276733,
                -0.02792290542085444
            ],
            "quadrupole": [
                [
                    -0.49729524626415766,
                    -0.5101027832891463,
                    0.0032588603007368227
                ],
                [
                    -0.5101027832891463,
                    -0.004488982431336536,
                    -0.5064768020719883
                ],
                [
                    0.0032588603007368227,
                    -0.5064768020719883,
                    0.0057934055377350125
                ]
            ],
            "volume_eff": 2.872651164146387,
            "alpha_iso": 0.9168035630254426,
            "c6_ii": 0.2697993592911088,
            "c8_ii": 1.7878199951226326,
            "c10_ii": 16.351094229967053,
            "slater_b_init": 67.97857635444898
        },
        {
            "index": 25,
            "element": "H",
            "charge": 0.08019945854250299,
            "dipole": [
                -0.014281002201031349,
                -0.06513341024274806,
                -0.010141408563625403
            ],
            "quadrupole": [
                [
                    -0.5196431466294718,
                    -0.539165451785816,
                    -0.0019887298919506954
                ],
                [
                    -0.539165451785816,
                    -0.006648444610357838,
                    -0.5337132886912596
                ],
                [
                    -0.0019887298919506954,
                    -0.5337132886912596,
                    0.004205786114330918
                ]
            ],
            "volume_eff": 2.9987735566920883,
            "alpha_iso": 0.9570553904336453,
            "c6_ii": 0.29401025344827814,
            "c8_ii": 2.00486841264244,
            "c10_ii": 18.869023504379722,
            "slater_b_init": 67.01188039680629
        },
        {
            "index": 26,
            "element": "H",
            "charge": 0.10193123743081967,
            "dipole": [
                0.017118556861531586,
                0.03277915233270883,
                0.05647173040837431
            ],
            "quadrupole": [
                [
                    -0.504083051062994,
                    -0.512684662549164,
                    -0.005086681876458747
                ],
                [
                    -0.512684662549164,
                    -0.009606428811321231,
                    -0.5167367578196884
                ],
                [
                    -0.005086681876458747,
                    -0.5167367578196884,
                    -5.523989939139264e-05
                ]
            ],
            "volume_eff": 2.870744078082371,
            "alpha_iso": 0.9161949185369269,
            "c6_ii": 0.26944125120463014,
            "c8_ii": 1.7846567006122414,
            "c10_ii": 16.31493854730953,
            "slater_b_init": 67.993626145848
        },
        {
            "index": 27,
            "element": "H",
            "charge": 0.13758432597986514,
            "dipole": [
                -0.01682540740890563,
                0.004879298955010705,
                -0.04403992777860654
            ],
            "quadrupole": [
                [
                    -0.48448952369668924,
                    -0.4861240849614332,
                    -0.003289729925999741
                ],
                [
                    -0.4861240849614332,
                    0.0055351263187726355,
                    -0.5004631144767699
                ],
                [
                    -0.003289729925999741,
                    -0.5004631144767699,
                    -0.008153146801058834
                ]
            ],
            "volume_eff": 2.7568605558298307,
            "alpha_iso": 0.879849113562712,
            "c6_ii": 0.2484876052909178,
            "c8_ii": 1.6020480800484984,
            "c10_ii": 14.255633317236942,
            "slater_b_init": 68.91727477813306
        },
        {
            "index": 28,
            "element": "H",
            "charge": 0.12979735718950458,
            "dipole": [
                0.03954758567911194,
                -0.025300113826471595,
                0.017103794552902715
            ],
            "quadrupole": [
                [
                    -0.49706772433815344,
                    -0.5028345605458557,
                    -0.0007053951914961111
                ],
                [
                    -0.5028345605458557,
                    0.00951741841140772,
                    -0.49764763869820716
                ],
                [
                    -0.0007053951914961111,
                    -0.49764763869820716,
                    -0.004162760620859855
                ]
            ],
            "volume_eff": 2.8170568794442743,
            "alpha_iso": 0.8990607062056195,
            "c6_ii": 0.2594575801174892,
            "c8_ii": 1.6970360019977406,
            "c10_ii": 15.319899046011834,
            "slater_b_init": 68.42284954459453
        },
        {
            "index": 29,
            "element": "H",
            "charge": 0.10367813888565625,
            "dipole": [
                0.0036639476489437883,
                0.011855103730794693,
                0.048982951216626214
            ],
            "quadrupole": [
                [
                    -0.5276614165370399,
                    -0.5094890752035396,
                    -0.0030532022141985323
                ],
                [
                    -0.5094890752035396,
                    -0.0015967527764510563,
                    -0.5377994374264982
                ],
                [
                    -0.0030532022141985323,
                    -0.5377994374264982,
                    -0.00288396292905933
                ]
            ],
            "volume_eff": 2.998326734438327,
            "alpha_iso": 0.9569127875867002,
            "c6_ii": 0.29392264394099604,
            "c8_ii": 2.0040719016002404,
            "c10_ii": 18.85965341365911,
            "slater_b_init": 67.01520902138319
        },
        {
            "index": 30,
            "element": "H",
            "charge": 0.10500192892917137,
            "dipole": [
                0.03339025984158984,
                0.001562295461501028,
                -0.03890059988752746
            ],
            "quadrupole": [
                [
                    -0.5321142691081937,
                    -0.5075777343739991,
                    -0.0020636324813122
                ],
                [
                    -0.5075777343739991,
                    -0.0004980072106088641,
                    -0.5228277739089293
                ],
                [
                    -0.0020636324813122,
                    -0.5228277739089293,
                    0.005494694370236587
                ]
            ],
            "volume_eff": 2.960833259237098,
            "alpha_iso": 0.9449467848629037,
            "c6_ii": 0.28661771705915073,
            "c8_ii": 1.9379383100440861,
            "c10_ii": 18.08493777524598,
            "slater_b_init": 67.29689786800124
        },
        {
            "index": 31,
            "element": "H",
            "charge": 0.12250836196377102,
            "dipole": [
                0.033362316973895176,
                0.03536364373792225,
                0.0021575821267894543
            ],
            "quadrupole": [
                [
                    -0.5098792083143467,
                    -0.5198444907342598,
                    -0.0011299790167474425
                ],
                [
                    -0.5198444907342598,
                    -0.006110247849737627,
                    -0.5150848325405709
                ],
                [
                    -0.0011299790167474425,
                    -0.5150848325405709,
                    0.003702044206576504
                ]
            ],
            "volume_eff": 2.94208343638271,
            "alpha_iso": 0.9389627988455458,
            "c6_ii": 0.2829991305927455,
            "c8_ii": 1.9053848449030966,
            "c10_ii": 17.706000285933126,
            "slater_b_init": 67.43955571660842
        },
        {
            "index": 32,
            "element": "H",
            "charge": 0.1302913981027718,
            "dipole": [
                -0.013449862831122893,
                -0.01751980672828733,
                -0.041965320336221044
            ],
            "quadrupole": [
                [
                    -0.5053383236952375,
                    -0.5000156776715026,
                    -0.0023421291029339787
                ],
                [
                    -0.5000156776715026,
                    -0.005782332357922523,
                    -0.5147274234024332
                ],
                [
                    -0.0023421291029339787,
                    -0.5147274234024332,
                    -0.003456743850088653
                ]
            ],
            "volume_eff": 2.886196579652153,
            "alpha_iso": 0.9211265679740914,
            "c6_ii": 0.2723497285175424,
            "c8_ii": 1.8103887148627686,
            "c10_ii": 16.60951211925621,
            "slater_b_init": 67.87206451529796
        },
        {
            "index": 33,
            "element": "H",
            "charge": 0.14567597587834658,
            "dipole": [
                -0.03546732864117869,
                -0.0038352916504486734,
                0.03613838904449361
            ],
            "quadrupole": [
                [
                    -0.4834466457058352,
                    -0.47838026811125606,
                    -0.006093449380532506
                ],
                [
                    -0.47838026811125606,
                    -0.0013431637184936076,
                    -0.48239451195551236
                ],
                [
                    -0.006093449380532506,
                    -0.48239451195551236,
                    0.0016561502337033766
                ]
            ],
            "volume_eff": 2.681714338142112,
            "alpha_iso": 0.8558662781304612,
            "c6_ii": 0.23512573132176656,
            "c8_ii": 1.4882279294677272,
            "c10_ii": 13.001064023495726,
            "slater_b_init": 69.55508049290317
        }
    ]
}