{
    "molecule": "LCarb_61",
    "atoms": [
        {
            "index": 0,
            "element": "C",
            "charge": -0.418021058674344,
            "dipole": [
                0.060059006390259656,
                -0.04872103953381237,
                0.0012864470944036952
            ],
            "quadrupole": [
                [
                    -5.0806692477175535,
                    -5.096374035756802,
                    0.010239977945130267
                ],
                [
                    -5.096374035756802,
                    0.041085231831112276,
                    -5.031653759475821
                ],
                [
                    0.010239977945130267,
                    -5.031653759475821,
                    -0.0007429186904722051
                ]
            ],
            "volume_eff": 38.277036162925704,
            "alpha_iso": 12.024199841756765,
            "c6_ii": 46.78814162144346,
            "c8_ii": 1357.2721586675564,
            "c10_ii": 49330.1623984593,
            "slater_b_init": 34.97650395791542
        },
        {
            "index": 1,
            "element": "C",
            "charge": -0.1544231461988801,
            "dipole": [
                0.003966549845779376,
                0.07431767968901154,
                -0.01320791830280827
            ],
            "quadrupole": [
                [
                    -4.57350234761127,
                    -4.628396215001444,
                    0.02603266187594011
                ],
                [
                    -4.628396215001444,
                    0.0037685919234365464,
                    -4.496107600807811
                ],
                [
                    0.02603266187594011,
                    -4.496107600807811,
                    0.009403594126071571
                ]
            ],
            "volume_eff": 33.62715214150152,
            "alpha_iso": 10.563503290524036,
            "c6_ii": 36.110987794661845,
            "c8_ii": 960.8856424047685,
            "c10_ii": 32034.540554698666,
            "slater_b_init": 36.51958236963089
        },
        {
            "index": 2,
            "element": "C",
            "charge": -0.2827611105012826,
            "dipole": [
                -0.029663736070064544,
                -0.02725545796469525,
                0.008029862658330781
            ],
            "quadrupole": [
                [
                    -4.773490526187607,
                    -4.852407782244324,
                    0.02555751861435475
                ],
                [
                    -4.852407782244324,
                    -0.015918702565128444,
                    -4.736395117151663
                ],
                [
                    0.02555751861435475,
                    -4.736395117151663,
                    0.008479358762549375
                ]
            ],
            "volume_eff": 35.64501556764216,
            "alpha_iso": 11.197387089311672,
            "c6_ii": 40.574839287912376,
            "c8_ii": 1122.4360945394035,
            "c10_ii": 38902.80348710159,
            "slater_b_init": 35.81702931832696
        },
        {
            "index": 3,
            "element": "C",
            "charge": 0.05577715904203551,
            "dipole": [
                0.09147525123010794,
                0.11196624105382265,
                -0.030120610489230672
            ],
            "quadrupole": [
                [
                    -4.194403856150952,
                    -4.316571799393556,
                    0.00625323913215811
                ],
                [
                    -4.316571799393556,
                    0.1031355477581602,
                    -4.222577314651913
                ],
                [
                    0.00625323913215811,
                    -4.222577314651913,
                    -0.0197563436729524
                ]
            ],
            "volume_eff": 30.89674539775022,
            "alpha_iso": 9.70578389458122,
            "c6_ii": 30.484891881856583,
            "c8_ii": 766.652856832563,
            "c10_ii": 24156.127729998032,
            "slater_b_init": 37.56513211877431
        },
        {
            "index": 4,
            "element": "O",
            "charge": -0.4073944476468423,
            "dipole": [
                -0.11352294361193083,
                0.012417257110317636,
                0.011149608642806503
            ],
            "quadrupole": [
                [
                    -4.000821172836947,
                    -4.113278032117786,
                    0.0073265165296024564
                ],
                [
                    -4.113278032117786,
                    -3.1108470284761133e-05,
                    -4.072518773134332
                ],
                [
                    0.0073265165296024564,
                    -4.072518773134332,
                    -0.007862353804962231
                ]
            ],
            "volume_eff": 23.087310993045577,
            "alpha_iso": 6.887927036599233,
            "c6_ii": 25.381317086407037,
            "c8_ii": 1033.3477582942905,
            "c10_ii": 40512.44294485877,
            "slater_b_init": 34.11694468388186
        },
        {
            "index": 5,
            "element": "C",
            "charge": 0.9852458275994067,
            "dipole": [
                0.014922044387569918,
                0.058035909679311166,
                -0.011866972521935996
            ],
            "quadrupole": [
                [
                    -2.8824463821173514,
                    -2.898766284479763,
                    0.026986843857668193
                ],
                [
                    -2.898766284479763,
                    0.015879864671596768,
                    -2.738776981527443
                ],
                [
                    0.026986843857668193,
                    -2.738776981527443,
                    0.015938982528449098
                ]
            ],
            "volume_eff": 18.95398391946928,
            "alpha_iso": 5.954131074178831,
            "c6_ii": 11.472556535695775,
            "c8_ii": 208.3049010647357,
            "c10_ii": 4738.63469365252,
            "slater_b_init": 44.21018470853401
        },
        {
            "index": 6,
            "element": "O",
            "charge": -0.5959043953213197,
            "dipole": [
                -0.016989898272675504,
                -0.18673726676318708,
                0.03424813871466592
            ],
            "quadrupole": [
                [
                    -4.423339388383979,
                    -4.374702629107045,
                    0.016165534322064107
                ],
                [
                    -4.374702629107045,
                    0.0013791235774615255,
                    -4.2836422610218134
                ],
                [
                    0.016165534322064107,
                    -4.2836422610218134,
                    0.016750969620028824
                ]
            ],
            "volume_eff": 25.389081671782176,
            "alpha_iso": 7.574643150697444,
            "c6_ii": 30.69456153025926,
            "c8_ii": 1331.4030286495251,
            "c10_ii": 55611.83569892457,
            "slater_b_init": 33.053104104185685
        },
        {
            "index": 7,
            "element": "O",
            "charge": -0.358042090012173,
            "dipole": [
                0.037865569205812466,
                0.04399837225579582,
                -0.012268097664822224
            ],
            "quadrupole": [
                [
                    -3.895528260917305,
                    -3.9552262528977535,
                    0.008537314966108126
                ],
                [
                    -3.9552262528977535,
                    -0.016750701506976554,
                    -3.919656095978384
                ],
                [
                    0.008537314966108126,
                    -3.919656095978384,
                    4.513443770109366e-06
                ]
            ],
            "volume_eff": 21.855347462564072,
            "alpha_iso": 6.520379905958342,
            "c6_ii": 22.74483965161848,
            "c8_ii": 892.7670120781838,
            "c10_ii": 33744.49814427771,
            "slater_b_init": 34.74630897510233
        },
        {
            "index": 8,
            "element": "C",
            "charge": 0.5855391192222736,
            "dipole": [
                -0.16007021783234363,
                0.11991683713969131,
                -0.0022549410838507565
            ],
            "quadrupole": [
                [
                    -3.411257410504561,
                    -3.267703028552434,
                    -0.0007887046661766123
                ],
                [
                    -3.267703028552434,
                    0.06089743443935505,
                    -3.231044578691422
                ],
                [
                    -0.0007887046661766123,
                    -3.231044578691422,
                    0.010554332519464716
                ]
            ],
            "volume_eff": 22.396427448480747,
            "alpha_iso": 7.035526947166726,
            "c6_ii": 16.018309702588933,
            "c8_ii": 325.06843056702513,
            "c10_ii": 8265.085727034046,
            "slater_b_init": 41.817967051595446
        },
        {
            "index": 9,
            "element": "N",
            "charge": -0.4868096236281634,
            "dipole": [
                0.1639709327660913,
                -0.10234602904836694,
                -0.0010427081330687243
            ],
            "quadrupole": [
                [
                    -4.892291199544685,
                    -4.682979250635597,
                    -0.009952976107583503
                ],
                [
                    -4.682979250635597,
                    0.15329117924071597,
                    -4.637054216438798
                ],
                [
                    -0.009952976107583503,
                    -4.637054216438798,
                    0.0023320429149125297
                ]
            ],
            "volume_eff": 31.04609692790746,
            "alpha_iso": 9.044925876634458,
            "c6_ii": 36.154465952414924,
            "c8_ii": 1298.0030274758733,
            "c10_ii": 50763.43355660182,
            "slater_b_init": 33.67012561403189
        },
        {
            "index": 10,
            "element": "H",
            "charge": 0.13476646807079362,
            "dipole": [
                -0.039458949931496276,
                -0.02890464078632453,
                0.009646842329333126
            ],
            "quadrupole": [
                [
                    -0.5049551278767784,
                    -0.49193370415401155,
                    -0.000898159821910401
                ],
                [
                    -0.49193370415401155,
                    -0.005286280069105836,
                    -0.50055057656765
                ],
                [
                    -0.000898159821910401,
                    -0.50055057656765,
                    0.0013931589802857031
                ]
            ],
            "volume_eff": 2.821517866253529,
            "alpha_iso": 0.9004844254000625,
            "c6_ii": 0.2602799655566679,
            "c8_ii": 1.7042117643177666,
            "c10_ii": 15.400915298422325,
            "slater_b_init": 68.38677033129697
        },
        {
            "index": 11,
            "element": "H",
            "charge": 0.1330675753495445,
            "dipole": [
                0.0056606474042259795,
                0.013805261912146068,
                -0.04504382955252563
            ],
            "quadrupole": [
                [
                    -0.4979142139618984,
                    -0.501318293206827,
                    0.005967669607153606
                ],
                [
                    -0.501318293206827,
                    -0.005947114179628563,
                    -0.5086405621222955
                ],
                [
                    0.005967669607153606,
                    -0.5086405621222955,
                    -0.0015396926229810678
                ]
            ],
            "volume_eff": 2.8556995008782673,
            "alpha_iso": 0.9113934577271066,
            "c6_ii": 0.2666245543763216,
            "c8_ii": 1.7598247784242047,
            "c10_ii": 16.031673852940177,
            "slater_b_init": 68.11281985332604
        },
        {
            "index": 12,
            "element": "H",
            "charge": 0.13296564735804184,
            "dipole": [
                0.015136499347541708,
                0.02796147580123241,
                0.03534383823130999
            ],
            "quadrupole": [
                [
                    -0.49738992391620085,
                    -0.5061116986722638,
                    -0.005764099920878317
                ],
                [
                    -0.5061116986722638,
                    -0.0067725101736068796,
                    -0.5051768034585142
                ],
                [
                    -0.005764099920878317,
                    -0.5051768034585142,
                    0.0015496912693817525
                ]
            ],
            "volume_eff": 2.8585386273884046,
            "alpha_iso": 0.9122995619324695,
            "c6_ii": 0.2671549723241552,
            "c8_ii": 1.764494275868289,
            "c10_ii": 16.084864285289427,
            "slater_b_init": 68.09026229325188
        },
        {
            "index": 13,
            "element": "H",
            "charge": 0.10750917854709263,
            "dipole": [
                -0.013461734360752542,
                -0.025579730325262923,
                -0.04331024143850614
            ],
            "quadrupole": [
                [
                    -0.5046110490621011,
                    -0.5281399791872613,
                    -0.007094666792525196
                ],
                [
                    -0.5281399791872613,
                    -0.003189913191139221,
                    -0.522697821072609
                ],
                [
                    -0.007094666792525196,
                    -0.522697821072609,
                    -0.0017689598570621687
                ]
            ],
            "volume_eff": 2.9478273939652113,
            "alpha_iso": 0.9407959767974079,
            "c6_ii": 0.28410523233225815,
            "c8_ii": 1.9153208998956368,
            "c10_ii": 17.82149028831747,
            "slater_b_init": 67.3957243599072
        },
        {
            "index": 14,
            "element": "H",
            "charge": 0.10766647156483866,
            "dipole": [
                -0.0023149610294203433,
                -0.008965199939999106,
                0.0511290242595765
            ],
            "quadrupole": [
                [
                    -0.504037688568315,
                    -0.5222821829144515,
                    0.007360767229059837
                ],
                [
                    -0.5222821829144515,
                    -0.0015539439791046699,
                    -0.5276984050230518
                ],
                [
                    0.007360767229059837,
                    -0.5276984050230518,
                    -0.002368553292735225
                ]
            ],
            "volume_eff": 2.9425090576492354,
            "alpha_iso": 0.9390986354199689,
            "c6_ii": 0.2830810175708498,
            "c8_ii": 1.9061199884150761,
            "c10_ii": 17.7145399511386,
            "slater_b_init": 67.43630394602502
        },
        {
            "index": 15,
            "element": "H",
            "charge": 0.13171077129037523,
            "dipole": [
                -0.0027623681967075243,
                0.015095718649670917,
                -0.04453380929444159
            ],
            "quadrupole": [
                [
                    -0.4816877799389205,
                    -0.4981936330768069,
                    0.007075201409197723
                ],
                [
                    -0.4981936330768069,
                    -0.002986362994023874,
                    -0.50431309930875
                ],
                [
                    0.007075201409197723,
                    -0.50431309930875,
                    -0.0011023764917448445
                ]
            ],
            "volume_eff": 2.784695819563881,
            "alpha_iso": 0.8887327083714514,
            "c6_ii": 0.25353075926124247,
            "c8_ii": 1.645546329755446,
            "c10_ii": 14.74109436762673,
            "slater_b_init": 68.6868776208639
        },
        {
            "index": 16,
            "element": "H",
            "charge": 0.13151052918752126,
            "dipole": [
                0.006770767466387243,
                0.0293793123881132,
                0.036404073438376164
            ],
            "quadrupole": [
                [
                    -0.482674020397874,
                    -0.5038750671024947,
                    -0.006681361874655725
                ],
                [
                    -0.5038750671024947,
                    -0.0048156727634868024,
                    -0.4992454280006754
                ],
                [
                    -0.006681361874655725,
                    -0.4992454280006754,
                    -0.002201562391651071
                ]
            ],
            "volume_eff": 2.790328250511948,
            "alpha_iso": 0.8905302927165792,
            "c6_ii": 0.2545573982517627,
            "c8_ii": 1.6544368809876215,
            "c10_ii": 14.840715418981633,
            "slater_b_init": 68.6406304100622
        },
        {
            "index": 17,
            "element": "H",
            "charge": 0.10478313044005105,
            "dipole": [
                -0.015373277508776604,
                -0.036663656572505594,
                -0.05070594209016948
            ],
            "quadrupole": [
                [
                    -0.49944088823429184,
                    -0.5177797979202169,
                    -0.004331979586718241
                ],
                [
                    -0.5177797979202169,
                    0.0028589614517510443,
                    -0.5154111289917954
                ],
                [
                    -0.004331979586718241,
                    -0.5154111289917954,
                    -0.005685121466578351
                ]
            ],
            "volume_eff": 2.8795659426074813,
            "alpha_iso": 0.9190104072151537,
            "c6_ii": 0.27109979435572623,
            "c8_ii": 1.7993189575537267,
            "c10_ii": 16.482659167345275,
            "slater_b_init": 67.92411981932923
        },
        {
            "index": 18,
            "element": "H",
            "charge": 0.10493377224844358,
            "dipole": [
                -0.0020345316237189827,
                -0.016887277866240308,
                0.062020003007357286
            ],
            "quadrupole": [
                [
                    -0.4976749756482357,
                    -0.5145369452817707,
                    0.002707986525948168
                ],
                [
                    -0.5145369452817707,
                    0.004636970628083774,
                    -0.5191668231046208
                ],
                [
                    0.002707986525948168,
                    -0.5191668231046208,
                    -0.0002052885382123453
                ]
            ],
            "volume_eff": 2.8751284246783158,
            "alpha_iso": 0.9175941780888242,
            "c6_ii": 0.2702648884842608,
            "c8_ii": 1.7919342705403367,
            "c10_ii": 16.398143321761054,
            "slater_b_init": 67.95904690414947
        }
    ]
}