{
    "molecule": "Sulf_490",
    "atoms": [
        {
            "index": 0,
            "element": "C",
            "charge": -0.41858179038119303,
            "dipole": [
                -0.07799102372686344,
                0.012572722629498453,
                0.01568163954676381
            ],
            "quadrupole": [
                [
                    -5.114839211351084,
                    -5.042088202414143,
                    -0.014087157655710442
                ],
                [
                    -5.042088202414143,
                    0.012512244171305892,
                    -5.054709237407583
                ],
                [
                    -0.014087157655710442,
                    -5.054709237407583,
                    0.021833234085866265
                ]
            ],
            "volume_eff": 38.284383878082586,
            "alpha_iso": 12.02650802452856,
            "c6_ii": 46.80610638406058,
            "c8_ii": 1357.967053613501,
            "c10_ii": 49361.73443231592,
            "slater_b_init": 34.97426619754283
        },
        {
            "index": 1,
            "element": "C",
            "charge": -0.1734553560975982,
            "dipole": [
                0.03199755128520094,
                -0.03379897368109129,
                -0.05012775873219264
            ],
            "quadrupole": [
                [
                    -4.607270462514512,
                    -4.5741678269426105,
                    -0.0678501048694032
                ],
                [
                    -4.5741678269426105,
                    0.007821179286768079,
                    -4.629950199734052
                ],
                [
                    -0.0678501048694032,
                    -4.629950199734052,
                    0.016239259916019256
                ]
            ],
            "volume_eff": 33.97944691958509,
            "alpha_iso": 10.674171807199503,
            "c6_ii": 36.87158458099967,
            "c8_ii": 987.9651281278869,
            "c10_ii": 33166.9769574887,
            "slater_b_init": 36.39293346448941
        },
        {
            "index": 2,
            "element": "C",
            "charge": -0.145489986711981,
            "dipole": [
                -0.044955538874999285,
                0.036297598397744615,
                0.053609809554213864
            ],
            "quadrupole": [
                [
                    -4.498251045046772,
                    -4.496973129775288,
                    -0.055642523548429274
                ],
                [
                    -4.496973129775288,
                    -0.005520744975954728,
                    -4.542285951416011
                ],
                [
                    -0.055642523548429274,
                    -4.542285951416011,
                    -0.002663115156104119
                ]
            ],
            "volume_eff": 33.028854548284755,
            "alpha_iso": 10.375556402602541,
            "c6_ii": 34.83743856196621,
            "c8_ii": 915.9691229949788,
            "c10_ii": 30173.793365645528,
            "slater_b_init": 36.738774141977245
        },
        {
            "index": 3,
            "element": "C",
            "charge": -0.4986319251164044,
            "dipole": [
                0.12484475214551265,
                0.0031567323546319408,
                0.0074137982418124105
            ],
            "quadrupole": [
                [
                    -5.300392044362385,
                    -5.171250558040659,
                    -0.06606916113838465
                ],
                [
                    -5.171250558040659,
                    -0.004891864828026238,
                    -5.222177106689952
                ],
                [
                    -0.06606916113838465,
                    -5.222177106689952,
                    -0.005039844672221606
                ]
            ],
            "volume_eff": 39.855209905094384,
            "alpha_iso": 12.519961226731219,
            "c6_ii": 50.7258569231844,
            "c8_ii": 1511.674902468636,
            "c10_ii": 56441.93222082434,
            "slater_b_init": 34.50860989808545
        },
        {
            "index": 4,
            "element": "S",
            "charge": 1.164600607972849,
            "dipole": [
                0.03665091090032053,
                -0.10301261229861342,
                -0.15365522485243954
            ],
            "quadrupole": [
                [
                    -7.678100277736823,
                    -7.7680636591842545,
                    0.003414066307222637
                ],
                [
                    -7.7680636591842545,
                    0.0412918784375356,
                    -7.764641991616121
                ],
                [
                    0.003414066307222637,
                    -7.764641991616121,
                    0.05942106897299165
                ]
            ],
            "volume_eff": 59.950170913489416,
            "alpha_iso": 15.625310504047773,
            "c6_ii": 85.16280716008788,
            "c8_ii": 2185.6815417091775,
            "c10_ii": 56375.42937907184,
            "slater_b_init": 36.6680703060964
        },
        {
            "index": 5,
            "element": "O",
            "charge": -0.5948426610544502,
            "dipole": [
                0.012397579105776785,
                -0.17333878018563548,
                -0.002437758855751327
            ],
            "quadrupole": [
                [
                    -4.30880028508806,
                    -4.352198241871264,
                    -0.009864040097990499
                ],
                [
                    -4.352198241871264,
                    0.007004907045960063,
                    -4.303184450925155
                ],
                [
                    -0.009864040097990499,
                    -4.303184450925155,
                    0.0049410686689538574
                ]
            ],
            "volume_eff": 24.936091970004682,
            "alpha_iso": 7.439497051824601,
            "c6_ii": 29.609033456518105,
            "c8_ii": 1268.9950741576943,
            "c10_ii": 52372.73156997966,
            "slater_b_init": 33.25205207818826
        },
        {
            "index": 6,
            "element": "O",
            "charge": -0.59579479332902,
            "dipole": [
                0.017062102586548344,
                0.06490787740033589,
                -0.16228291822580118
            ],
            "quadrupole": [
                [
                    -4.31087575438129,
                    -4.304625900304709,
                    0.01087092416375975
                ],
                [
                    -4.304625900304709,
                    6.527988504481895e-05,
                    -4.355660271285943
                ],
                [
                    0.01087092416375975,
                    -4.355660271285943,
                    0.011776610300276208
                ]
            ],
            "volume_eff": 24.95660593204783,
            "alpha_iso": 7.445617239395485,
            "c6_ii": 29.657769916978687,
            "c8_ii": 1271.7808585997686,
            "c10_ii": 52516.486220592524,
            "slater_b_init": 33.24293868189183
        },
        {
            "index": 7,
            "element": "C",
            "charge": -0.2057567364586541,
            "dipole": [
                -0.17959807931348093,
                -0.06046855812596872,
                -0.09579593697689553
            ],
            "quadrupole": [
                [
                    -4.832031618133931,
                    -4.698258093021605,
                    -0.028030323902927465
                ],
                [
                    -4.698258093021605,
                    0.05291827683347437,
                    -4.716407038894748
                ],
                [
                    -0.028030323902927465,
                    -4.716407038894748,
                    0.0695784321005651
                ]
            ],
            "volume_eff": 35.554171147160034,
            "alpha_iso": 11.168849575024094,
            "c6_ii": 40.36828582399611,
            "c8_ii": 1114.8239507248547,
            "c10_ii": 38573.29445170232,
            "slater_b_init": 35.84750872344496
        },
        {
            "index": 8,
            "element": "O",
            "charge": -0.2728707178517613,
            "dipole": [
                0.009564635296752593,
                0.04826676912029063,
                0.07411369946579388
            ],
            "quadrupole": [
                [
                    -3.8014395959292906,
                    -3.966836467194704,
                    0.008010378784257638
                ],
                [
                    -3.966836467194704,
                    0.0021705141203319164,
                    -3.9579329412901143
                ],
                [
                    0.008010378784257638,
                    -3.9579329412901143,
                    0.006295212842337294
                ]
            ],
            "volume_eff": 21.954406163715237,
            "alpha_iso": 6.549933330611175,
            "c6_ii": 22.95148750044714,
            "c8_ii": 903.5983147373605,
            "c10_ii": 34257.01916623143,
            "slater_b_init": 34.693971509559525
        },
        {
            "index": 9,
            "element": "C",
            "charge": -0.10201076870054138,
            "dipole": [
                0.12473452035056,
                -0.05143195237024279,
                -0.07475987564764829
            ],
            "quadrupole": [
                [
                    -4.472424451891829,
                    -4.523324088517308,
                    -0.0005227860710430287
                ],
                [
                    -4.523324088517308,
                    -0.037620491150547254,
                    -4.525287587641925
                ],
                [
                    -0.0005227860710430287,
                    -4.525287587641925,
                    -0.05568051004934655
                ]
            ],
            "volume_eff": 33.13156667852752,
            "alpha_iso": 10.407821993254718,
            "c6_ii": 35.05444828317145,
            "c8_ii": 923.5846957813585,
            "c10_ii": 30487.708206899533,
            "slater_b_init": 36.70076986260282
        },
        {
            "index": 10,
            "element": "H",
            "charge": 0.13403406768218717,
            "dipole": [
                -0.0003216464072229353,
                -0.048309231898040865,
                0.002546481661838152
            ],
            "quadrupole": [
                [
                    -0.49343404239431576,
                    -0.5107527311163514,
                    -0.002077095773072485
                ],
                [
                    -0.5107527311163514,
                    0.002668664760298114,
                    -0.5017578589244828
                ],
                [
                    -0.002077095773072485,
                    -0.5017578589244828,
                    -0.0036282268093407546
                ]
            ],
            "volume_eff": 2.8517911140817884,
            "alpha_iso": 0.9101461002388687,
            "c6_ii": 0.26589523479358695,
            "c8_ii": 1.753409319362484,
            "c10_ii": 15.958652636614273,
            "slater_b_init": 68.14392191202784
        },
        {
            "index": 11,
            "element": "H",
            "charge": 0.13359769611235484,
            "dipole": [
                0.021990955154175332,
                0.02406823553610683,
                0.03647481538880206
            ],
            "quadrupole": [
                [
                    -0.4992730533530347,
                    -0.501888020555095,
                    0.0007544862558742994
                ],
                [
                    -0.501888020555095,
                    -0.004664567005334485,
                    -0.5010909000714427
                ],
                [
                    0.0007544862558742994,
                    -0.5010909000714427,
                    -0.006806689035387059
                ]
            ],
            "volume_eff": 2.833854424029766,
            "alpha_iso": 0.9044216246903509,
            "c6_ii": 0.26256099204192446,
            "c8_ii": 1.724154490751202,
            "c10_ii": 15.626521208927757,
            "slater_b_init": 68.28739042776338
        },
        {
            "index": 12,
            "element": "H",
            "charge": 0.13407409894904565,
            "dipole": [
                0.000655222473717716,
                0.020981221793634663,
                -0.043567534951738866
            ],
            "quadrupole": [
                [
                    -0.49335966486130894,
                    -0.5014100078007915,
                    0.001699400659922044
                ],
                [
                    -0.5014100078007915,
                    -0.004568935592361542,
                    -0.5108292113378371
                ],
                [
                    0.001699400659922044,
                    -0.5108292113378371,
                    0.0013189603416172966
                ]
            ],
            "volume_eff": 2.850491656090112,
            "alpha_iso": 0.9097313796032273,
            "c6_ii": 0.2656529723321552,
            "c8_ii": 1.7512795545332926,
            "c10_ii": 15.934426251815207,
            "slater_b_init": 68.15427529689012
        },
        {
            "index": 13,
            "element": "H",
            "charge": 0.10637720785848215,
            "dipole": [
                -0.00020208562374220073,
                0.05005545897328289,
                -0.011031852093793294
            ],
            "quadrupole": [
                [
                    -0.5069404406990702,
                    -0.534187483682239,
                    -0.002286331414109686
                ],
                [
                    -0.534187483682239,
                    0.006505635924744487,
                    -0.5188621275978148
                ],
                [
                    -0.002286331414109686,
                    -0.5188621275978148,
                    0.004237387325212324
                ]
            ],
            "volume_eff": 2.9586738806068666,
            "alpha_iso": 0.9442576214702766,
            "c6_ii": 0.2861998005965717,
            "c8_ii": 1.9341716229515487,
            "c10_ii": 18.041009813908126,
            "slater_b_init": 67.31326602816071
        },
        {
            "index": 14,
            "element": "H",
            "charge": 0.10623634209833743,
            "dipole": [
                -0.0013412138382605879,
                -0.02954832090141873,
                0.042042290245543956
            ],
            "quadrupole": [
                [
                    -0.507339779631425,
                    -0.5197597045871699,
                    0.0037925335976527353
                ],
                [
                    -0.5197597045871699,
                    0.0009924361577404576,
                    -0.5336056664664965
                ],
                [
                    0.0037925335976527353,
                    -0.5336056664664965,
                    0.007978120884356383
                ]
            ],
            "volume_eff": 2.9605834402797035,
            "alpha_iso": 0.9448670554084161,
            "c6_ii": 0.2865693526209931,
            "c8_ii": 1.9375023069364974,
            "c10_ii": 18.07985191462682,
            "slater_b_init": 67.29879068950603
        },
        {
            "index": 15,
            "element": "H",
            "charge": 0.13565887790690878,
            "dipole": [
                0.005143969859288447,
                -0.05367736831805536,
                0.006284222732795449
            ],
            "quadrupole": [
                [
                    -0.4748565898417973,
                    -0.49678303891739184,
                    -0.0003824269459652457
                ],
                [
                    -0.49678303891739184,
                    0.0033316449588869945,
                    -0.48643373465296125
                ],
                [
                    -0.0003824269459652457,
                    -0.48643373465296125,
                    0.002354385447877966
                ]
            ],
            "volume_eff": 2.7114630006907268,
            "alpha_iso": 0.8653605321353384,
            "c6_ii": 0.24037123598785748,
            "c8_ii": 1.5326602723127114,
            "c10_ii": 13.488059063819916,
            "slater_b_init": 69.29977129331492
        },
        {
            "index": 16,
            "element": "H",
            "charge": 0.13559098810642456,
            "dipole": [
                0.006261998880434624,
                0.026441695981680065,
                -0.04709539629547028
            ],
            "quadrupole": [
                [
                    -0.47490472563490765,
                    -0.4878248556722466,
                    0.003415727164183185
                ],
                [
                    -0.4878248556722466,
                    0.0005265078820995737,
                    -0.49555816663444857
                ],
                [
                    0.003415727164183185,
                    -0.49555816663444857,
                    0.004241329492871158
                ]
            ],
            "volume_eff": 2.7117025870616662,
            "alpha_iso": 0.8654369958707446,
            "c6_ii": 0.2404137165353859,
            "c8_ii": 1.533021436797592,
            "c10_ii": 13.492032181243621,
            "slater_b_init": 69.29773029149854
        },
        {
            "index": 17,
            "element": "H",
            "charge": 0.1906209575061244,
            "dipole": [
                0.0006478533625130421,
                -0.024524045792507033,
                0.03928190530189533
            ],
            "quadrupole": [
                [
                    -0.4264470903827824,
                    -0.4315417601810843,
                    0.0021619115597077223
                ],
                [
                    -0.4315417601810843,
                    0.00018289029613320412,
                    -0.4469298330555539
                ],
                [
                    0.0021619115597077223,
                    -0.4469298330555539,
                    0.0008640800679128141
                ]
            ],
            "volume_eff": 2.3732156996289677,
            "alpha_iso": 0.7574092658390322,
            "c6_ii": 0.18414060117838726,
            "c8_ii": 1.074324088899967,
            "c10_ii": 8.650898685845599,
            "slater_b_init": 72.44703643688982
        },
        {
            "index": 18,
            "element": "H",
            "charge": 0.19064156827111023,
            "dipole": [
                0.001649873946968414,
                0.04565345667888807,
                -0.007449866552896737
            ],
            "quadrupole": [
                [
                    -0.4264985968368073,
                    -0.44612094160868243,
                    -0.00397633872294406
                ],
                [
                    -0.44612094160868243,
                    0.0003987880224746866,
                    -0.43223322248488555
                ],
                [
                    -0.00397633872294406,
                    -0.43223322248488555,
                    0.0005422653575646763
                ]
            ],
            "volume_eff": 2.37313178777723,
            "alpha_iso": 0.7573824854608181,
            "c6_ii": 0.18412757976978972,
            "c8_ii": 1.0742227963878879,
            "c10_ii": 8.649879136739038,
            "slater_b_init": 72.44789031464491
        },
        {
            "index": 19,
            "element": "H",
            "charge": 0.14488059303073952,
            "dipole": [
                -0.006827190287112786,
                -0.03199072918827337,
                0.04495056644829775
            ],
            "quadrupole": [
                [
                    -0.46444838659907944,
                    -0.47173015867731116,
                    0.003696420957891107
                ],
                [
                    -0.47173015867731116,
                    0.0033201135242255024,
                    -0.4873618970681535
                ],
                [
                    0.003696420957891107,
                    -0.4873618970681535,
                    0.009816072180664985
                ]
            ],
            "volume_eff": 2.638879309967745,
            "alpha_iso": 0.842195524457791,
            "c6_ii": 0.2276743930473466,
            "c8_ii": 1.4256781319047769,
            "c10_ii": 12.321652140401103,
            "slater_b_init": 69.92940819301961
        },
        {
            "index": 20,
            "element": "H",
            "charge": 0.14490158948357368,
            "dipole": [
                -0.005621724051140522,
                0.05391294230739361,
                -0.012212628150677649
            ],
            "quadrupole": [
                [
                    -0.4643412768588293,
                    -0.4878863034456131,
                    -0.003110971093934772
                ],
                [
                    -0.4878863034456131,
                    0.007502892801994181,
                    -0.47129557194851485
                ],
                [
                    -0.003110971093934772,
                    -0.47129557194851485,
                    0.006823684668911241
                ]
            ],
            "volume_eff": 2.639001178983413,
            "alpha_iso": 0.8422344188244935,
            "c6_ii": 0.22769542250084496,
            "c8_ii": 1.425853714194968,
            "c10_ii": 12.323549042266638,
            "slater_b_init": 69.92833173027815
        },
        {
            "index": 21,
            "element": "H",
            "charge": 0.12597145568485513,
            "dipole": [
                -0.0417065575005498,
                -0.02449970948883313,
                -0.03765362121574751
            ],
            "quadrupole": [
                [
                    -0.4838565946463695,
                    -0.49512598099176713,
                    0.005443950347830289
                ],
                [
                    -0.49512598099176713,
                    -0.006265721097648895,
                    -0.4908126495523181
                ],
                [
                    0.005443950347830289,
                    -0.4908126495523181,
                    -0.008977017370325328
                ]
            ],
            "volume_eff": 2.719982844469093,
            "alpha_iso": 0.8680796312135404,
            "c6_ii": 0.24188417776942894,
            "c8_ii": 1.5455362160910175,
            "c10_ii": 13.629849688736494,
            "slater_b_init": 69.22733937027402
        },
        {
            "index": 22,
            "element": "H",
            "charge": 0.08305945443471241,
            "dipole": [
                0.0008672639352932415,
                -0.02982095749537572,
                0.050703451437332646
            ],
            "quadrupole": [
                [
                    -0.5329971054648714,
                    -0.54793457476303,
                    0.0031782305603797437
                ],
                [
                    -0.54793457476303,
                    -0.010042588194379646,
                    -0.5585933019323243
                ],
                [
                    0.0031782305603797437,
                    -0.5585933019323243,
                    -0.008762712025062538
                ]
            ],
            "volume_eff": 3.155696136800485,
            "alpha_iso": 1.007137064936325,
            "c6_ii": 0.3255858241578079,
            "c8_ii": 2.296976516040994,
            "c10_ii": 22.365972031063404,
            "slater_b_init": 65.88218124746533
        },
        {
            "index": 23,
            "element": "H",
            "charge": 0.0832500932155471,
            "dipole": [
                0.002215532157107054,
                0.0580680338474153,
                -0.007901294013525071
            ],
            "quadrupole": [
                [
                    -0.5324027744991805,
                    -0.5586315749118806,
                    -0.0014167982300000701
                ],
                [
                    -0.5586315749118806,
                    -0.004848844429489662,
                    -0.5474471224497389
                ],
                [
                    -0.0014167982300000701,
                    -0.5474471224497389,
                    -0.012512917753665207
                ]
            ],
            "volume_eff": 3.152830724105496,
            "alpha_iso": 1.0062225715230306,
            "c6_ii": 0.3249948203642337,
            "c8_ii": 2.2914188990836717,
            "c10_ii": 22.29834841377682,
            "slater_b_init": 65.90213394963999
        }
    ]
}