{
    "molecule": "Est_315",
    "atoms": [
        {
            "index": 0,
            "element": "C",
            "charge": -0.5490764103129333,
            "dipole": [
                0.007421686696182584,
                0.025136389350515046,
                -0.002792160095099667
            ],
            "quadrupole": [
                [
                    -5.312941332256371,
                    -5.378101052550169,
                    0.0023440787742478445
                ],
                [
                    -5.378101052550169,
                    -0.02538201972546318,
                    -5.312303408533804
                ],
                [
                    0.0023440787742478445,
                    -5.312303408533804,
                    0.0004687609772073793
                ]
            ],
            "volume_eff": 40.895521810424896,
            "alpha_iso": 12.846760778143945,
            "c6_ii": 53.408539111624776,
            "c8_ii": 1619.1986933329922,
            "c10_ii": 61504.09752139649,
            "slater_b_init": 34.21347975868977
        },
        {
            "index": 1,
            "element": "C",
            "charge": 0.4758873011599771,
            "dipole": [
                0.09825956332914676,
                -0.009837512640219915,
                -0.008026669083916952
            ],
            "quadrupole": [
                [
                    -3.4807534267780884,
                    -3.610808279042793,
                    0.0028993585262820022
                ],
                [
                    -3.610808279042793,
                    -0.017495612928469812,
                    -3.6252632425670575
                ],
                [
                    0.0028993585262820022,
                    -3.6252632425670575,
                    -0.019682966766252204
                ]
            ],
            "volume_eff": 25.073409550454105,
            "alpha_iso": 7.876463733126943,
            "c6_ii": 20.076406470622945,
            "c8_ii": 439.2723351560222,
            "c10_ii": 12041.932414288838,
            "slater_b_init": 40.27337572527675
        },
        {
            "index": 2,
            "element": "C",
            "charge": -0.5467266877883254,
            "dipole": [
                0.00023524039386500444,
                -0.017849911476836,
                -0.03182628065962479
            ],
            "quadrupole": [
                [
                    -5.258563212588802,
                    -5.29253801096434,
                    -0.028779967448063742
                ],
                [
                    -5.29253801096434,
                    0.0018204027310789403,
                    -5.309580914870466
                ],
                [
                    -0.028779967448063742,
                    -5.309580914870466,
                    0.01476217415900763
                ]
            ],
            "volume_eff": 40.25729369856644,
            "alpha_iso": 12.646270271800976,
            "c6_ii": 51.754526897878954,
            "c8_ii": 1552.68611801227,
            "c10_ii": 58362.44223707776,
            "slater_b_init": 34.393336328823985
        },
        {
            "index": 3,
            "element": "C",
            "charge": -0.5561602222377555,
            "dipole": [
                0.005066148350335882,
                -0.015148337417576895,
                0.027411417061218156
            ],
            "quadrupole": [
                [
                    -5.292115634516892,
                    -5.319641501632391,
                    0.03265629379729875
                ],
                [
                    -5.319641501632391,
                    0.008386546678686435,
                    -5.335452177074711
                ],
                [
                    0.03265629379729875,
                    -5.335452177074711,
                    -0.03465329982790924
                ]
            ],
            "volume_eff": 40.54770759853955,
            "alpha_iso": 12.737499769174727,
            "c6_ii": 52.503928869647524,
            "c8_ii": 1582.7352810937164,
            "c10_ii": 59777.70310036616,
            "slater_b_init": 34.31102797980318
        },
        {
            "index": 4,
            "element": "O",
            "charge": -0.4233972415558398,
            "dipole": [
                -0.0926495716510722,
                -0.00035548290910974355,
                0.011075827348363898
            ],
            "quadrupole": [
                [
                    -4.073791022488216,
                    -4.105438393383621,
                    0.0017771148176554898
                ],
                [
                    -4.105438393383621,
                    0.015803374345239027,
                    -4.068099150411757
                ],
                [
                    0.0017771148176554898,
                    -4.068099150411757,
                    -0.0027103544362735658
                ]
            ],
            "volume_eff": 23.26034435418924,
            "alpha_iso": 6.9395502493161265,
            "c6_ii": 25.763195457456195,
            "c8_ii": 1054.1294172098344,
            "c10_ii": 41533.42267685483,
            "slater_b_init": 34.03213555295403
        },
        {
            "index": 5,
            "element": "C",
            "charge": 0.8373851835089479,
            "dipole": [
                -0.07368937038734659,
                -0.006014650754498054,
                0.01974886884912428
            ],
            "quadrupole": [
                [
                    -3.0771765945120455,
                    -3.0947132892254756,
                    0.0024983813632350337
                ],
                [
                    -3.0947132892254756,
                    0.03960467788452636,
                    -2.8629096737530175
                ],
                [
                    0.0024983813632350337,
                    -2.8629096737530175,
                    0.03528161547888733
                ]
            ],
            "volume_eff": 20.290976219058226,
            "alpha_iso": 6.374128655201536,
            "c6_ii": 13.148162853254576,
            "c8_ii": 249.8269652207411,
            "c10_ii": 5947.411796302851,
            "slater_b_init": 43.21702340934582
        },
        {
            "index": 6,
            "element": "O",
            "charge": -0.5867312008851613,
            "dipole": [
                -0.04114553900009979,
                0.10456154843110611,
                0.001322107959864049
            ],
            "quadrupole": [
                [
                    -4.408409147399105,
                    -4.4069109628985395,
                    0.0013131206670734328
                ],
                [
                    -4.4069109628985395,
                    0.007188402265827621,
                    -4.259862234666357
                ],
                [
                    0.0013131206670734328,
                    -4.259862234666357,
                    0.017725895346848885
                ]
            ],
            "volume_eff": 25.428866404870323,
            "alpha_iso": 7.586512629077333,
            "c6_ii": 30.790833758228327,
            "c8_ii": 1336.9737915285564,
            "c10_ii": 55902.84657682953,
            "slater_b_init": 33.03585736185015
        },
        {
            "index": 7,
            "element": "C",
            "charge": -0.5754316092752259,
            "dipole": [
                0.05264942881075138,
                0.009113729045866397,
                0.016434897675375454
            ],
            "quadrupole": [
                [
                    -5.329265091433114,
                    -5.271485618010267,
                    -0.04657281150873529
                ],
                [
                    -5.271485618010267,
                    0.003769585656952379,
                    -5.229975424941669
                ],
                [
                    -0.04657281150873529,
                    -5.229975424941669,
                    -0.02092777141119127
                ]
            ],
            "volume_eff": 39.89046516370409,
            "alpha_iso": 12.53103617707982,
            "c6_ii": 50.81563912140137,
            "c8_ii": 1515.2434051331652,
            "c10_ii": 56608.52936984077,
            "slater_b_init": 34.49844064626657
        },
        {
            "index": 8,
            "element": "C",
            "charge": 0.14870592823677065,
            "dipole": [
                -0.06645999832960173,
                -0.07877129966178167,
                0.10842871096085184
            ],
            "quadrupole": [
                [
                    -4.140534334938075,
                    -4.1229510274507755,
                    -0.04333387227346208
                ],
                [
                    -4.1229510274507755,
                    -0.04432072709948394,
                    -3.9844243709775182
                ],
                [
                    -0.04333387227346208,
                    -3.9844243709775182,
                    -0.029633457860934426
                ]
            ],
            "volume_eff": 29.39949503370352,
            "alpha_iso": 9.235443466084874,
            "c6_ii": 27.60189712715723,
            "c8_ii": 671.5388203780325,
            "c10_ii": 20469.996751510902,
            "slater_b_init": 38.19230544579724
        },
        {
            "index": 9,
            "element": "F",
            "charge": -0.23238881216443374,
            "dipole": [
                -0.00798938286140476,
                0.002862926903153355,
                -0.048219075660087866
            ],
            "quadrupole": [
                [
                    -3.5822088315060143,
                    -3.5874927150898728,
                    -0.014994134626677737
                ],
                [
                    -3.5874927150898728,
                    0.007506620039380772,
                    -3.49984046123527
                ],
                [
                    -0.014994134626677737,
                    -3.49984046123527,
                    0.000742056787380103
                ]
            ],
            "volume_eff": 17.999146159668257,
            "alpha_iso": 5.652624413780114,
            "c6_ii": 21.02115971267301,
            "c8_ii": 922.7004528559919,
            "c10_ii": 37574.08766513674,
            "slater_b_init": 33.2885403301288
        },
        {
            "index": 10,
            "element": "H",
            "charge": 0.15672225972497755,
            "dipole": [
                0.0225756973423591,
                -0.01685684983718869,
                0.03365186795976662
            ],
            "quadrupole": [
                [
                    -0.47800949944004995,
                    -0.4742539801711805,
                    0.00442912408034457
                ],
                [
                    -0.4742539801711805,
                    0.005245168187368328,
                    -0.4844771802719441
                ],
                [
                    0.00442912408034457,
                    -0.4844771802719441,
                    -0.001257298556588396
                ]
            ],
            "volume_eff": 2.6923160132412214,
            "alpha_iso": 0.8592497914599643,
            "c6_ii": 0.23698846058300982,
            "c8_ii": 1.5039688386980323,
            "c10_ii": 13.17318015413873,
            "slater_b_init": 69.4636634893057
        },
        {
            "index": 11,
            "element": "H",
            "charge": 0.1626132693985083,
            "dipole": [
                -0.04298174738387757,
                0.004733028455826113,
                0.005494273660692502
            ],
            "quadrupole": [
                [
                    -0.47978631270894145,
                    -0.46282060686752874,
                    -0.000694227684283102
                ],
                [
                    -0.46282060686752874,
                    0.002447107496318682,
                    -0.4733616123613756
                ],
                [
                    -0.000694227684283102,
                    -0.4733616123613756,
                    0.0005538943666280111
                ]
            ],
            "volume_eff": 2.641448154766029,
            "alpha_iso": 0.8430153685423497,
            "c6_ii": 0.22811787285880783,
            "c8_ii": 1.4293820450919805,
            "c10_ii": 12.361679707166685,
            "slater_b_init": 69.90673173540361
        },
        {
            "index": 12,
            "element": "H",
            "charge": 0.15450716806017883,
            "dipole": [
                0.013417519218247447,
                -0.01894318625931289,
                -0.03690276319536238
            ],
            "quadrupole": [
                [
                    -0.48064883221307086,
                    -0.4777665017094989,
                    -0.0065513771586108585
                ],
                [
                    -0.4777665017094989,
                    0.004182739245370653,
                    -0.4865649388288979
                ],
                [
                    -0.0065513771586108585,
                    -0.4865649388288979,
                    -0.000442212742698035
                ]
            ],
            "volume_eff": 2.712610375841127,
            "alpha_iso": 0.8657267156939767,
            "c6_ii": 0.24057470867806505,
            "c8_ii": 1.5343903656070144,
            "c10_ii": 13.507093690031427,
            "slater_b_init": 69.28999915038982
        },
        {
            "index": 13,
            "element": "H",
            "charge": 0.15799473535303798,
            "dipole": [
                -0.04352007620531175,
                0.0001994646802243077,
                0.0052263248999453666
            ],
            "quadrupole": [
                [
                    -0.4864414350844628,
                    -0.47649446391100914,
                    0.004774738765076438
                ],
                [
                    -0.47649446391100914,
                    -0.00043160978218850196,
                    -0.47126740569314163
                ],
                [
                    0.004774738765076438,
                    -0.47126740569314163,
                    0.0019847742911622093
                ]
            ],
            "volume_eff": 2.684881396530831,
            "alpha_iso": 0.85687704144601,
            "c6_ii": 0.23568141812455484,
            "c8_ii": 1.4929194006491024,
            "c10_ii": 13.05231468519427,
            "slater_b_init": 69.52772091399729
        },
        {
            "index": 14,
            "element": "H",
            "charge": 0.15404934197415787,
            "dipole": [
                0.025012021999889437,
                -0.020274029745145087,
                0.031015121255774252
            ],
            "quadrupole": [
                [
                    -0.4836313232778009,
                    -0.4819448271652681,
                    0.007705837832015939
                ],
                [
                    -0.4819448271652681,
                    -0.001087196270053912,
                    -0.48412313126411105
                ],
                [
                    0.007705837832015939,
                    -0.48412313126411105,
                    -0.003372089372317252
                ]
            ],
            "volume_eff": 2.7235174918812675,
            "alpha_iso": 0.8692077101748726,
            "c6_ii": 0.24251324850757505,
            "c8_ii": 1.5508978609252666,
            "c10_ii": 13.688979713207038,
            "slater_b_init": 69.19737809534284
        },
        {
            "index": 15,
            "element": "H",
            "charge": 0.17108544590881847,
            "dipole": [
                0.019290064917549036,
                0.04386259877299954,
                -0.007907948147405896
            ],
            "quadrupole": [
                [
                    -0.4640235556507582,
                    -0.4667745501004793,
                    0.001864688627662476
                ],
                [
                    -0.4667745501004793,
                    -0.0006166947412193843,
                    -0.45778567735579007
                ],
                [
                    0.001864688627662476,
                    -0.45778567735579007,
                    -0.0006756836517278395
                ]
            ],
            "volume_eff": 2.5736033221387284,
            "alpha_iso": 0.8213627623847005,
            "c6_ii": 0.216550079916517,
            "c8_ii": 1.3335635073514513,
            "c10_ii": 11.33467864981757,
            "slater_b_init": 70.51570074626352
        },
        {
            "index": 16,
            "element": "H",
            "charge": 0.17233122350078767,
            "dipole": [
                0.020097184202010437,
                0.043838531945647616,
                0.0012647579146663577
            ],
            "quadrupole": [
                [
                    -0.46223395888127733,
                    -0.4657010157463633,
                    -0.0013611310135409412
                ],
                [
                    -0.4657010157463633,
                    -0.0012562979299810997,
                    -0.457149164065767
                ],
                [
                    -0.0013611310135409412,
                    -0.457149164065767,
                    0.002109673233805007
                ]
            ],
            "volume_eff": 2.5656915152954904,
            "alpha_iso": 0.8188377176474969,
            "c6_ii": 0.21522068399871866,
            "c8_ii": 1.3226590704969436,
            "c10_ii": 11.218943913394394,
            "slater_b_init": 70.5881093100366
        },
        {
            "index": 17,
            "element": "H",
            "charge": 0.1506119303891158,
            "dipole": [
                0.01599017562656129,
                -0.021828413622676176,
                -0.03429203198466936
            ],
            "quadrupole": [
                [
                    -0.4864576952891043,
                    -0.4869744920923899,
                    -0.007521477340380521
                ],
                [
                    -0.4869744920923899,
                    -0.0024353976366624243,
                    -0.4901414228470585
                ],
                [
                    -0.007521477340380521,
                    -0.4901414228470585,
                    0.0038733037806526296
                ]
            ],
            "volume_eff": 2.75889962740929,
            "alpha_iso": 0.8804998810880713,
            "c6_ii": 0.2488553216728247,
            "c8_ii": 1.605209845097633,
            "c10_ii": 14.290810224242286,
            "slater_b_init": 68.9002919334918
        },
        {
            "index": 18,
            "element": "H",
            "charge": 0.1609106455490289,
            "dipole": [
                -0.0425894231972863,
                0.000227138273556419,
                0.006274908579010428
            ],
            "quadrupole": [
                [
                    -0.4825426213165242,
                    -0.47344053001651626,
                    -0.004057430073992301
                ],
                [
                    -0.47344053001651626,
                    -0.0015574529331834096,
                    -0.46724534046815186
                ],
                [
                    -0.004057430073992301,
                    -0.46724534046815186,
                    0.0018634029767655939
                ]
            ],
            "volume_eff": 2.6583983701275686,
            "alpha_iso": 0.8484250117428411,
            "c6_ii": 0.2310549384484178,
            "c8_ii": 1.4539726767616754,
            "c10_ii": 12.628081911433947,
            "slater_b_init": 69.75783737977595
        },
        {
            "index": 19,
            "element": "H",
            "charge": 0.196322249270236,
            "dipole": [
                0.0011452176929926067,
                -0.039154745152242605,
                0.019350888010066306
            ],
            "quadrupole": [
                [
                    -0.4248170203960542,
                    -0.439803681858427,
                    0.002535634380464052
                ],
                [
                    -0.439803681858427,
                    0.0005437930735791328,
                    -0.43322214474778664
                ],
                [
                    0.002535634380464052,
                    -0.43322214474778664,
                    0.0024610106341779233
                ]
            ],
            "volume_eff": 2.3628771143884753,
            "alpha_iso": 0.7541097173580241,
            "c6_ii": 0.18253972976739227,
            "c8_ii": 1.0618889686292476,
            "c10_ii": 8.52591444136958,
            "slater_b_init": 72.55254483141373
        },
        {
            "index": 20,
            "element": "H",
            "charge": 0.1974187086442043,
            "dipole": [
                0.012080266542458218,
                0.006740100943301599,
                -0.04114999320087794
            ],
            "quadrupole": [
                [
                    -0.4285879357662338,
                    -0.429911738506809,
                    0.0007829796234444142
                ],
                [
                    -0.429911738506809,
                    0.0019550718413511776,
                    -0.4384930113397569
                ],
                [
                    0.0007829796234444142,
                    -0.4384930113397569,
                    0.0049129064772692795
                ]
            ],
            "volume_eff": 2.350819674182216,
            "alpha_iso": 0.7502615981432604,
            "c6_ii": 0.18068153218346245,
            "c8_ii": 1.047500545509296,
            "c10_ii": 8.381753913928495,
            "slater_b_init": 72.67637491563299
        },
        {
            "index": 21,
            "element": "H",
            "charge": 0.07300721890775597,
            "dipole": [
                0.05914692922393397,
                -0.024656930912768764,
                -0.01489851009072339
            ],
            "quadrupole": [
                [
                    -0.5455365199628831,
                    -0.539671445206974,
                    -0.0017850316284551485
                ],
                [
                    -0.539671445206974,
                    0.002119632961967674,
                    -0.520186393423629
                ],
                [
                    -0.0017850316284551485,
                    -0.520186393423629,
                    0.0030493329455325165
                ]
            ],
            "volume_eff": 3.0248251109027557,
            "alpha_iso": 0.9653697162455603,
            "c6_ii": 0.2991408137672207,
            "c8_ii": 2.0516509036411508,
            "c10_ii": 19.42099229477955,
            "slater_b_init": 66.81894366669964
        },
        {
            "index": 22,
            "element": "H",
            "charge": 0.09579630525323912,
            "dipole": [
                -0.019847770103546748,
                0.0662958202579791,
                -0.0029366904296235377
            ],
            "quadrupole": [
                [
                    -0.526172036320368,
                    -0.5237431080792302,
                    0.00017421189663291564
                ],
                [
                    -0.5237431080792302,
                    0.004172847603917806,
                    -0.4997505403907836
                ],
                [
                    0.00017421189663291564,
                    -0.4997505403907836,
                    -5.253614440148014e-05
                ]
            ],
            "volume_eff": 2.9095375296185377,
            "alpha_iso": 0.9285758073250652,
            "c6_ii": 0.27677257751462114,
            "c8_ii": 1.849694403246594,
            "c10_ii": 17.061494157470825,
            "slater_b_init": 67.6900821337541
        }
    ]
}