{
    "molecule": "Est_319",
    "atoms": [
        {
            "index": 0,
            "element": "C",
            "charge": -0.6070347456555449,
            "dipole": [
                0.002542537467799734,
                0.009054393201656396,
                0.004179038710314051
            ],
            "quadrupole": [
                [
                    -5.339927412867687,
                    -5.33794728194611,
                    -0.010925246450698782
                ],
                [
                    -5.33794728194611,
                    0.01966022694113422,
                    -5.359944802493146
                ],
                [
                    -0.010925246450698782,
                    -5.359944802493146,
                    0.031434429974487255
                ]
            ],
            "volume_eff": 40.49324379130734,
            "alpha_iso": 12.720390719782412,
            "c6_ii": 52.36297671513177,
            "c8_ii": 1577.0724649926942,
            "c10_ii": 59510.47694528338,
            "slater_b_init": 34.32640397716079
        },
        {
            "index": 1,
            "element": "C",
            "charge": 0.519294527847963,
            "dipole": [
                0.037600574161483914,
                0.13914709429239908,
                -0.04591786097188688
            ],
            "quadrupole": [
                [
                    -3.5436947870573925,
                    -3.5410688757225977,
                    -0.03650509785800853
                ],
                [
                    -3.5410688757225977,
                    0.03347886443344151,
                    -3.5226130180970885
                ],
                [
                    -0.03650509785800853,
                    -3.5226130180970885,
                    0.08666132599539106
                ]
            ],
            "volume_eff": 24.814061564182325,
            "alpha_iso": 7.794993161523243,
            "c6_ii": 19.66323192284615,
            "c8_ii": 427.260176042658,
            "c10_ii": 11631.732026119173,
            "slater_b_init": 40.41319752418525
        },
        {
            "index": 2,
            "element": "F",
            "charge": -0.2553865181197743,
            "dipole": [
                -0.008978517855095602,
                0.013753800371484869,
                0.008986821954145335
            ],
            "quadrupole": [
                [
                    -3.5816241704851857,
                    -3.608527414981099,
                    -0.02541539585187941
                ],
                [
                    -3.608527414981099,
                    -0.003820568707336416,
                    -3.544270535822221
                ],
                [
                    -0.02541539585187941,
                    -3.544270535822221,
                    0.017272145903859098
                ]
            ],
            "volume_eff": 18.145289538073456,
            "alpha_iso": 5.698520681378441,
            "c6_ii": 21.36390655006435,
            "c8_ii": 942.8140896006925,
            "c10_ii": 38600.69349367301,
            "slater_b_init": 33.198929943286274
        },
        {
            "index": 3,
            "element": "O",
            "charge": -0.4394743930260354,
            "dipole": [
                -0.05705992224479601,
                0.009941857692013069,
                0.015093114480034623
            ],
            "quadrupole": [
                [
                    -4.068908480273284,
                    -4.124780819272116,
                    -0.03470570099027262
                ],
                [
                    -4.124780819272116,
                    0.001562059847850507,
                    -4.097025367712957
                ],
                [
                    -0.03470570099027262,
                    -4.097025367712957,
                    -0.007167973521766644
                ]
            ],
            "volume_eff": 23.350927716225847,
            "alpha_iso": 6.966575119757988,
            "c6_ii": 25.964246736214125,
            "c8_ii": 1065.1119699662247,
            "c10_ii": 42075.025425548774,
            "slater_b_init": 33.98807249157907
        },
        {
            "index": 4,
            "element": "C",
            "charge": 0.8271545725641749,
            "dipole": [
                -0.06253843858501917,
                -0.013288486469716695,
                0.008589947209801503
            ],
            "quadrupole": [
                [
                    -3.085864414034254,
                    -3.0311942398243708,
                    -0.11741000515276705
                ],
                [
                    -3.0311942398243708,
                    -0.0647234727971325,
                    -2.9767995159198466
                ],
                [
                    -0.11741000515276705,
                    -2.9767995159198466,
                    0.011966700691135129
                ]
            ],
            "volume_eff": 20.472380579197207,
            "alpha_iso": 6.431114318072421,
            "c6_ii": 13.384306819032016,
            "c8_ii": 255.82740048542675,
            "c10_ii": 6126.503582238361,
            "slater_b_init": 43.088996823080755
        },
        {
            "index": 5,
            "element": "O",
            "charge": -0.579360275867419,
            "dipole": [
                0.018551675200224924,
                -0.08469090054725056,
                -0.0936582153059224
            ],
            "quadrupole": [
                [
                    -4.432165172094457,
                    -4.339521669153523,
                    -0.06677813545991997
                ],
                [
                    -4.339521669153523,
                    -0.028721549973004332,
                    -4.311027525637588
                ],
                [
                    -0.06677813545991997,
                    -4.311027525637588,
                    0.025282917606792913
                ]
            ],
            "volume_eff": 25.481470328673595,
            "alpha_iso": 7.602206617394333,
            "c6_ii": 30.918357650049558,
            "c8_ii": 1344.361863908587,
            "c10_ii": 56289.25950998437,
            "slater_b_init": 33.013108636040194
        },
        {
            "index": 6,
            "element": "C",
            "charge": -0.5559375903290142,
            "dipole": [
                0.04364687376721667,
                -0.0032573746817437014,
                0.015050138855782075
            ],
            "quadrupole": [
                [
                    -5.238577940415697,
                    -5.246624212980183,
                    -0.013751910517735857
                ],
                [
                    -5.246624212980183,
                    0.008464343544963738,
                    -5.154485337943264
                ],
                [
                    -0.013751910517735857,
                    -5.154485337943264,
                    -0.032516066125989514
                ]
            ],
            "volume_eff": 39.202475295216765,
            "alpha_iso": 12.314913705303695,
            "c6_ii": 49.077922499437356,
            "c8_ii": 1446.5521891476742,
            "c10_ii": 53419.092153527876,
            "slater_b_init": 34.69908334375011
        },
        {
            "index": 7,
            "element": "C",
            "charge": 0.14785122932780315,
            "dipole": [
                -0.08956589358825139,
                -0.027076381641335107,
                0.11757381610330675
            ],
            "quadrupole": [
                [
                    -4.152633106210656,
                    -4.083003605202289,
                    -0.04735092851737113
                ],
                [
                    -4.083003605202289,
                    0.04844041087368666,
                    -3.9970128686194295
                ],
                [
                    -0.04735092851737113,
                    -3.9970128686194295,
                    -0.01739641373100168
                ]
            ],
            "volume_eff": 29.324095857932544,
            "alpha_iso": 9.211757861130641,
            "c6_ii": 27.460500713694174,
            "c8_ii": 666.95594608082,
            "c10_ii": 20295.52571587713,
            "slater_b_init": 38.22501124267774
        },
        {
            "index": 8,
            "element": "F",
            "charge": -0.23250244982726542,
            "dipole": [
                -0.004602442333156174,
                0.02593349911200739,
                -0.038878198334342286
            ],
            "quadrupole": [
                [
                    -3.578456956354391,
                    -3.5688847095558427,
                    -0.04249021346798481
                ],
                [
                    -3.5688847095558427,
                    -0.00043416755209172483,
                    -3.5216905552194286
                ],
                [
                    -0.04249021346798481,
                    -3.5216905552194286,
                    -0.00714878327661921
                ]
            ],
            "volume_eff": 17.99511936852527,
            "alpha_iso": 5.651359801685621,
            "c6_ii": 21.011755005334308,
            "c8_ii": 922.1500816607199,
            "c10_ii": 37546.07457409145,
            "slater_b_init": 33.29102315152262
        },
        {
            "index": 9,
            "element": "H",
            "charge": 0.17623931761016742,
            "dipole": [
                0.01562527618765839,
                -0.014979318376387106,
                0.03854421933264468
            ],
            "quadrupole": [
                [
                    -0.45218418549640366,
                    -0.4587589815209825,
                    0.0028720671070737837
                ],
                [
                    -0.4587589815209825,
                    -0.0014939214983630247,
                    -0.4605309493543542
                ],
                [
                    0.0028720671070737837,
                    -0.4605309493543542,
                    -0.0047672145097576385
                ]
            ],
            "volume_eff": 2.5297337955979065,
            "alpha_iso": 0.8073618496589063,
            "c6_ii": 0.20923039584445569,
            "c8_ii": 1.2738030187205605,
            "c10_ii": 10.703354898334478,
            "slater_b_init": 70.92098432999401
        },
        {
            "index": 10,
            "element": "H",
            "charge": 0.17904370913483936,
            "dipole": [
                -0.03862187143439825,
                -0.01667060033803368,
                -0.01488822902884227
            ],
            "quadrupole": [
                [
                    -0.4561521802918127,
                    -0.45474613152114796,
                    0.0021381084488925244
                ],
                [
                    -0.45474613152114796,
                    -0.0027779249227653726,
                    -0.44928329636855524
                ],
                [
                    0.0021381084488925244,
                    -0.44928329636855524,
                    -0.0045377585632285795
                ]
            ],
            "volume_eff": 2.5018587037255697,
            "alpha_iso": 0.7984655437422031,
            "c6_ii": 0.20464478812508435,
            "c8_ii": 1.2367165032516572,
            "c10_ii": 10.315250497900138,
            "slater_b_init": 71.183406812341
        },
        {
            "index": 11,
            "element": "H",
            "charge": 0.1774854078694681,
            "dipole": [
                -0.0042143702160141955,
                0.04257311771026464,
                0.0036978674730912178
            ],
            "quadrupole": [
                [
                    -0.45278387196553077,
                    -0.4625617685635419,
                    -0.0014090160822495682
                ],
                [
                    -0.4625617685635419,
                    0.0020754989238375757,
                    -0.4546605024302464
                ],
                [
                    -0.0014090160822495682,
                    -0.4546605024302464,
                    -0.004206595537465206
                ]
            ],
            "volume_eff": 2.5319433508883122,
            "alpha_iso": 0.8080670268792486,
            "c6_ii": 0.20959605331069353,
            "c8_ii": 1.2767720659731039,
            "c10_ii": 10.734548909054736,
            "slater_b_init": 70.90034808078619
        },
        {
            "index": 12,
            "element": "H",
            "charge": 0.07484518383758654,
            "dipole": [
                0.003916728597975057,
                -0.08436073708003275,
                -0.009052257840229012
            ],
            "quadrupole": [
                [
                    -0.5181249768403403,
                    -0.5262310728801354,
                    -0.005420255862293329
                ],
                [
                    -0.5262310728801354,
                    0.0063619218150184455,
                    -0.51786831320498
                ],
                [
                    -0.005420255862293329,
                    -0.51786831320498,
                    0.005901787266428496
                ]
            ],
            "volume_eff": 2.9017105642777254,
            "alpha_iso": 0.926077839663104,
            "c6_ii": 0.2752854850986682,
            "c8_ii": 1.8364551322896756,
            "c10_ii": 16.908982960163065,
            "slater_b_init": 67.75088905737903
        },
        {
            "index": 13,
            "element": "H",
            "charge": 0.19311692173753103,
            "dipole": [
                -0.01097881071221381,
                0.018886735888207235,
                0.03844455537018025
            ],
            "quadrupole": [
                [
                    -0.4265151185539396,
                    -0.4374213331184561,
                    -0.0031991463878610097
                ],
                [
                    -0.4374213331184561,
                    0.0014284765481223137,
                    -0.43885893473346366
                ],
                [
                    -0.0031991463878610097,
                    -0.43885893473346366,
                    0.004576610949762039
                ]
            ],
            "volume_eff": 2.37008839417492,
            "alpha_iso": 0.7564111896302935,
            "c6_ii": 0.18365561830550384,
            "c8_ii": 1.0705530578902076,
            "c10_ii": 8.612957992338693,
            "slater_b_init": 72.47888678702145
        },
        {
            "index": 14,
            "element": "H",
            "charge": 0.1999252503043245,
            "dipole": [
                0.013480432229456786,
                0.023911648225943667,
                -0.035110252124872475
            ],
            "quadrupole": [
                [
                    -0.42464556927720015,
                    -0.4314057671728399,
                    0.003384074273890273
                ],
                [
                    -0.4314057671728399,
                    -0.0034370653386552137,
                    -0.43151485284947494
                ],
                [
                    0.003384074273890273,
                    -0.43151485284947494,
                    0.0030249855851460484
                ]
            ],
            "volume_eff": 2.327261500608927,
            "alpha_iso": 0.7427430321092319,
            "c6_ii": 0.17707836426440993,
            "c8_ii": 1.019741060891284,
            "c10_ii": 8.105027026360963,
            "slater_b_init": 72.9207791683667
        },
        {
            "index": 15,
            "element": "H",
            "charge": 0.07585483510826374,
            "dipole": [
                0.04979911471037439,
                0.04169422314968987,
                0.015626417848436294
            ],
            "quadrupole": [
                [
                    -0.5405772365779692,
                    -0.5320353500441024,
                    -0.010155356969739196
                ],
                [
                    -0.5320353500441024,
                    -0.0036436488468313834,
                    -0.5227372882930142
                ],
                [
                    -0.010155356969739196,
                    -0.5227372882930142,
                    -0.0010853422655677097
                ]
            ],
            "volume_eff": 2.999786888150538,
            "alpha_iso": 0.9573787940905971,
            "c6_ii": 0.29420898814485824,
            "c8_ii": 2.006675523295432,
            "c10_ii": 18.890285656910123,
            "slater_b_init": 67.00433398360873
        },
        {
            "index": 16,
            "element": "H",
            "charge": 0.09726397021591882,
            "dipole": [
                0.0022793395647500918,
                -0.05200533550531391,
                -0.046336016501035734
            ],
            "quadrupole": [
                [
                    -0.5198923615971537,
                    -0.5126334626339181,
                    -0.012501360008268483
                ],
                [
                    -0.5126334626339181,
                    -0.002957127904123707,
                    -0.5080380298944601
                ],
                [
                    -0.012501360008268483,
                    -0.5080380298944601,
                    -0.002389526135546037
                ]
            ],
            "volume_eff": 2.883829937259994,
            "alpha_iso": 0.9203712565723385,
            "c6_ii": 0.2719032654078788,
            "c8_ii": 1.806432767653202,
            "c10_ii": 16.564156945257313,
            "slater_b_init": 67.8906260565003
        }
    ]
}