{
    "molecule": "Phos_804",
    "atoms": [
        {
            "index": 0,
            "element": "C",
            "charge": -0.5201320519175248,
            "dipole": [
                0.005218050739650788,
                0.04314071542316323,
                0.07530098038436357
            ],
            "quadrupole": [
                [
                    -5.211307433526087,
                    -5.255810013111586,
                    -0.07652199561680938
                ],
                [
                    -5.255810013111586,
                    0.0008300519762132224,
                    -5.346034232665911
                ],
                [
                    -0.07652199561680938,
                    -5.346034232665911,
                    -0.0023890717458912945
                ]
            ],
            "volume_eff": 39.94798503283381,
            "alpha_iso": 12.549105245916381,
            "c6_ii": 50.96229152254035,
            "c8_ii": 1521.0768034834425,
            "c10_ii": 56881.0753998956,
            "slater_b_init": 34.48187494671587
        },
        {
            "index": 1,
            "element": "C",
            "charge": 0.19160627112507633,
            "dipole": [
                0.14284987211526923,
                -0.1289316866348883,
                0.04148931722144101
            ],
            "quadrupole": [
                [
                    -4.037608225368613,
                    -4.10814886571174,
                    -0.11730591205334936
                ],
                [
                    -4.10814886571174,
                    0.006584118868542678,
                    -4.137725798747573
                ],
                [
                    -0.11730591205334936,
                    -4.137725798747573,
                    0.04539806134332695
                ]
            ],
            "volume_eff": 29.705340704353446,
            "alpha_iso": 9.33152064011103,
            "c6_ii": 28.179174510331435,
            "c8_ii": 690.330245690791,
            "c10_ii": 21188.489452270387,
            "slater_b_init": 38.06077723295541
        },
        {
            "index": 2,
            "element": "O",
            "charge": -0.5308130191238121,
            "dipole": [
                -0.058561626606718466,
                0.15363439402879442,
                0.13274263534213743
            ],
            "quadrupole": [
                [
                    -4.164798625690907,
                    -4.169253310177224,
                    -0.025294495684818962
                ],
                [
                    -4.169253310177224,
                    0.03013180513285535,
                    -4.2031244124640645
                ],
                [
                    -0.025294495684818962,
                    -4.2031244124640645,
                    -0.01136617468484956
                ]
            ],
            "volume_eff": 23.81063637352555,
            "alpha_iso": 7.103725768897126,
            "c6_ii": 26.996623761152666,
            "c8_ii": 1121.9501665843002,
            "c10_ii": 44900.09548260725,
            "slater_b_init": 33.767915168910505
        },
        {
            "index": 3,
            "element": "P",
            "charge": 1.7727278032019846,
            "dipole": [
                0.010098273648231794,
                -0.08511665701285054,
                0.10680453428282101
            ],
            "quadrupole": [
                [
                    -6.233246228113598,
                    -6.100516023352302,
                    -0.008987946660474868
                ],
                [
                    -6.100516023352302,
                    -0.02140320882536096,
                    -6.150874962998673
                ],
                [
                    -0.008987946660474868,
                    -6.150874962998673,
                    0.01050925359082682
                ]
            ],
            "volume_eff": 48.68530610292751,
            "alpha_iso": 18.725117731895196,
            "c6_ii": 103.78649008570744,
            "c8_ii": 3238.845030580267,
            "c10_ii": 57240.89557552724,
            "slater_b_init": 36.337280701566115
        },
        {
            "index": 4,
            "element": "O",
            "charge": -0.8391024239430998,
            "dipole": [
                0.04122305378655191,
                0.10321584632232532,
                -0.34688083739377906
            ],
            "quadrupole": [
                [
                    -4.735468630179784,
                    -4.719257997384247,
                    0.018794726581104967
                ],
                [
                    -4.719257997384247,
                    0.0067192813160644824,
                    -4.755966615642601
                ],
                [
                    0.018794726581104967,
                    -4.755966615642601,
                    -0.004900918288914354
                ]
            ],
            "volume_eff": 28.219665612226752,
            "alpha_iso": 8.41912675723892,
            "c6_ii": 37.9202485435363,
            "c8_ii": 1764.90985827147,
            "c10_ii": 79101.27185932746,
            "slater_b_init": 31.908811462900356
        },
        {
            "index": 5,
            "element": "O",
            "charge": -0.5154574315701215,
            "dipole": [
                -0.1472511293853931,
                -0.13454614024507947,
                0.018509964020644757
            ],
            "quadrupole": [
                [
                    -4.145620869992063,
                    -4.158973418121064,
                    0.03599642648515295
                ],
                [
                    -4.158973418121064,
                    -0.027011112620269617,
                    -4.127644827528756
                ],
                [
                    0.03599642648515295,
                    -4.127644827528756,
                    -0.002887087712565436
                ]
            ],
            "volume_eff": 23.486431986117406,
            "alpha_iso": 7.0070018080129275,
            "c6_ii": 26.26645952211743,
            "c8_ii": 1081.6738879140407,
            "c10_ii": 42894.413845122064,
            "slater_b_init": 33.92258199045473
        },
        {
            "index": 6,
            "element": "C",
            "charge": 0.18979752631949065,
            "dipole": [
                0.17833476728245312,
                -0.03344197941688798,
                0.07585639430825923
            ],
            "quadrupole": [
                [
                    -4.1058932685650475,
                    -4.142493424730427,
                    0.023003316856937107
                ],
                [
                    -4.142493424730427,
                    -0.10913099647858661,
                    -4.030524133394751
                ],
                [
                    0.023003316856937107,
                    -4.030524133394751,
                    0.05388550092976041
                ]
            ],
            "volume_eff": 29.650378427911168,
            "alpha_iso": 9.314255003532303,
            "c6_ii": 28.07499400153137,
            "c8_ii": 686.92940772853,
            "c10_ii": 21058.09137225697,
            "slater_b_init": 38.08428020127843
        },
        {
            "index": 7,
            "element": "C",
            "charge": -0.5213369970657364,
            "dipole": [
                -0.035628082300438575,
                -0.07362439338029693,
                0.03134266102428976
            ],
            "quadrupole": [
                [
                    -5.247395289144549,
                    -5.331503398554609,
                    0.05692291091349686
                ],
                [
                    -5.331503398554609,
                    -0.06737800989348487,
                    -5.238316197150686
                ],
                [
                    0.05692291091349686,
                    -5.238316197150686,
                    0.02742744296929219
                ]
            ],
            "volume_eff": 39.946555104459094,
            "alpha_iso": 12.548656053756783,
            "c6_ii": 50.958643222261685,
            "c8_ii": 1520.9316169530916,
            "c10_ii": 56874.288869272845,
            "slater_b_init": 34.48228637996675
        },
        {
            "index": 8,
            "element": "O",
            "charge": -0.6286754278628166,
            "dipole": [
                0.03840505017548921,
                -0.1641691892895652,
                0.10528480749544303
            ],
            "quadrupole": [
                [
                    -4.269921323380105,
                    -4.236748092313577,
                    0.023231794051663854
                ],
                [
                    -4.236748092313577,
                    0.01751866616936963,
                    -4.247610350646371
                ],
                [
                    0.023231794051663854,
                    -4.247610350646371,
                    -0.031926227948834394
                ]
            ],
            "volume_eff": 24.202222619251113,
            "alpha_iso": 7.220552604638454,
            "c6_ii": 27.891890490229006,
            "c8_ii": 1171.83076909729,
            "c10_ii": 47409.06899350084,
            "slater_b_init": 33.584805065747496
        },
        {
            "index": 9,
            "element": "C",
            "charge": 1.1341343224571316,
            "dipole": [
                0.012697169985796217,
                -0.016033396342656304,
                0.012157402263087914
            ],
            "quadrupole": [
                [
                    -2.852361211932928,
                    -2.7785223213085892,
                    -0.008564253351592305
                ],
                [
                    -2.7785223213085892,
                    0.005326256491379608,
                    -2.794869820325969
                ],
                [
                    -0.008564253351592305,
                    -2.794869820325969,
                    -0.008860129329159151
                ]
            ],
            "volume_eff": 19.259244520605314,
            "alpha_iso": 6.050024456734653,
            "c6_ii": 11.845071459738017,
            "c8_ii": 217.37159547988762,
            "c10_ii": 4997.840139717645,
            "slater_b_init": 43.975361298842884
        },
        {
            "index": 10,
            "element": "F",
            "charge": -0.2654182966937455,
            "dipole": [
                -0.017308145336410383,
                0.11331126185224148,
                0.017429250914327423
            ],
            "quadrupole": [
                [
                    -3.567822043636576,
                    -3.5134819239350765,
                    0.005695854568725401
                ],
                [
                    -3.5134819239350765,
                    -0.018479944653607975,
                    -3.574713832667731
                ],
                [
                    0.005695854568725401,
                    -3.574713832667731,
                    -0.005564907072019149
                ]
            ],
            "volume_eff": 17.8548019910633,
            "alpha_iso": 5.607293187276078,
            "c6_ii": 20.685353215837313,
            "c8_ii": 903.0998278146599,
            "c10_ii": 36579.033515564515,
            "slater_b_init": 33.378004891707974
        },
        {
            "index": 11,
            "element": "F",
            "charge": -0.2770994318730313,
            "dipole": [
                0.06508365180237238,
                -0.0423087517178291,
                0.06654626988069307
            ],
            "quadrupole": [
                [
                    -3.5511678778738793,
                    -3.5967385455161556,
                    -0.014349956721474303
                ],
                [
                    -3.5967385455161556,
                    -0.007935082193640381,
                    -3.5845452933793776
                ],
                [
                    -0.014349956721474303,
                    -3.5845452933793776,
                    0.032614456786153
                ]
            ],
            "volume_eff": 18.065559076860833,
            "alpha_iso": 5.673481362981088,
            "c6_ii": 21.17657287900904,
            "c8_ii": 931.8072264249281,
            "c10_ii": 38038.214213766645,
            "slater_b_init": 33.24769827401796
        },
        {
            "index": 12,
            "element": "F",
            "charge": -0.2654576894618117,
            "dipole": [
                0.016343115244154976,
                -0.02131573799125481,
                -0.11150004949977113
            ],
            "quadrupole": [
                [
                    -3.5738543215128513,
                    -3.579829451319495,
                    0.008069322873616735
                ],
                [
                    -3.579829451319495,
                    0.00012324522154765,
                    -3.5164350639626556
                ],
                [
                    0.008069322873616735,
                    -3.5164350639626556,
                    -0.012145701266344075
                ]
            ],
            "volume_eff": 17.897466934966857,
            "alpha_iso": 5.620692095278848,
            "c6_ii": 20.784328703901398,
            "c8_ii": 908.865965890539,
            "c10_ii": 36871.204739756984,
            "slater_b_init": 33.35146102743517
        },
        {
            "index": 13,
            "element": "H",
            "charge": 0.20652662918950138,
            "dipole": [
                -0.03150652779586539,
                0.03488348203234239,
                -0.008918975764499936
            ],
            "quadrupole": [
                [
                    -0.4268000056681124,
                    -0.4242026142876486,
                    0.004220895231483965
                ],
                [
                    -0.4242026142876486,
                    -0.002533000091435557,
                    -0.4156343178360733
                ],
                [
                    0.004220895231483965,
                    -0.4156343178360733,
                    0.0019230843804008719
                ]
            ],
            "volume_eff": 2.280376778754321,
            "alpha_iso": 0.7277798230066983,
            "c6_ii": 0.17001543506379244,
            "c8_ii": 0.9658737718108222,
            "c10_ii": 7.573428853678839,
            "slater_b_init": 73.41714505436606
        },
        {
            "index": 14,
            "element": "H",
            "charge": 0.20747954586436046,
            "dipole": [
                0.02127478067469153,
                -0.006359598321411989,
                0.04013263135134611
            ],
            "quadrupole": [
                [
                    -0.4216603163917273,
                    -0.4166750243547021,
                    0.003919466885781972
                ],
                [
                    -0.4166750243547021,
                    -0.006146457248070232,
                    -0.4218584387756695
                ],
                [
                    0.003919466885781972,
                    -0.4218584387756695,
                    -0.0017158504196225694
                ]
            ],
            "volume_eff": 2.2643063140432367,
            "alpha_iso": 0.7226509512903947,
            "c6_ii": 0.16762758435091016,
            "c8_ii": 0.9478287697931157,
            "c10_ii": 7.396979962161312,
            "slater_b_init": 73.59042363429742
        },
        {
            "index": 15,
            "element": "H",
            "charge": 0.12123373296950879,
            "dipole": [
                -0.02776528119322189,
                0.008937122682451703,
                -0.06747343647523614
            ],
            "quadrupole": [
                [
                    -0.49124311626576356,
                    -0.4858358514430406,
                    0.001074789034367627
                ],
                [
                    -0.4858358514430406,
                    -0.014461204779946814,
                    -0.4926614676548295
                ],
                [
                    0.001074789034367627,
                    -0.4926614676548295,
                    0.003686346731489773
                ]
            ],
            "volume_eff": 2.71806848586283,
            "alpha_iso": 0.8674686657009033,
            "c6_ii": 0.24154381525056226,
            "c8_ii": 1.5426372022056187,
            "c10_ii": 13.597899730015358,
            "slater_b_init": 69.24358802291346
        },
        {
            "index": 16,
            "element": "H",
            "charge": 0.12188809782076127,
            "dipole": [
                -0.01277588691406278,
                0.05131334251699102,
                -0.05129940380070012
            ],
            "quadrupole": [
                [
                    -0.4765790770945352,
                    -0.49465786620879615,
                    -0.005252586354081665
                ],
                [
                    -0.49465786620879615,
                    0.003058272622679054,
                    -0.49573558852621324
                ],
                [
                    -0.005252586354081665,
                    -0.49573558852621324,
                    0.00873646707934404
                ]
            ],
            "volume_eff": 2.710521736041161,
            "alpha_iso": 0.8650601285237747,
            "c6_ii": 0.2402043787037137,
            "c8_ii": 1.5312418777596337,
            "c10_ii": 13.472457778747824,
            "slater_b_init": 69.3077921200726
        },
        {
            "index": 17,
            "element": "H",
            "charge": 0.2069954489752498,
            "dipole": [
                -0.04302274235168373,
                0.003114047388264007,
                -0.020748657245210498
            ],
            "quadrupole": [
                [
                    -0.422573390890627,
                    -0.41882437926201005,
                    -0.006481314394351166
                ],
                [
                    -0.41882437926201005,
                    0.0035610970111259357,
                    -0.4240453761732162
                ],
                [
                    -0.006481314394351166,
                    -0.4240453761732162,
                    -9.3108079732212e-05
                ]
            ],
            "volume_eff": 2.277947666222995,
            "alpha_iso": 0.7270045743264879,
            "c6_ii": 0.1696534188689208,
            "c8_ii": 0.9631325477668512,
            "c10_ii": 7.546570925049891,
            "slater_b_init": 73.44323215551903
        },
        {
            "index": 18,
            "element": "H",
            "charge": 0.20800663807343733,
            "dipole": [
                0.012204836369175511,
                -0.03238324589191753,
                0.03004620092487196
            ],
            "quadrupole": [
                [
                    -0.41263104476315493,
                    -0.42154689656833,
                    -0.0009306874560797407
                ],
                [
                    -0.42154689656833,
                    0.004863873198865015,
                    -0.42423929281462375
                ],
                [
                    -0.0009306874560797407,
                    -0.42423929281462375,
                    0.0013686533902224325
                ]
            ],
            "volume_eff": 2.2598429273391245,
            "alpha_iso": 0.7212264661720611,
            "c6_ii": 0.1669673827553459,
            "c8_ii": 0.9428546723996193,
            "c10_ii": 7.348488699415774,
            "slater_b_init": 73.63884093859068
        }
    ]
}