{
    "molecule": "LCarb_91",
    "atoms": [
        {
            "index": 0,
            "element": "C",
            "charge": -0.09790309547690157,
            "dipole": [
                0.13315080000923146,
                0.001303824948309969,
                0.0777564432406505
            ],
            "quadrupole": [
                [
                    -4.482398010341149,
                    -4.5485114073896415,
                    -0.007793344790970244
                ],
                [
                    -4.5485114073896415,
                    0.004866070826321636,
                    -4.550993302497361
                ],
                [
                    -0.007793344790970244,
                    -4.550993302497361,
                    0.05728753931473551
                ]
            ],
            "volume_eff": 33.452758947583305,
            "alpha_iso": 10.508720088246063,
            "c6_ii": 35.73740987374136,
            "c8_ii": 947.6543861927164,
            "c10_ii": 31484.104176315042,
            "slater_b_init": 36.58293271507638
        },
        {
            "index": 1,
            "element": "O",
            "charge": -0.34845130615829767,
            "dipole": [
                -0.017510228013227384,
                -0.014421438804399262,
                -0.08008159404837382
            ],
            "quadrupole": [
                [
                    -3.9360064411919873,
                    -4.090274710076468,
                    0.0028603722902902076
                ],
                [
                    -4.090274710076468,
                    -0.020908322917156295,
                    -4.090036612680156
                ],
                [
                    0.0028603722902902076,
                    -4.090036612680156,
                    -0.016778652443682412
                ]
            ],
            "volume_eff": 23.036349062629373,
            "alpha_iso": 6.872722924762354,
            "c6_ii": 25.269389514699675,
            "c8_ii": 1027.276362584728,
            "c10_ii": 40215.12512760273,
            "slater_b_init": 34.142084443293385
        },
        {
            "index": 2,
            "element": "C",
            "charge": 0.016832477875031948,
            "dipole": [
                -0.07036719153839298,
                0.02820052432243203,
                0.10547792249234442
            ],
            "quadrupole": [
                [
                    -4.316128241381849,
                    -4.301899631660788,
                    4.35489089224211e-05
                ],
                [
                    -4.301899631660788,
                    -0.017373620264213727,
                    -4.351849825061841
                ],
                [
                    4.35489089224211e-05,
                    -4.351849825061841,
                    -0.09756996689076751
                ]
            ],
            "volume_eff": 31.68254105737319,
            "alpha_iso": 9.952630698651262,
            "c6_ii": 32.05525260129219,
            "c8_ii": 819.7564031508068,
            "c10_ii": 26265.45275759094,
            "slater_b_init": 37.2519630240385
        },
        {
            "index": 3,
            "element": "C",
            "charge": -0.01063256482016861,
            "dipole": [
                0.06945623375911071,
                -0.030969473761629545,
                -0.12178258194874135
            ],
            "quadrupole": [
                [
                    -4.375551084065985,
                    -4.335308811482041,
                    0.00991177048213378
                ],
                [
                    -4.335308811482041,
                    -0.021753690118476596,
                    -4.350923446876692
                ],
                [
                    0.00991177048213378,
                    -4.350923446876692,
                    -0.12336509195628045
                ]
            ],
            "volume_eff": 31.84981496646165,
            "alpha_iso": 10.005177476375387,
            "c6_ii": 32.39462956356703,
            "c8_ii": 831.3487287854681,
            "c10_ii": 26730.55128934456,
            "slater_b_init": 37.18663326482664
        },
        {
            "index": 4,
            "element": "O",
            "charge": -0.41584762048422164,
            "dipole": [
                -0.10768999037335096,
                0.014832106484162286,
                0.01568129012850634
            ],
            "quadrupole": [
                [
                    -4.0408538842513355,
                    -4.083061573189102,
                    -0.004778282316566584
                ],
                [
                    -4.083061573189102,
                    -0.010883664049203268,
                    -4.121507687233252
                ],
                [
                    -0.004778282316566584,
                    -4.121507687233252,
                    -0.02467567263073498
                ]
            ],
            "volume_eff": 23.272145686999533,
            "alpha_iso": 6.943071088939087,
            "c6_ii": 25.78934444027997,
            "c8_ii": 1055.5562109153914,
            "c10_ii": 41603.705376354075,
            "slater_b_init": 34.02638200146895
        },
        {
            "index": 5,
            "element": "C",
            "charge": 0.9968409163695622,
            "dipole": [
                -0.008996534737711625,
                -0.007467898788079114,
                -0.03957216149719992
            ],
            "quadrupole": [
                [
                    -2.8845097114709586,
                    -2.75325707076173,
                    -0.030343893098425154
                ],
                [
                    -2.75325707076173,
                    0.018176207161029984,
                    -2.9163058574906016
                ],
                [
                    -0.030343893098425154,
                    -2.9163058574906016,
                    -0.01026354823972898
                ]
            ],
            "volume_eff": 19.173064361412454,
            "alpha_iso": 6.022952155417524,
            "c6_ii": 11.739301349003506,
            "c8_ii": 214.78743966216317,
            "c10_ii": 4923.681715247917,
            "slater_b_init": 44.04115046180569
        },
        {
            "index": 6,
            "element": "O",
            "charge": -0.6411073372098777,
            "dipole": [
                0.04249387570150387,
                0.025550124401947195,
                0.15106191043935221
            ],
            "quadrupole": [
                [
                    -4.472701072035922,
                    -4.383337994787685,
                    -0.014911293899173561
                ],
                [
                    -4.383337994787685,
                    0.018686098406721863,
                    -4.445290842605848
                ],
                [
                    -0.014911293899173561,
                    -4.445290842605848,
                    0.00426804211236833
                ]
            ],
            "volume_eff": 26.02110822970384,
            "alpha_iso": 7.763203560243135,
            "c6_ii": 32.24178122349925,
            "c8_ii": 1421.629186246157,
            "c10_ii": 60361.944138634935,
            "slater_b_init": 32.783298846044175
        },
        {
            "index": 7,
            "element": "O",
            "charge": -0.41418885462768174,
            "dipole": [
                0.10443551523637032,
                -0.011113715681728769,
                -0.020014135786905984
            ],
            "quadrupole": [
                [
                    -4.030336160855394,
                    -4.076452546312053,
                    -0.001010509282442518
                ],
                [
                    -4.076452546312053,
                    0.005063780868775164,
                    -4.120721395787885
                ],
                [
                    -0.001010509282442518,
                    -4.120721395787885,
                    -0.0038986978489374
                ]
            ],
            "volume_eff": 23.204279534062373,
            "alpha_iso": 6.922823728394299,
            "c6_ii": 25.639150159154266,
            "c8_ii": 1047.3675875404306,
            "c10_ii": 41200.66422168,
            "slater_b_init": 34.05952232507179
        },
        {
            "index": 8,
            "element": "C",
            "charge": -0.020081119535502623,
            "dipole": [
                -0.14444369016909023,
                0.03221124952552341,
                -0.053003096673865616
            ],
            "quadrupole": [
                [
                    -4.256672339148178,
                    -4.448464331100716,
                    -0.006789051021851277
                ],
                [
                    -4.448464331100716,
                    -0.004758228638758074,
                    -4.334276869166809
                ],
                [
                    -0.006789051021851277,
                    -4.334276869166809,
                    0.05319258169191559
                ]
            ],
            "volume_eff": 31.669107518223022,
            "alpha_iso": 9.948410738708802,
            "c6_ii": 32.02807522315443,
            "c8_ii": 818.8298496016972,
            "c10_ii": 26228.348885868185,
            "slater_b_init": 37.257229512445285
        },
        {
            "index": 9,
            "element": "C",
            "charge": 0.023223137259105187,
            "dipole": [
                0.14602991940403606,
                -0.04065608448205435,
                0.015628913955329223
            ],
            "quadrupole": [
                [
                    -4.187319950077206,
                    -4.400974812118826,
                    -0.007942684938879027
                ],
                [
                    -4.400974812118826,
                    -0.01775539757211753,
                    -4.292370259381728
                ],
                [
                    -0.007942684938879027,
                    -4.292370259381728,
                    0.023785363940472867
                ]
            ],
            "volume_eff": 31.248090893590177,
            "alpha_iso": 9.816154207410525,
            "c6_ii": 31.182158107935507,
            "c8_ii": 790.121910698652,
            "c10_ii": 25083.983187669215,
            "slater_b_init": 37.42381023141283
        },
        {
            "index": 10,
            "element": "F",
            "charge": -0.21367076081669545,
            "dipole": [
                -0.05355354447967512,
                -0.0006987879445830026,
                -0.0041450928489470806
            ],
            "quadrupole": [
                [
                    -3.4748383799662017,
                    -3.5588366963288167,
                    -0.002737009918840735
                ],
                [
                    -3.5588366963288167,
                    -0.001054943144777605,
                    -3.5695419266094053
                ],
                [
                    -0.002737009918840735,
                    -3.5695419266094053,
                    0.012353369733450656
                ]
            ],
            "volume_eff": 17.84045081304628,
            "alpha_iso": 5.602786205750072,
            "c6_ii": 20.652113991673218,
            "c8_ii": 901.1654287875318,
            "c10_ii": 36481.1214557095,
            "slater_b_init": 33.38695244783658
        },
        {
            "index": 11,
            "element": "H",
            "charge": 0.08083399814239489,
            "dipole": [
                -0.006795583678844396,
                -0.05637737323921437,
                -0.015489692449431476
            ],
            "quadrupole": [
                [
                    -0.536030841691073,
                    -0.5610990935965657,
                    -0.007031758127158554
                ],
                [
                    -0.5610990935965657,
                    -0.004294113571541905,
                    -0.5565951790237387
                ],
                [
                    -0.007031758127158554,
                    -0.5565951790237387,
                    0.010834970259696533
                ]
            ],
            "volume_eff": 3.197233246550283,
            "alpha_iso": 1.0203935893245584,
            "c6_ii": 0.3342133334012475,
            "c8_ii": 2.3784878332608757,
            "c10_ii": 23.362442818168933,
            "slater_b_init": 65.59563220252944
        },
        {
            "index": 12,
            "element": "H",
            "charge": 0.08057113552829276,
            "dipole": [
                0.004279468014339052,
                0.046215140779435025,
                -0.03637091851293945
            ],
            "quadrupole": [
                [
                    -0.53486791234813,
                    -0.5582066747368813,
                    0.004893433645142343
                ],
                [
                    -0.5582066747368813,
                    0.003488856911883768,
                    -0.5620167292758163
                ],
                [
                    0.004893433645142343,
                    -0.5620167292758163,
                    0.010355645645010575
                ]
            ],
            "volume_eff": 3.2011415119077227,
            "alpha_iso": 1.0216409080556563,
            "c6_ii": 0.33503091074484487,
            "c8_ii": 2.386248904712202,
            "c10_ii": 23.4577720231084,
            "slater_b_init": 65.56892615213573
        },
        {
            "index": 13,
            "element": "H",
            "charge": 0.11579959279030039,
            "dipole": [
                -0.03408465916878732,
                0.013426896491618196,
                0.04816822036062938
            ],
            "quadrupole": [
                [
                    -0.49290899750585215,
                    -0.5100438423015902,
                    0.0005568742313760554
                ],
                [
                    -0.5100438423015902,
                    0.00038962644428404625,
                    -0.5015442148596283
                ],
                [
                    0.0005568742313760554,
                    -0.5015442148596283,
                    0.011271887675613209
                ]
            ],
            "volume_eff": 2.8052093362185038,
            "alpha_iso": 0.8952795753888843,
            "c6_ii": 0.257279795936062,
            "c8_ii": 1.6780702898552897,
            "c10_ii": 15.106183956226886,
            "slater_b_init": 68.5190401214692
        },
        {
            "index": 14,
            "element": "H",
            "charge": 0.08096750181132362,
            "dipole": [
                -0.0070913098416007046,
                -0.05633745852978564,
                -0.013709653796864488
            ],
            "quadrupole": [
                [
                    -0.5283489539759959,
                    -0.5540356341847066,
                    -0.006777524426486907
                ],
                [
                    -0.5540356341847066,
                    -0.006825232261569954,
                    -0.5428908845880785
                ],
                [
                    -0.006777524426486907,
                    -0.5428908845880785,
                    -0.010676823665567603
                ]
            ],
            "volume_eff": 3.1155909691134642,
            "alpha_iso": 0.9943375433340844,
            "c6_ii": 0.31736278891574343,
            "c8_ii": 2.2199536660079633,
            "c10_ii": 21.432457505151138,
            "slater_b_init": 66.16366439783882
        },
        {
            "index": 15,
            "element": "H",
            "charge": 0.08056664320531226,
            "dipole": [
                0.004294497460879063,
                0.04703025907627509,
                -0.03441386982716332
            ],
            "quadrupole": [
                [
                    -0.5279007245408762,
                    -0.5480781283006274,
                    0.01116675042900362
                ],
                [
                    -0.5480781283006274,
                    -0.002457748400346614,
                    -0.5508662594116842
                ],
                [
                    0.01116675042900362,
                    -0.5508662594116842,
                    -0.009310119631980288
                ]
            ],
            "volume_eff": 3.1196333227147215,
            "alpha_iso": 0.9956276561855494,
            "c6_ii": 0.31818685399752833,
            "c8_ii": 2.227642773889816,
            "c10_ii": 21.525290391772803,
            "slater_b_init": 66.13507422881949
        },
        {
            "index": 16,
            "element": "H",
            "charge": 0.11639213196352238,
            "dipole": [
                -0.005572219892309778,
                -0.046760089250108786,
                0.04188427626308533
            ],
            "quadrupole": [
                [
                    -0.49158261779133877,
                    -0.5041623717694561,
                    0.006393871137810876
                ],
                [
                    -0.5041623717694561,
                    -0.004454700076135692,
                    -0.5033281856501866
                ],
                [
                    0.006393871137810876,
                    -0.5033281856501866,
                    -0.007943596359626624
                ]
            ],
            "volume_eff": 2.7999030857096217,
            "alpha_iso": 0.8935860911839218,
            "c6_ii": 0.2563073908801403,
            "c8_ii": 1.6696191260366566,
            "c10_ii": 15.011145949020174,
            "slater_b_init": 68.56229754172718
        },
        {
            "index": 17,
            "element": "H",
            "charge": 0.1153888926025437,
            "dipole": [
                0.005894530543502847,
                0.058882535458519895,
                0.020826089889357097
            ],
            "quadrupole": [
                [
                    -0.4922473701599821,
                    -0.5096078682489594,
                    -0.002378941017651061
                ],
                [
                    -0.5096078682489594,
                    -0.0025118514022370413,
                    -0.5009546050559017
                ],
                [
                    -0.002378941017651061,
                    -0.5009546050559017,
                    -0.009442286176535248
                ]
            ],
            "volume_eff": 2.80944679795645,
            "alpha_iso": 0.8966319567946118,
            "c6_ii": 0.2580576606738111,
            "c8_ii": 1.684838376770794,
            "c10_ii": 15.182381195778692,
            "slater_b_init": 68.48457391632381
        },
        {
            "index": 18,
            "element": "H",
            "charge": 0.12012252122496558,
            "dipole": [
                0.028465621022698725,
                -0.026003158673821653,
                -0.0473693957091077
            ],
            "quadrupole": [
                [
                    -0.4799856217031236,
                    -0.4975694787042001,
                    -0.0015003473821819703
                ],
                [
                    -0.4975694787042001,
                    0.004411014418836812,
                    -0.49831664941550363
                ],
                [
                    -0.0015003473821819703,
                    -0.49831664941550363,
                    0.006621690228890117
                ]
            ],
            "volume_eff": 2.735202712477131,
            "alpha_iso": 0.8729370358969567,
            "c6_ii": 0.24459871339079858,
            "c8_ii": 1.5687056564711264,
            "c10_ii": 13.885736248608977,
            "slater_b_init": 69.09869670268377
        },
        {
            "index": 19,
            "element": "H",
            "charge": 0.11839943931895214,
            "dipole": [
                0.005451618935553413,
                -0.029729263371288197,
                0.05621468355333338
            ],
            "quadrupole": [
                [
                    -0.4881233738903613,
                    -0.5053709457676089,
                    0.001204352522640121
                ],
                [
                    -0.5053709457676089,
                    0.0066534110330855,
                    -0.5079399778124712
                ],
                [
                    0.001204352522640121,
                    -0.5079399778124712,
                    0.006985703977780572
                ]
            ],
            "volume_eff": 2.8086288707322953,
            "alpha_iso": 0.896370916191158,
            "c6_ii": 0.25790742350898493,
            "c8_ii": 1.6835306546845161,
            "c10_ii": 15.167652476975608,
            "slater_b_init": 68.49122128333788
        },
        {
            "index": 20,
            "element": "H",
            "charge": 0.10724383214617439,
            "dipole": [
                -0.01975961443125826,
                0.02608942366197372,
                0.0566702505766475
            ],
            "quadrupole": [
                [
                    -0.48962909835639057,
                    -0.506866980208512,
                    0.00017292629951170212
                ],
                [
                    -0.506866980208512,
                    0.0014491278181138162,
                    -0.5073247510703157
                ],
                [
                    0.00017292629951170212,
                    -0.5073247510703157,
                    0.005515678523187872
                ]
            ],
            "volume_eff": 2.7912153374044064,
            "alpha_iso": 0.8908134055545979,
            "c6_ii": 0.2547192791532135,
            "c8_ii": 1.6558398395739558,
            "c10_ii": 14.85644820086216,
            "slater_b_init": 68.63335799191118
        },
        {
            "index": 21,
            "element": "H",
            "charge": 0.09252589996093463,
            "dipole": [
                -0.00482937774366185,
                0.030455755630552507,
                -0.05381486190311701
            ],
            "quadrupole": [
                [
                    -0.504086992219847,
                    -0.5235796690853177,
                    0.004883625915904371
                ],
                [
                    -0.5235796690853177,
                    0.004317380101459231,
                    -0.526930449699325
                ],
                [
                    0.004883625915904371,
                    -0.526930449699325,
                    0.0008717635384311992
                ]
            ],
            "volume_eff": 2.9163411149874348,
            "alpha_iso": 0.9307471643576919,
            "c6_ii": 0.27806848620934566,
            "c8_ii": 1.861250960913245,
            "c10_ii": 17.19484448814145,
            "slater_b_init": 67.63740267120168
        }
    ]
}