{
    "molecule": "Phos_707",
    "atoms": [
        {
            "index": 0,
            "element": "C",
            "charge": -0.4433741841456973,
            "dipole": [
                -0.01829624430567443,
                -0.008610468809829429,
                0.07386721748565918
            ],
            "quadrupole": [
                [
                    -5.082325309654635,
                    -5.104343200314534,
                    -0.03207004277239332
                ],
                [
                    -5.104343200314534,
                    0.006033449117664641,
                    -5.169523204175271
                ],
                [
                    -0.03207004277239332,
                    -5.169523204175271,
                    0.005071988196029059
                ]
            ],
            "volume_eff": 38.76188839520566,
            "alpha_iso": 12.176509443520102,
            "c6_ii": 47.98097230438233,
            "c8_ii": 1403.6040267510352,
            "c10_ii": 51443.98776350169,
            "slater_b_init": 34.83005736395106
        },
        {
            "index": 1,
            "element": "C",
            "charge": -0.04009135106194073,
            "dipole": [
                -0.0014037208342928375,
                -0.06546032970967153,
                -0.03619159239096963
            ],
            "quadrupole": [
                [
                    -4.323763415764751,
                    -4.3684826981323654,
                    0.008446440975675717
                ],
                [
                    -4.3684826981323654,
                    0.05223835570164221,
                    -4.385273487391022
                ],
                [
                    0.008446440975675717,
                    -4.385273487391022,
                    0.02164918136056199
                ]
            ],
            "volume_eff": 31.72461878993539,
            "alpha_iso": 9.965848834534677,
            "c6_ii": 32.140454607390986,
            "c8_ii": 822.6628769051582,
            "c10_ii": 26381.91060414744,
            "slater_b_init": 37.23548610786516
        },
        {
            "index": 2,
            "element": "C",
            "charge": -0.442444840963117,
            "dipole": [
                -0.026900999905703958,
                0.055103589183411524,
                -0.04574980885093164
            ],
            "quadrupole": [
                [
                    -5.080160888840711,
                    -5.1797789380626265,
                    0.014019310460631287
                ],
                [
                    -5.1797789380626265,
                    0.01498931506373357,
                    -5.0840325938915445
                ],
                [
                    0.014019310460631287,
                    -5.0840325938915445,
                    0.00029127339484792865
                ]
            ],
            "volume_eff": 38.72198398624096,
            "alpha_iso": 12.163974027091399,
            "c6_ii": 47.88223269819266,
            "c8_ii": 1399.7540630080923,
            "c10_ii": 51267.66530139748,
            "slater_b_init": 34.842017802142415
        },
        {
            "index": 3,
            "element": "C",
            "charge": 0.07171093920569405,
            "dipole": [
                -0.05918619083884067,
                -0.16021680282095377,
                -0.08236728740294297
            ],
            "quadrupole": [
                [
                    -4.284894542954072,
                    -4.130214892174422,
                    0.00416510390855674
                ],
                [
                    -4.130214892174422,
                    0.06693193628248838,
                    -4.172069704838
                ],
                [
                    0.00416510390855674,
                    -4.172069704838,
                    0.04213217086020472
                ]
            ],
            "volume_eff": 30.36715000092851,
            "alpha_iso": 9.539418848459217,
            "c6_ii": 29.448776789106926,
            "c8_ii": 732.1086866753998,
            "c10_ii": 22803.332471832786,
            "slater_b_init": 37.78225026627663
        },
        {
            "index": 4,
            "element": "O",
            "charge": -0.5470206763857242,
            "dipole": [
                0.21869128298153215,
                -0.0104729478262831,
                -0.006621834235272866
            ],
            "quadrupole": [
                [
                    -4.223368422458487,
                    -4.22073387533988,
                    -0.017280796957233995
                ],
                [
                    -4.22073387533988,
                    0.021956590891349322,
                    -4.205094592939445
                ],
                [
                    -0.017280796957233995,
                    -4.205094592939445,
                    0.025477922136694014
                ]
            ],
            "volume_eff": 24.143609491031356,
            "alpha_iso": 7.203065815003829,
            "c6_ii": 27.75695649212338,
            "c8_ii": 1164.2781708343223,
            "c10_ii": 47027.43035768411,
            "slater_b_init": 33.611960901131546
        },
        {
            "index": 5,
            "element": "P",
            "charge": 1.7221994395593434,
            "dipole": [
                0.023858903067951003,
                -0.03434589201632182,
                -0.1128871109488771
            ],
            "quadrupole": [
                [
                    -6.414367837294252,
                    -6.3718298992178415,
                    0.01232266902480551
                ],
                [
                    -6.3718298992178415,
                    0.014235865031978068,
                    -6.335856692593057
                ],
                [
                    0.01232266902480551,
                    -6.335856692593057,
                    0.004021094595421919
                ]
            ],
            "volume_eff": 51.56485990991485,
            "alpha_iso": 19.832638426890327,
            "c6_ii": 116.426729903643,
            "c8_ii": 3775.194528090994,
            "c10_ii": 69325.47877861999,
            "slater_b_init": 35.6478858123094
        },
        {
            "index": 6,
            "element": "O",
            "charge": -0.8309324091075503,
            "dipole": [
                -0.09326518442208671,
                0.12132470533747768,
                0.3227565904844896
            ],
            "quadrupole": [
                [
                    -4.6967225100548795,
                    -4.696392876880098,
                    -0.01840711932378686
                ],
                [
                    -4.696392876880098,
                    0.004301062765641999,
                    -4.724788937049042
                ],
                [
                    -0.01840711932378686,
                    -4.724788937049042,
                    0.007771340322155126
                ]
            ],
            "volume_eff": 27.975347596829526,
            "alpha_iso": 8.346236299606598,
            "c6_ii": 37.266484971000864,
            "c8_ii": 1724.4563422300853,
            "c10_ii": 76841.4515505681,
            "slater_b_init": 32.00143244185189
        },
        {
            "index": 7,
            "element": "O",
            "charge": -0.5808160451650295,
            "dipole": [
                -0.05982994341583216,
                -0.11875682974207984,
                -0.10700440042508128
            ],
            "quadrupole": [
                [
                    -4.205246582926099,
                    -4.2476366605139635,
                    -0.032376611311852946
                ],
                [
                    -4.2476366605139635,
                    -0.01611344330303505,
                    -4.207295711742971
                ],
                [
                    -0.032376611311852946,
                    -4.207295711742971,
                    -0.01517493719097931
                ]
            ],
            "volume_eff": 24.098246439925312,
            "alpha_iso": 7.189532087049541,
            "c6_ii": 27.652750255114974,
            "c8_ii": 1158.4538497731062,
            "c10_ii": 46733.54508844557,
            "slater_b_init": 33.63303830425583
        },
        {
            "index": 8,
            "element": "C",
            "charge": 0.6594832597145261,
            "dipole": [
                0.14002244318063797,
                0.002896879021383201,
                -0.12995697831679437
            ],
            "quadrupole": [
                [
                    -3.529029386877913,
                    -3.4618708395567364,
                    0.009653700491011545
                ],
                [
                    -3.4618708395567364,
                    -0.012147041711704925,
                    -3.4535812328137188
                ],
                [
                    0.009653700491011545,
                    -3.4535812328137188,
                    0.09553733116041856
                ]
            ],
            "volume_eff": 24.826960285344832,
            "alpha_iso": 7.7990451158151295,
            "c6_ii": 19.683679721409888,
            "c8_ii": 427.8526892765004,
            "c10_ii": 11651.898747207522,
            "slater_b_init": 40.40619748790613
        },
        {
            "index": 9,
            "element": "F",
            "charge": -0.2093912523961805,
            "dipole": [
                0.012395953009766075,
                -0.02457591722601625,
                -0.03786984388149263
            ],
            "quadrupole": [
                [
                    -3.5400995166971745,
                    -3.459089403302965,
                    0.031761868813937236
                ],
                [
                    -3.459089403302965,
                    -0.007209864652789605,
                    -3.5146019261602475
                ],
                [
                    0.031761868813937236,
                    -3.5146019261602475,
                    -0.0010884454705252827
                ]
            ],
            "volume_eff": 17.581877710859885,
            "alpha_iso": 5.521581429856823,
            "c6_ii": 20.05780360956561,
            "c8_ii": 866.7549639557398,
            "c10_ii": 34748.2509302268,
            "slater_b_init": 33.54982828576901
        },
        {
            "index": 10,
            "element": "F",
            "charge": -0.1953257518154352,
            "dipole": [
                0.054016076608796156,
                0.009060812521700993,
                0.016116902599105126
            ],
            "quadrupole": [
                [
                    -3.451848551499823,
                    -3.501188682408884,
                    0.0043546766159137116
                ],
                [
                    -3.501188682408884,
                    0.015109293726063495,
                    -3.4766981218681314
                ],
                [
                    0.0043546766159137116,
                    -3.4766981218681314,
                    0.03704309345647603
                ]
            ],
            "volume_eff": 17.362745915019453,
            "alpha_iso": 5.452763179923464,
            "c6_ii": 19.56093835284806,
            "c8_ii": 838.2458598762327,
            "c10_ii": 33325.509546287045,
            "slater_b_init": 33.690380564100515
        },
        {
            "index": 11,
            "element": "C",
            "charge": 0.6106414460075413,
            "dipole": [
                -0.15334431194936365,
                -0.009411124592116439,
                0.1064495086377452
            ],
            "quadrupole": [
                [
                    -3.6790068151367867,
                    -3.5577813557674975,
                    -0.0011252658063172973
                ],
                [
                    -3.5577813557674975,
                    -0.005467070927203854,
                    -3.610158578881757
                ],
                [
                    -0.0011252658063172973,
                    -3.610158578881757,
                    0.08797111121870209
                ]
            ],
            "volume_eff": 26.16266801124975,
            "alpha_iso": 8.218639165837617,
            "c6_ii": 21.85864573473601,
            "c8_ii": 492.0208967677486,
            "c10_ii": 13875.808728733335,
            "slater_b_init": 39.706519638071384
        },
        {
            "index": 12,
            "element": "F",
            "charge": -0.20898943601440045,
            "dipole": [
                -0.012244003466759468,
                -0.03271914507036695,
                0.03381989182423308
            ],
            "quadrupole": [
                [
                    -3.537049593194364,
                    -3.4783852618735334,
                    -0.04335050330829294
                ],
                [
                    -3.4783852618735334,
                    -0.0035939215104476875,
                    -3.508546282549436
                ],
                [
                    -0.04335050330829294,
                    -3.508546282549436,
                    0.004354643306431534
                ]
            ],
            "volume_eff": 17.621321171959572,
            "alpha_iso": 5.533968632516229,
            "c6_ii": 20.14790054320628,
            "c8_ii": 871.9499740594505,
            "c10_ii": 35008.780959616386,
            "slater_b_init": 33.52477700584114
        },
        {
            "index": 13,
            "element": "F",
            "charge": -0.1809372072524038,
            "dipole": [
                -0.0039554834537434795,
                0.05485776123905852,
                0.028055172012206076
            ],
            "quadrupole": [
                [
                    -3.491418782292444,
                    -3.415718486441461,
                    0.03314995386893128
                ],
                [
                    -3.415718486441461,
                    0.0054115144830169225,
                    -3.466845268671405
                ],
                [
                    0.03314995386893128,
                    -3.466845268671405,
                    0.0006738483351872641
                ]
            ],
            "volume_eff": 17.220380662846853,
            "alpha_iso": 5.408053431307276,
            "c6_ii": 19.241474944654215,
            "c8_ii": 820.042417695705,
            "c10_ii": 32423.352943314934,
            "slater_b_init": 33.78296818792899
        },
        {
            "index": 14,
            "element": "F",
            "charge": -0.20884046405428336,
            "dipole": [
                -0.04488573515815981,
                -0.0003094102266226642,
                -0.013699358826103649
            ],
            "quadrupole": [
                [
                    -3.4773089430567077,
                    -3.5330282431317186,
                    0.00031431584593331495
                ],
                [
                    -3.5330282431317186,
                    0.005704504438057534,
                    -3.5050311331944988
                ],
                [
                    0.00031431584593331495,
                    -3.5050311331944988,
                    0.03915190890626059
                ]
            ],
            "volume_eff": 17.59042423658846,
            "alpha_iso": 5.52426546273026,
            "c6_ii": 20.077308488627885,
            "c8_ii": 867.8789614097103,
            "c10_ii": 34804.586452117364,
            "slater_b_init": 33.54439387218982
        },
        {
            "index": 15,
            "element": "O",
            "charge": -0.5630637750055332,
            "dipole": [
                0.03575338539875441,
                0.0886800564332016,
                -0.1447789633039093
            ],
            "quadrupole": [
                [
                    -4.1777876833748095,
                    -4.180864044370233,
                    0.037654633327137
                ],
                [
                    -4.180864044370233,
                    -0.0018720606547604783,
                    -4.230257007937812
                ],
                [
                    0.037654633327137,
                    -4.230257007937812,
                    -0.013012689169975722
                ]
            ],
            "volume_eff": 23.90519321619083,
            "alpha_iso": 7.131936097648094,
            "c6_ii": 27.211467593093285,
            "c8_ii": 1133.870828635273,
            "c10_ii": 45497.211849056686,
            "slater_b_init": 33.72333341023905
        },
        {
            "index": 16,
            "element": "C",
            "charge": 0.6377186760562541,
            "dipole": [
                0.1649959917683571,
                0.10904594812413966,
                -0.029818766680382143
            ],
            "quadrupole": [
                [
                    -3.588206765876333,
                    -3.540931947989226,
                    0.028638630942827453
                ],
                [
                    -3.540931947989226,
                    -0.06233162773062874,
                    -3.456442772555254
                ],
                [
                    0.028638630942827453,
                    -3.456442772555254,
                    -0.01557343219848421
                ]
            ],
            "volume_eff": 25.262050384000105,
            "alpha_iso": 7.93572263371731,
            "c6_ii": 20.379634217493496,
            "c8_ii": 448.14070463633954,
            "c10_ii": 12346.58527341065,
            "slater_b_init": 40.17287989266189
        },
        {
            "index": 17,
            "element": "F",
            "charge": -0.19633153493354527,
            "dipole": [
                0.023987646123976615,
                0.02766911854411647,
                0.04480124481240844
            ],
            "quadrupole": [
                [
                    -3.5114105100062587,
                    -3.4852017486429387,
                    0.03510236673146005
                ],
                [
                    -3.4852017486429387,
                    -0.002299198131717498,
                    -3.454851591008427
                ],
                [
                    0.03510236673146005,
                    -3.454851591008427,
                    0.0042400513576991644
                ]
            ],
            "volume_eff": 17.42272023514454,
            "alpha_iso": 5.471598090375971,
            "c6_ii": 19.696306356977612,
            "c8_ii": 845.9893428687958,
            "c10_ii": 33710.767654957555,
            "slater_b_init": 33.65167859822878
        },
        {
            "index": 18,
            "element": "F",
            "charge": -0.20654175668530073,
            "dipole": [
                0.02162406755908759,
                0.02236927957210361,
                -0.030774781315554247
            ],
            "quadrupole": [
                [
                    -3.525609021824316,
                    -3.5033926896305068,
                    -0.04565764305052814
                ],
                [
                    -3.5033926896305068,
                    -0.01309035102449741,
                    -3.475476283764268
                ],
                [
                    -0.04565764305052814,
                    -3.475476283764268,
                    0.008407862908747166
                ]
            ],
            "volume_eff": 17.56212259283551,
            "alpha_iso": 5.51537734320454,
            "c6_ii": 20.012754761798675,
            "c8_ii": 864.1603502508063,
            "c10_ii": 34618.276873725685,
            "slater_b_init": 33.562403312030135
        },
        {
            "index": 19,
            "element": "C",
            "charge": 0.6124193311756088,
            "dipole": [
                -0.1614326077617893,
                -0.09891664974494212,
                0.007182350395617206
            ],
            "quadrupole": [
                [
                    -3.678028915608111,
                    -3.594982744098443,
                    0.01249625086152932
                ],
                [
                    -3.594982744098443,
                    -0.08177432368025297,
                    -3.5434809867064745
                ],
                [
                    0.01249625086152932,
                    -3.5434809867064745,
                    0.002142644102631438
                ]
            ],
            "volume_eff": 26.03993600250127,
            "alpha_iso": 8.180084608115582,
            "c6_ii": 21.654044052293834,
            "c8_ii": 485.8899326726243,
            "c10_ii": 13660.017177641661,
            "slater_b_init": 39.76880377279183
        },
        {
            "index": 20,
            "element": "F",
            "charge": -0.20538369758540576,
            "dipole": [
                -0.012945293209914794,
                -0.03805258386414569,
                -0.03269052405059592
            ],
            "quadrupole": [
                [
                    -3.5201409588837826,
                    -3.4938106778299525,
                    0.040660788822832895
                ],
                [
                    -3.4938106778299525,
                    -0.004132769269632282,
                    -3.4797715416730712
                ],
                [
                    0.040660788822832895,
                    -3.4797715416730712,
                    0.0006316518832923127
                ]
            ],
            "volume_eff": 17.525046958003603,
            "alpha_iso": 5.50373375540609,
            "c6_ii": 19.928345559471335,
            "c8_ii": 859.3039965654622,
            "c10_ii": 34375.265937855445,
            "slater_b_init": 33.58605462162443
        },
        {
            "index": 21,
            "element": "F",
            "charge": -0.18951102869317538,
            "dipole": [
                -0.006291751974793812,
                -0.029223318097744852,
                0.04316146203865789
            ],
            "quadrupole": [
                [
                    -3.493554619545019,
                    -3.4690111320729113,
                    -0.03332051144072966
                ],
                [
                    -3.4690111320729113,
                    -0.012745631216660475,
                    -3.4418783233833694
                ],
                [
                    -0.03332051144072966,
                    -3.4418783233833694,
                    0.010018377841227177
                ]
            ],
            "volume_eff": 17.30117191242947,
            "alpha_iso": 5.433425889853883,
            "c6_ii": 19.422445329298988,
            "c8_ii": 830.3420810174571,
            "c10_ii": 32933.19284904643,
            "slater_b_init": 33.730300701466874
        },
        {
            "index": 22,
            "element": "F",
            "charge": -0.19857921508028298,
            "dipole": [
                -0.04683446871645373,
                0.01685848911793271,
                0.001166967079987978
            ],
            "quadrupole": [
                [
                    -3.4653143613709427,
                    -3.489348009153434,
                    -0.0003959402005623386
                ],
                [
                    -3.489348009153434,
                    -0.04371140325890184,
                    -3.5206710511444577
                ],
                [
                    -0.0003959402005623386,
                    -3.5206710511444577,
                    0.0022451764249844506
                ]
            ],
            "volume_eff": 17.49663600409768,
            "alpha_iso": 5.494811307071999,
            "c6_ii": 19.86378375021467,
            "c8_ii": 855.59415565783,
            "c10_ii": 34189.8573498294,
            "slater_b_init": 33.60422374917148
        },
        {
            "index": 23,
            "element": "H",
            "charge": 0.13993229103045013,
            "dipole": [
                0.04538596071435392,
                -0.010302740965101953,
                -0.000802854293743654
            ],
            "quadrupole": [
                [
                    -0.5009421867245017,
                    -0.49797619199207266,
                    -0.001134582850979296
                ],
                [
                    -0.49797619199207266,
                    0.0020563216964619435,
                    -0.4867013549039309
                ],
                [
                    -0.001134582850979296,
                    -0.4867013549039309,
                    0.0030142513366264306
                ]
            ],
            "volume_eff": 2.8013744986864,
            "alpha_iso": 0.8940556910701277,
            "c6_ii": 0.25657685243341943,
            "c8_ii": 1.6719599453912337,
            "c10_ii": 15.037457740960523,
            "slater_b_init": 68.5502913970736
        },
        {
            "index": 24,
            "element": "H",
            "charge": 0.14822054964150178,
            "dipole": [
                -0.030159228619418263,
                -0.035061409096864955,
                -0.009661780979433283
            ],
            "quadrupole": [
                [
                    -0.4884552475421318,
                    -0.4912474488673019,
                    -0.003037201635792321
                ],
                [
                    -0.4912474488673019,
                    -0.0017376763592368261,
                    -0.47815254563860743
                ],
                [
                    -0.003037201635792321,
                    -0.47815254563860743,
                    -0.003929243211019979
                ]
            ],
            "volume_eff": 2.734722928715804,
            "alpha_iso": 0.8727839134199374,
            "c6_ii": 0.24451291046469312,
            "c8_ii": 1.5679719831350785,
            "c10_ii": 13.877618888652503,
            "slater_b_init": 69.10273739161761
        },
        {
            "index": 25,
            "element": "H",
            "charge": 0.1296025600354931,
            "dipole": [
                -0.012436614309332003,
                0.04322524252589983,
                -0.0143776954557095
            ],
            "quadrupole": [
                [
                    -0.5091373642290383,
                    -0.5124870625245148,
                    0.0060247721895516455
                ],
                [
                    -0.5124870625245148,
                    0.0017535560103693574,
                    -0.5025584197366726
                ],
                [
                    0.0060247721895516455,
                    -0.5025584197366726,
                    -0.0029384110504573
                ]
            ],
            "volume_eff": 2.8957689473020833,
            "alpha_iso": 0.9241815789261969,
            "c6_ii": 0.2741592760677713,
            "c8_ii": 1.8264445748985614,
            "c10_ii": 16.793847523323844,
            "slater_b_init": 67.79719510278468
        },
        {
            "index": 26,
            "element": "H",
            "charge": 0.1189639676184524,
            "dipole": [
                0.03982900071828414,
                0.03012654065872327,
                0.013793460156327462
            ],
            "quadrupole": [
                [
                    -0.4952647020891355,
                    -0.5025307523403135,
                    -0.007403420471214903
                ],
                [
                    -0.5025307523403135,
                    -0.01071428630649866,
                    -0.4910003039103013
                ],
                [
                    -0.007403420471214903,
                    -0.4910003039103013,
                    -0.005058967709118383
                ]
            ],
            "volume_eff": 2.7674198244597834,
            "alpha_iso": 0.8832190929126968,
            "c6_ii": 0.25039475454597165,
            "c8_ii": 1.6184633667776982,
            "c10_ii": 14.438453412106224,
            "slater_b_init": 68.82951029232969
        },
        {
            "index": 27,
            "element": "H",
            "charge": 0.13939695327769752,
            "dipole": [
                0.044648048097777275,
                -0.0039012878704083897,
                -0.012767096933001987
            ],
            "quadrupole": [
                [
                    -0.5017937059231748,
                    -0.4910660632176269,
                    -0.005985454183224244
                ],
                [
                    -0.4910660632176269,
                    0.0025375830092074616,
                    -0.4946227924755762
                ],
                [
                    -0.005985454183224244,
                    -0.4946227924755762,
                    0.0009329038190536819
                ]
            ],
            "volume_eff": 2.80563735164451,
            "alpha_iso": 0.8954161760567585,
            "c6_ii": 0.2573583128018124,
            "c8_ii": 1.6787531444641879,
            "c10_ii": 15.113868267818631,
            "slater_b_init": 68.5155556253233
        },
        {
            "index": 28,
            "element": "H",
            "charge": 0.13238463820772206,
            "dipole": [
                -0.008535954803072822,
                0.010181565904491279,
                0.04570556708915915
            ],
            "quadrupole": [
                [
                    -0.5045925576801767,
                    -0.4967573261535753,
                    -0.0012093945591861491
                ],
                [
                    -0.4967573261535753,
                    -0.0024225213703495292,
                    -0.5120150348734931
                ],
                [
                    -0.0012093945591861491,
                    -0.5120150348734931,
                    0.002068634080414996
                ]
            ],
            "volume_eff": 2.868651325695499,
            "alpha_iso": 0.915527018838989,
            "c6_ii": 0.2690485528127083,
            "c8_ii": 1.7811894684803928,
            "c10_ii": 16.27532733314872,
            "slater_b_init": 68.01015647305078
        },
        {
            "index": 29,
            "element": "H",
            "charge": 0.14909187567356996,
            "dipole": [
                -0.031370053174054835,
                -0.0288663680750267,
                -0.020778589271414055
            ],
            "quadrupole": [
                [
                    -0.48662397468336954,
                    -0.4843381966931057,
                    -0.0068027163521853255
                ],
                [
                    -0.4843381966931057,
                    -0.00563682638368938,
                    -0.48390464615434386
                ],
                [
                    -0.0068027163521853255,
                    -0.48390464615434386,
                    0.0015117007568705035
                ]
            ],
            "volume_eff": 2.72859880949695,
            "alpha_iso": 0.8708294072862607,
            "c6_ii": 0.2434190156970129,
            "c8_ii": 1.5586259671620013,
            "c10_ii": 13.774297792479336,
            "slater_b_init": 69.1543972627415
        },
        {
            "index": 30,
            "element": "H",
            "charge": 0.10353699506659853,
            "dipole": [
                -0.004662654465182781,
                -0.004314941634113598,
                0.0665686438919186
            ],
            "quadrupole": [
                [
                    -0.5038531184431317,
                    -0.5055681185517229,
                    0.0040336486674638974
                ],
                [
                    -0.5055681185517229,
                    0.008712853683588205,
                    -0.5169476279044882
                ],
                [
                    0.0040336486674638974,
                    -0.5169476279044882,
                    0.001071196922804395
                ]
            ],
            "volume_eff": 2.8528242553397702,
            "alpha_iso": 0.9104758261722671,
            "c6_ii": 0.266087925693159,
            "c8_ii": 1.7551037552462379,
            "c10_ii": 15.97793234716535,
            "slater_b_init": 68.13569488373676
        },
        {
            "index": 31,
            "element": "H",
            "charge": 0.0882447079323947,
            "dipole": [
                -0.009147051754870525,
                0.0534829217367047,
                -0.036482889806347736
            ],
            "quadrupole": [
                [
                    -0.5161716982529911,
                    -0.5261907060263474,
                    0.007476753466793131
                ],
                [
                    -0.5261907060263474,
                    0.007676942040559708,
                    -0.5297684074597719
                ],
                [
                    0.007476753466793131,
                    -0.5297684074597719,
                    0.004746409604625035
                ]
            ],
            "volume_eff": 2.957226990623744,
            "alpha_iso": 0.9437958480714077,
            "c6_ii": 0.285919946589599,
            "c8_ii": 1.9316503193281973,
            "c10_ii": 18.011617741990637,
            "slater_b_init": 67.32424241592273
        }
    ]
}