{
    "molecule": "SL",
    "atoms": [
        {
            "index": 0,
            "element": "C",
            "charge": -0.180083129078783,
            "dipole": [
                -0.040224537309402994,
                0.05517589590865998,
                -0.03616347008233844
            ],
            "quadrupole": [
                [
                    -4.595733696741346,
                    -4.6022768152865465,
                    0.019081492791188977
                ],
                [
                    -4.6022768152865465,
                    0.024406644278369406,
                    -4.579483685607043
                ],
                [
                    0.019081492791188977,
                    -4.579483685607043,
                    -0.05909833676354372
                ]
            ],
            "volume_eff": 33.73994727148644,
            "alpha_iso": 10.59893631565019,
            "c6_ii": 36.35364734501051,
            "c8_ii": 969.5045825034558,
            "c10_ii": 32394.121154717526,
            "slater_b_init": 36.47884105045346
        },
        {
            "index": 1,
            "element": "C",
            "charge": -0.1769849263728025,
            "dipole": [
                -0.03407498510090645,
                0.061257291077589635,
                0.03608527078129619
            ],
            "quadrupole": [
                [
                    -4.574927451971862,
                    -4.602829418599335,
                    -0.06242297669978261
                ],
                [
                    -4.602829418599335,
                    0.014089497963582914,
                    -4.576551520161973
                ],
                [
                    -0.06242297669978261,
                    -4.576551520161973,
                    -0.011184160565079652
                ]
            ],
            "volume_eff": 33.65965946111192,
            "alpha_iso": 10.57371501396186,
            "c6_ii": 36.180838420528346,
            "c8_ii": 963.3646696683063,
            "c10_ii": 32137.882838609017,
            "slater_b_init": 36.50782213863218
        },
        {
            "index": 2,
            "element": "C",
            "charge": -0.4961491861508538,
            "dipole": [
                0.03182907073926654,
                -0.09452068331863814,
                -0.017027364201044847
            ],
            "quadrupole": [
                [
                    -5.139701909812102,
                    -5.183580437848822,
                    -0.007685163011098593
                ],
                [
                    -5.183580437848822,
                    -0.03652312827940626,
                    -5.0761671304093126
                ],
                [
                    -0.007685163011098593,
                    -5.0761671304093126,
                    0.015364883182810016
                ]
            ],
            "volume_eff": 38.4592339739359,
            "alpha_iso": 12.08143475621023,
            "c6_ii": 47.23462267232714,
            "c8_ii": 1374.568793835867,
            "c10_ii": 50117.219636743845,
            "slater_b_init": 34.92118362971892
        },
        {
            "index": 3,
            "element": "S",
            "charge": 1.2796085966387594,
            "dipole": [
                -0.06398010673292341,
                0.11264983254194645,
                -0.0018924158970290332
            ],
            "quadrupole": [
                [
                    -7.3605203904356795,
                    -7.37877226366586,
                    -0.004453462479399869
                ],
                [
                    -7.37877226366586,
                    -0.007840452954466174,
                    -7.4367870049266624
                ],
                [
                    -0.004453462479399869,
                    -7.4367870049266624,
                    0.00964235482501893
                ]
            ],
            "volume_eff": 56.08164311789669,
            "alpha_iso": 14.617024004132649,
            "c6_ii": 74.52647427845238,
            "c8_ii": 1829.5082046764949,
            "c10_ii": 45136.11847201095,
            "slater_b_init": 37.492519046838936
        },
        {
            "index": 4,
            "element": "O",
            "charge": -0.628255914403578,
            "dipole": [
                -0.05887588769806528,
                0.07745491324262373,
                0.16027562546420349
            ],
            "quadrupole": [
                [
                    -4.366264517202191,
                    -4.372885672921764,
                    -0.01802262622033169
                ],
                [
                    -4.372885672921764,
                    -0.0020004609201046786,
                    -4.376934244619457
                ],
                [
                    -0.01802262622033169,
                    -4.376934244619457,
                    0.017242575801743657
                ]
            ],
            "volume_eff": 25.32505635606784,
            "alpha_iso": 7.555541675290957,
            "c6_ii": 30.539947740401654,
            "c8_ii": 1322.4685358380902,
            "c10_ii": 55145.742737482346,
            "slater_b_init": 33.08093496749991
        },
        {
            "index": 5,
            "element": "O",
            "charge": -0.6309078841589226,
            "dipole": [
                -0.04770283462421356,
                0.090291894054636,
                -0.16343902208919878
            ],
            "quadrupole": [
                [
                    -4.378625309867618,
                    -4.36725914921503,
                    0.02474296685101326
                ],
                [
                    -4.36725914921503,
                    0.0030009083996278382,
                    -4.388341119046516
                ],
                [
                    0.02474296685101326,
                    -4.388341119046516,
                    -0.01206278558086606
                ]
            ],
            "volume_eff": 25.375034087815855,
            "alpha_iso": 7.570452158795891,
            "c6_ii": 30.660604796379655,
            "c8_ii": 1329.4395207532336,
            "c10_ii": 55509.33655023935,
            "slater_b_init": 33.05920236331673
        },
        {
            "index": 6,
            "element": "C",
            "charge": -0.4938068200978716,
            "dipole": [
                0.06795634663547331,
                -0.07154951309955389,
                0.014746801531915413
            ],
            "quadrupole": [
                [
                    -5.1872499238000325,
                    -5.116848478033797,
                    0.013654281561906937
                ],
                [
                    -5.116848478033797,
                    -0.0055195758795058255,
                    -5.070849357026174
                ],
                [
                    0.013654281561906937,
                    -5.070849357026174,
                    0.0021821528595968075
                ]
            ],
            "volume_eff": 38.367152549871726,
            "alpha_iso": 12.052508654409966,
            "c6_ii": 47.00870946313627,
            "c8_ii": 1365.8100929651644,
            "c10_ii": 49718.35678266875,
            "slater_b_init": 34.94909833495103
        },
        {
            "index": 7,
            "element": "H",
            "charge": 0.1305553649660106,
            "dipole": [
                -0.016085812033343506,
                -0.002313963871276318,
                0.05009654967030072
            ],
            "quadrupole": [
                [
                    -0.486847334043751,
                    -0.48057132494865135,
                    0.0033600163110058096
                ],
                [
                    -0.48057132494865135,
                    0.0032312208180684736,
                    -0.4996068831371588
                ],
                [
                    0.0033600163110058096,
                    -0.4996068831371588,
                    0.0016049944292667602
                ]
            ],
            "volume_eff": 2.7245760927292375,
            "alpha_iso": 0.8695455615093312,
            "c6_ii": 0.24270180953154355,
            "c8_ii": 1.5525058928195412,
            "c10_ii": 13.706723602649069,
            "slater_b_init": 69.18841500166103
        },
        {
            "index": 8,
            "element": "H",
            "charge": 0.12864844935644548,
            "dipole": [
                0.04655172054844284,
                -0.014981978119095933,
                -0.023728266180803956
            ],
            "quadrupole": [
                [
                    -0.501432902111674,
                    -0.48604697411419917,
                    0.0012691113634618974
                ],
                [
                    -0.48604697411419917,
                    0.00700757346367722,
                    -0.49605128780034924
                ],
                [
                    0.0012691113634618974,
                    -0.49605128780034924,
                    0.0017570675262783008
                ]
            ],
            "volume_eff": 2.7652804047961985,
            "alpha_iso": 0.8825362994030421,
            "c6_ii": 0.2500077569612891,
            "c8_ii": 1.6151290050324625,
            "c10_ii": 14.401280326149923,
            "slater_b_init": 68.84725620193991
        },
        {
            "index": 9,
            "element": "H",
            "charge": 0.12953365452984245,
            "dipole": [
                0.008740277185704318,
                0.014390520227536705,
                -0.05064884171004263
            ],
            "quadrupole": [
                [
                    -0.4803570896355759,
                    -0.4891679010134392,
                    0.00014941204552142512
                ],
                [
                    -0.4891679010134392,
                    -0.0006122373249354496,
                    -0.5015240422376732
                ],
                [
                    0.00014941204552142512,
                    -0.5015240422376732,
                    0.003773607411107413
                ]
            ],
            "volume_eff": 2.734488092392407,
            "alpha_iso": 0.8727089656571512,
            "c6_ii": 0.2444709186073795,
            "c8_ii": 1.5676129554883345,
            "c10_ii": 13.873646953654703,
            "slater_b_init": 69.10471550326822
        },
        {
            "index": 10,
            "element": "H",
            "charge": 0.12822492630340576,
            "dipole": [
                -0.006410954291648444,
                -0.048885131113896745,
                0.023040944086841438
            ],
            "quadrupole": [
                [
                    -0.4839839594006204,
                    -0.5044583379823457,
                    0.0008969943282857397
                ],
                [
                    -0.5044583379823457,
                    -0.0014213132540130307,
                    -0.4965897176544723
                ],
                [
                    0.0008969943282857397,
                    -0.4965897176544723,
                    0.0016295126791902221
                ]
            ],
            "volume_eff": 2.7690986128820305,
            "alpha_iso": 0.8837548764517119,
            "c6_ii": 0.25069863855502095,
            "c8_ii": 1.621082828418942,
            "c10_ii": 14.467669877665706,
            "slater_b_init": 68.8155979981032
        },
        {
            "index": 11,
            "element": "H",
            "charge": 0.20636623562823586,
            "dipole": [
                -0.027722874409992364,
                -0.006638518262077706,
                -0.0381109408687772
            ],
            "quadrupole": [
                [
                    -0.4200109205284532,
                    -0.412486680215259,
                    -0.0008486671387676441
                ],
                [
                    -0.412486680215259,
                    -0.005595273796001374,
                    -0.41862713754459235
                ],
                [
                    -0.0008486671387676441,
                    -0.41862713754459235,
                    -0.004023016571583827
                ]
            ],
            "volume_eff": 2.2355197603724215,
            "alpha_iso": 0.7134637533103473,
            "c6_ii": 0.16339251493185047,
            "c8_ii": 0.9160350995966875,
            "c10_ii": 7.088139025619818,
            "slater_b_init": 73.90494949157967
        },
        {
            "index": 12,
            "element": "H",
            "charge": 0.2003817706134705,
            "dipole": [
                -0.01108998165641482,
                -0.012754861926179443,
                0.04342576326014196
            ],
            "quadrupole": [
                [
                    -0.4215613616795006,
                    -0.42042315642968403,
                    0.004166186059953101
                ],
                [
                    -0.42042315642968403,
                    -0.005220763661815059,
                    -0.42890515482455693
                ],
                [
                    0.004166186059953101,
                    -0.42890515482455693,
                    0.002449527017969347
                ]
            ],
            "volume_eff": 2.2860507472327427,
            "alpha_iso": 0.7295906640104498,
            "c6_ii": 0.17086254274433868,
            "c8_ii": 0.972295759636223,
            "c10_ii": 7.636424693082226,
            "slater_b_init": 73.35635438262862
        },
        {
            "index": 13,
            "element": "H",
            "charge": 0.20595813026509535,
            "dipole": [
                0.018476850968451725,
                0.021440850618921602,
                0.03820447247055911
            ],
            "quadrupole": [
                [
                    -0.4190705953906063,
                    -0.4146941072015514,
                    -0.002964084030320495
                ],
                [
                    -0.4146941072015514,
                    -0.006479374999739854,
                    -0.4189313798103477
                ],
                [
                    -0.002964084030320495,
                    -0.4189313798103477,
                    -0.0025358052436808606
                ]
            ],
            "volume_eff": 2.239513646540907,
            "alpha_iso": 0.7147383978322045,
            "c6_ii": 0.16397685692258532,
            "c8_ii": 0.9204057328844083,
            "c10_ii": 7.130438320234842,
            "slater_b_init": 73.86099000736603
        },
        {
            "index": 14,
            "element": "H",
            "charge": 0.19982661035426175,
            "dipole": [
                0.015819069764560028,
                0.005221091614100004,
                -0.043704574226027956
            ],
            "quadrupole": [
                [
                    -0.4250480767596819,
                    -0.41794953636085036,
                    0.0006831217796779798
                ],
                [
                    -0.41794953636085036,
                    -0.003876143110333052,
                    -0.4296715669114533
                ],
                [
                    0.0006831217796779798,
                    -0.4296715669114533,
                    0.0046336107704572005
                ]
            ],
            "volume_eff": 2.289854472878696,
            "alpha_iso": 0.7308046190038391,
            "c6_ii": 0.1714316070381606,
            "c8_ii": 0.9766158459813031,
            "c10_ii": 7.678860747104666,
            "slater_b_init": 73.31571394135969
        }
    ]
}