{
    "molecule": "Phos_545",
    "atoms": [
        {
            "index": 0,
            "element": "C",
            "charge": -0.38073115514720524,
            "dipole": [
                0.04360106937034506,
                0.030145788568020825,
                0.0023163844301163994
            ],
            "quadrupole": [
                [
                    -5.166777178451188,
                    -5.042800431746854,
                    -0.06768313630973749
                ],
                [
                    -5.042800431746854,
                    -0.07051256578372109,
                    -5.018750506149969
                ],
                [
                    -0.06768313630973749,
                    -5.018750506149969,
                    0.010605168161362418
                ]
            ],
            "volume_eff": 38.41967246982808,
            "alpha_iso": 12.069007058584738,
            "c6_ii": 47.137495849415544,
            "c8_ii": 1370.801452087712,
            "c10_ii": 49945.58038725296,
            "slater_b_init": 34.933165864635
        },
        {
            "index": 1,
            "element": "C",
            "charge": -0.14940609491818613,
            "dipole": [
                -0.06984824964198323,
                0.01865010219621325,
                -0.0013410607924581764
            ],
            "quadrupole": [
                [
                    -4.693807563003763,
                    -4.554771918462077,
                    -0.08376200594823531
                ],
                [
                    -4.554771918462077,
                    -0.07509270080518873,
                    -4.555543656995584
                ],
                [
                    -0.08376200594823531,
                    -4.555543656995584,
                    0.04897020528873176
                ]
            ],
            "volume_eff": 34.03948699119136,
            "alpha_iso": 10.693032562677914,
            "c6_ii": 37.00200038201696,
            "c8_ii": 992.6271521362336,
            "c10_ii": 33362.728225748746,
            "slater_b_init": 36.37152381679793
        },
        {
            "index": 2,
            "element": "C",
            "charge": 0.10132135796632902,
            "dipole": [
                -0.06297930076536375,
                0.04136373948211821,
                -0.14791254020045314
            ],
            "quadrupole": [
                [
                    -4.137764300283683,
                    -4.10606606253103,
                    -0.06326517599857828
                ],
                [
                    -4.10606606253103,
                    0.009607961028902934,
                    -4.1330611279096985
                ],
                [
                    -0.06326517599857828,
                    -4.1330611279096985,
                    0.09294367613398012
                ]
            ],
            "volume_eff": 29.665516109589117,
            "alpha_iso": 9.319010296206004,
            "c6_ii": 28.103668091506794,
            "c8_ii": 687.865017440207,
            "c10_ii": 21093.94932899977,
            "slater_b_init": 38.07780123317091
        },
        {
            "index": 3,
            "element": "O",
            "charge": -0.5730593207728347,
            "dipole": [
                0.18514985861392136,
                -0.03912550161048571,
                -0.07060320648233563
            ],
            "quadrupole": [
                [
                    -4.245272324925626,
                    -4.249330487504956,
                    -0.022528768079952886
                ],
                [
                    -4.249330487504956,
                    0.004856935390851539,
                    -4.281650688971842
                ],
                [
                    -0.022528768079952886,
                    -4.281650688971842,
                    0.04384381529100355
                ]
            ],
            "volume_eff": 24.4764392840597,
            "alpha_iso": 7.302363101321679,
            "c6_ii": 28.527513959920853,
            "c8_ii": 1207.5715262788074,
            "c10_ii": 49223.37473574014,
            "slater_b_init": 33.45891364444889
        },
        {
            "index": 4,
            "element": "P",
            "charge": 1.7895313099570007,
            "dipole": [
                -0.003819092485614262,
                -0.02668950800106154,
                -0.06303960848393073
            ],
            "quadrupole": [
                [
                    -6.178468350294194,
                    -6.172402143869237,
                    -0.05595105480761391
                ],
                [
                    -6.172402143869237,
                    0.02566944620276154,
                    -6.1279060349704775
                ],
                [
                    -0.05595105480761391,
                    -6.1279060349704775,
                    -0.050053807279444806
                ]
            ],
            "volume_eff": 48.97588437260695,
            "alpha_iso": 18.836878604848824,
            "c6_ii": 105.02908668984819,
            "c8_ii": 3290.651225716442,
            "c10_ii": 58387.6541210098,
            "slater_b_init": 36.26527400181989
        },
        {
            "index": 5,
            "element": "O",
            "charge": -0.8568856285851041,
            "dipole": [
                0.025252080965805838,
                0.1902062849469697,
                0.2772659634245077
            ],
            "quadrupole": [
                [
                    -4.76034999415626,
                    -4.7592962787836735,
                    -0.02171797534212106
                ],
                [
                    -4.7592962787836735,
                    0.006172059840967724,
                    -4.789575162708434
                ],
                [
                    -0.02171797534212106,
                    -4.789575162708434,
                    -0.0037555922728366624
                ]
            ],
            "volume_eff": 28.510963108450856,
            "alpha_iso": 8.506033192576497,
            "c6_ii": 38.70715262352965,
            "c8_ii": 1813.9108082446671,
            "c10_ii": 81855.94299823069,
            "slater_b_init": 31.79976810534739
        },
        {
            "index": 6,
            "element": "O",
            "charge": -0.575700224193266,
            "dipole": [
                -0.08639148074145181,
                -0.18847973474436983,
                -0.0066854996414727206
            ],
            "quadrupole": [
                [
                    -4.278544557954126,
                    -4.307455744669176,
                    0.024076909104847208
                ],
                [
                    -4.307455744669176,
                    -0.021558672280492325,
                    -4.2548010190471
                ],
                [
                    0.024076909104847208,
                    -4.2548010190471,
                    0.007053623093238637
                ]
            ],
            "volume_eff": 24.66276201505863,
            "alpha_iso": 7.357951098415281,
            "c6_ii": 28.963488755832028,
            "c8_ii": 1232.240445292247,
            "c10_ii": 50483.520084071024,
            "slater_b_init": 33.37444187147364
        },
        {
            "index": 7,
            "element": "C",
            "charge": -0.06412954804192061,
            "dipole": [
                0.012948312991800931,
                0.09850690292470518,
                0.1609362736849047
            ],
            "quadrupole": [
                [
                    -4.4630451812390595,
                    -4.4547610856477275,
                    0.061126217867393015
                ],
                [
                    -4.4547610856477275,
                    -0.014833994187135735,
                    -4.3425707806274945
                ],
                [
                    0.061126217867393015,
                    -4.3425707806274945,
                    0.004607864488791565
                ]
            ],
            "volume_eff": 32.235982360444275,
            "alpha_iso": 10.126486605375165,
            "c6_ii": 33.184937938528236,
            "c8_ii": 858.5005135197749,
            "c10_ii": 27826.242686106787,
            "slater_b_init": 37.037545286027296
        },
        {
            "index": 8,
            "element": "O",
            "charge": -0.5644340603249454,
            "dipole": [
                -0.12590835743637202,
                0.10047755799787826,
                -0.11669258271922099
            ],
            "quadrupole": [
                [
                    -4.2231773449039,
                    -4.231923963411733,
                    0.011676001833435128
                ],
                [
                    -4.231923963411733,
                    -0.006316476987433849,
                    -4.296969594486729
                ],
                [
                    0.011676001833435128,
                    -4.296969594486729,
                    -0.03075517864383287
                ]
            ],
            "volume_eff": 24.395737542433878,
            "alpha_iso": 7.278286338626681,
            "c6_ii": 28.339706845741443,
            "c8_ii": 1196.983323938036,
            "c10_ii": 48684.468187912906,
            "slater_b_init": 33.49576735879327
        },
        {
            "index": 9,
            "element": "C",
            "charge": -0.0713332049786164,
            "dipole": [
                0.1593289044271764,
                -0.0667457483537563,
                -0.07396652609442295
            ],
            "quadrupole": [
                [
                    -4.373455196683073,
                    -4.459135033835007,
                    0.018028280414712505
                ],
                [
                    -4.459135033835007,
                    -0.027641272917104387,
                    -4.456346765760559
                ],
                [
                    0.018028280414712505,
                    -4.456346765760559,
                    -0.08571179610287828
                ]
            ],
            "volume_eff": 32.28138588842996,
            "alpha_iso": 10.14074949374763,
            "c6_ii": 33.27848398433566,
            "c8_ii": 861.7287666900619,
            "c10_ii": 27957.09924808169,
            "slater_b_init": 37.020172795176464
        },
        {
            "index": 10,
            "element": "H",
            "charge": 0.17495176480062202,
            "dipole": [
                0.031223038894545255,
                -0.020605975220719094,
                -0.033993884895090434
            ],
            "quadrupole": [
                [
                    -0.44793330612754517,
                    -0.4484277141660206,
                    0.004352586949416897
                ],
                [
                    -0.4484277141660206,
                    0.0051090129742926245,
                    -0.4510566421616761
                ],
                [
                    0.004352586949416897,
                    -0.4510566421616761,
                    0.0026938222900506764
                ]
            ],
            "volume_eff": 2.457584643467864,
            "alpha_iso": 0.7843355245110204,
            "c6_ii": 0.19746589617604218,
            "c8_ii": 1.179212404221615,
            "c10_ii": 9.719236103340863,
            "slater_b_init": 71.60832810042638
        },
        {
            "index": 11,
            "element": "H",
            "charge": 0.17315941327353213,
            "dipole": [
                0.007945515023367399,
                0.03658114540026187,
                0.031834411890298016
            ],
            "quadrupole": [
                [
                    -0.4461401215707115,
                    -0.45671228753659704,
                    -0.0006296524181056232
                ],
                [
                    -0.45671228753659704,
                    0.0016148528242640014,
                    -0.4578505385139594
                ],
                [
                    -0.0006296524181056232,
                    -0.4578505385139594,
                    -0.0018994707825956087
                ]
            ],
            "volume_eff": 2.4962376464175398,
            "alpha_iso": 0.7966715892821935,
            "c6_ii": 0.20372624877042983,
            "c8_ii": 1.2293207801824255,
            "c10_ii": 10.238200075128152,
            "slater_b_init": 71.23679730164453
        },
        {
            "index": 12,
            "element": "H",
            "charge": 0.14253348215296313,
            "dipole": [
                -0.005913123788648472,
                -0.03663876183015645,
                -0.03798886688687557
            ],
            "quadrupole": [
                [
                    -0.4697472969172156,
                    -0.4858625143091636,
                    0.0013105624374843213
                ],
                [
                    -0.4858625143091636,
                    -0.0015535700447883102,
                    -0.4846137146326139
                ],
                [
                    0.0013105624374843213,
                    -0.4846137146326139,
                    -0.008633347486019877
                ]
            ],
            "volume_eff": 2.674960067504308,
            "alpha_iso": 0.8537106598418004,
            "c6_ii": 0.23394282912241451,
            "c8_ii": 1.4782534060358234,
            "c10_ii": 12.89223443068302,
            "slater_b_init": 69.61357345107457
        },
        {
            "index": 13,
            "element": "H",
            "charge": 0.09404036613588063,
            "dipole": [
                -0.01864610539577246,
                -0.05559862506910694,
                0.03077614917243714
            ],
            "quadrupole": [
                [
                    -0.509223309302114,
                    -0.5246773270669611,
                    -0.0006394290386218843
                ],
                [
                    -0.5246773270669611,
                    -0.004602311327656205,
                    -0.5192539474590437
                ],
                [
                    -0.0006394290386218843,
                    -0.5192539474590437,
                    0.007598730515055773
                ]
            ],
            "volume_eff": 2.907957011999487,
            "alpha_iso": 0.9280713868083469,
            "c6_ii": 0.27647196264594537,
            "c8_ii": 1.8470161756890122,
            "c10_ii": 17.030619942225144,
            "slater_b_init": 67.70234343268287
        },
        {
            "index": 14,
            "element": "H",
            "charge": 0.1160099624271338,
            "dipole": [
                0.019375026679389954,
                0.05641075703383092,
                0.028097807098008513
            ],
            "quadrupole": [
                [
                    -0.4896363182900991,
                    -0.49776972507862915,
                    -0.005059094558429724
                ],
                [
                    -0.49776972507862915,
                    -0.008435390373200945,
                    -0.4962879702400627
                ],
                [
                    -0.005059094558429724,
                    -0.4962879702400627,
                    0.0036790592406091517
                ]
            ],
            "volume_eff": 2.750210073883463,
            "alpha_iso": 0.8777266193245095,
            "c6_ii": 0.2472901787042178,
            "c8_ii": 1.5917629654979644,
            "c10_ii": 14.141324193744335,
            "slater_b_init": 68.97278134334333
        },
        {
            "index": 15,
            "element": "H",
            "charge": 0.11117680607363323,
            "dipole": [
                -0.027693350318689545,
                -0.04806354688526813,
                0.028659798464739445
            ],
            "quadrupole": [
                [
                    -0.5157455616887741,
                    -0.5062979861850913,
                    0.012755332705811565
                ],
                [
                    -0.5062979861850913,
                    0.002729587508068229,
                    -0.4933051490781552
                ],
                [
                    0.012755332705811565,
                    -0.4933051490781552,
                    0.000860402485877565
                ]
            ],
            "volume_eff": 2.826853642039612,
            "alpha_iso": 0.9021873325658336,
            "c6_ii": 0.26126532789010626,
            "c8_ii": 1.7128195455179145,
            "c10_ii": 15.498211967005513,
            "slater_b_init": 68.34371583266115
        },
        {
            "index": 16,
            "element": "H",
            "charge": 0.09913401527619392,
            "dipole": [
                0.06149071564756361,
                -0.011220066004972586,
                -0.01807300914990126
            ],
            "quadrupole": [
                [
                    -0.5227875804392286,
                    -0.5258776313388975,
                    0.011837142386882446
                ],
                [
                    -0.5258776313388975,
                    0.00417708683887517,
                    -0.5159370479621014
                ],
                [
                    0.011837142386882446,
                    -0.5159370479621014,
                    0.006780584101056076
                ]
            ],
            "volume_eff": 2.950991009515419,
            "alpha_iso": 0.9418056413347081,
            "c6_ii": 0.28471536441107287,
            "c8_ii": 1.920807208778252,
            "c10_ii": 17.885323706451228,
            "slater_b_init": 67.37163184335456
        },
        {
            "index": 17,
            "element": "H",
            "charge": 0.10173290463068496,
            "dipole": [
                -0.03908991490905113,
                0.03526095944663936,
                -0.03860863666385248
            ],
            "quadrupole": [
                [
                    -0.5270141545233292,
                    -0.5132864983715231,
                    0.011594344458000207
                ],
                [
                    -0.5132864983715231,
                    -0.0046910412051439756,
                    -0.5136854714313975
                ],
                [
                    0.011594344458000207,
                    -0.5136854714313975,
                    0.0014709838973660828
                ]
            ],
            "volume_eff": 2.923572921648724,
            "alpha_iso": 0.9330551877602311,
            "c6_ii": 0.2794492786242381,
            "c8_ii": 1.8735842574514825,
            "c10_ii": 17.337386040691307,
            "slater_b_init": 67.58158689334108
        },
        {
            "index": 18,
            "element": "H",
            "charge": 0.099645011435199,
            "dipole": [
                -0.029992807408237634,
                -0.04682578906774589,
                0.03297468076705049
            ],
            "quadrupole": [
                [
                    -0.515098217751137,
                    -0.5174515735567836,
                    0.0008763680112141282
                ],
                [
                    -0.5174515735567836,
                    -0.011602630630307573,
                    -0.5281049124988643
                ],
                [
                    0.0008763680112141282,
                    -0.5281049124988643,
                    -0.006033485941622354
                ]
            ],
            "volume_eff": 2.9408826098349476,
            "alpha_iso": 0.9385795563303025,
            "c6_ii": 0.2827681626245787,
            "c8_ii": 1.9033117031111844,
            "c10_ii": 17.681922436554576,
            "slater_b_init": 67.44873348166654
        },
        {
            "index": 19,
            "element": "H",
            "charge": 0.1109691832647387,
            "dipole": [
                -0.023248582624975974,
                0.01658738046830424,
                -0.0553750449546704
            ],
            "quadrupole": [
                [
                    -0.4942703428262851,
                    -0.5131074121601918,
                    0.0034447640217504932
                ],
                [
                    -0.5131074121601918,
                    -0.01042011677938601,
                    -0.5096296828141667
                ],
                [
                    0.0034447640217504932,
                    -0.5096296828141667,
                    -0.009387487987479196
                ]
            ],
            "volume_eff": 2.8320476692804717,
            "alpha_iso": 0.9038450008341931,
            "c6_ii": 0.2622263015290991,
            "c8_ii": 1.7212247053630987,
            "c10_ii": 15.59333637463256,
            "slater_b_init": 68.30190905568386
        },
        {
            "index": 20,
            "element": "H",
            "charge": 0.11840850805419623,
            "dipole": [
                0.02219871378870143,
                0.05049451869455633,
                0.035948066053000736
            ],
            "quadrupole": [
                [
                    -0.48567960186409337,
                    -0.5056869650090996,
                    0.004486528434678878
                ],
                [
                    -0.5056869650090996,
                    -0.0036331553158680512,
                    -0.5070853701222799
                ],
                [
                    0.004486528434678878,
                    -0.5070853701222799,
                    -0.005168575463337023
                ]
            ],
            "volume_eff": 2.7924993689088686,
            "alpha_iso": 0.891223202843256,
            "c6_ii": 0.25495368801778984,
            "c8_ii": 1.6578718965020172,
            "c10_ii": 14.879241602577467,
            "slater_b_init": 68.62283684303559
        }
    ]
}