{
    "molecule": "Phos_766",
    "atoms": [
        {
            "index": 0,
            "element": "N",
            "charge": -0.3836265146524811,
            "dipole": [
                -0.06721019512487886,
                -0.004490897647170711,
                -0.08466740154780208
            ],
            "quadrupole": [
                [
                    -4.626370452886002,
                    -4.493007682289384,
                    -0.0167535782906911
                ],
                [
                    -4.493007682289384,
                    -0.010196633607586863,
                    -4.675742991008968
                ],
                [
                    -0.0167535782906911,
                    -4.675742991008968,
                    -0.20363288088749443
                ]
            ],
            "volume_eff": 30.004353220676013,
            "alpha_iso": 8.74142574145679,
            "c6_ii": 33.76886560701904,
            "c8_ii": 1185.0819949084237,
            "c10_ii": 45304.55380393138,
            "slater_b_init": 34.05537366284112
        },
        {
            "index": 1,
            "element": "C",
            "charge": 0.30637805238194105,
            "dipole": [
                0.06794829957184484,
                0.004889074060169791,
                0.03926751824953461
            ],
            "quadrupole": [
                [
                    -3.641616958161959,
                    -3.5433564267972835,
                    -0.015013795613722899
                ],
                [
                    -3.5433564267972835,
                    -0.009036940195031595,
                    -3.728534647147395
                ],
                [
                    -0.015013795613722899,
                    -3.728534647147395,
                    -0.17446228598887786
                ]
            ],
            "volume_eff": 24.901514268951864,
            "alpha_iso": 7.822465215377548,
            "c6_ii": 19.802075217596485,
            "c8_ii": 431.2874498588527,
            "c10_ii": 11768.941260584925,
            "slater_b_init": 40.365832414323165
        },
        {
            "index": 2,
            "element": "C",
            "charge": 0.008194765486733147,
            "dipole": [
                0.13476240291285516,
                0.018000632263256745,
                -0.12512638973105633
            ],
            "quadrupole": [
                [
                    -4.212532521057637,
                    -4.230832968664323,
                    0.00040907841570954036
                ],
                [
                    -4.230832968664323,
                    -0.005772808026317171,
                    -4.272503129721442
                ],
                [
                    0.00040907841570954036,
                    -4.272503129721442,
                    -0.10176828421330834
                ]
            ],
            "volume_eff": 30.345372975474593,
            "alpha_iso": 9.532577898054845,
            "c6_ii": 29.406555058498206,
            "c8_ii": 730.7094884551676,
            "c10_ii": 22748.868638876953,
            "slater_b_init": 37.79128611153225
        },
        {
            "index": 3,
            "element": "O",
            "charge": -0.5653211477768707,
            "dipole": [
                -0.16344966594108196,
                -0.03648617930818594,
                -0.12921464191497034
            ],
            "quadrupole": [
                [
                    -4.228619816684011,
                    -4.2362764108077995,
                    -0.004137582219880716
                ],
                [
                    -4.2362764108077995,
                    0.002115941548639238,
                    -4.269803990000051
                ],
                [
                    -0.004137582219880716,
                    -4.269803990000051,
                    -0.03264332169068561
                ]
            ],
            "volume_eff": 24.35486990356487,
            "alpha_iso": 7.266093783383995,
            "c6_ii": 28.244837254983942,
            "c8_ii": 1191.6436350288711,
            "c10_ii": 48413.14570061707,
            "slater_b_init": 33.514492265035614
        },
        {
            "index": 4,
            "element": "P",
            "charge": 1.7760708996975403,
            "dipole": [
                0.01481765289885379,
                0.07207274401594704,
                -0.010763656487062855
            ],
            "quadrupole": [
                [
                    -6.180508553788722,
                    -6.237537020761839,
                    0.09416887999518311
                ],
                [
                    -6.237537020761839,
                    0.002485403579761166,
                    -6.13496351169747
                ],
                [
                    0.09416887999518311,
                    -6.13496351169747,
                    0.011925957407488752
                ]
            ],
            "volume_eff": 49.14847163841012,
            "alpha_iso": 18.903258322465433,
            "c6_ii": 105.77061986093416,
            "c8_ii": 3321.664778849855,
            "c10_ii": 59076.32362163016,
            "slater_b_init": 36.22277512190302
        },
        {
            "index": 5,
            "element": "O",
            "charge": -0.8369900265997536,
            "dipole": [
                -0.01453058095433667,
                -0.21556704402412136,
                0.2734417722898441
            ],
            "quadrupole": [
                [
                    -4.718068796180131,
                    -4.712230656271995,
                    0.027464819957378813
                ],
                [
                    -4.712230656271995,
                    -0.009251126530557693,
                    -4.735117844387228
                ],
                [
                    0.027464819957378813,
                    -4.735117844387228,
                    0.00441588700505852
                ]
            ],
            "volume_eff": 28.05993837396005,
            "alpha_iso": 8.371473327037805,
            "c6_ii": 37.49219562341442,
            "c8_ii": 1738.3963222789516,
            "c10_ii": 77618.68817175018,
            "slater_b_init": 31.969242410996088
        },
        {
            "index": 6,
            "element": "O",
            "charge": -0.5480441429727101,
            "dipole": [
                0.17925793279899038,
                -0.05115016425204996,
                -0.10456602665651137
            ],
            "quadrupole": [
                [
                    -4.218496810852039,
                    -4.199532996367865,
                    0.017289531552501014
                ],
                [
                    -4.199532996367865,
                    -0.014699184857479945,
                    -4.206807363256156
                ],
                [
                    0.017289531552501014,
                    -4.206807363256156,
                    0.03142094127874387
                ]
            ],
            "volume_eff": 24.038685934220602,
            "alpha_iso": 7.171762654408356,
            "c6_ii": 27.516227754121932,
            "c8_ii": 1150.8343671404705,
            "c10_ii": 46349.63662181793,
            "slater_b_init": 33.66079285247852
        },
        {
            "index": 7,
            "element": "C",
            "charge": 0.023995247263161268,
            "dipole": [
                0.0019284699160947835,
                0.19144060870326066,
                0.00153402703078818
            ],
            "quadrupole": [
                [
                    -4.2536791701668895,
                    -4.098241312529273,
                    0.02811243802457759
                ],
                [
                    -4.098241312529273,
                    -0.014917962841925007,
                    -4.222063990433755
                ],
                [
                    0.02811243802457759,
                    -4.222063990433755,
                    0.05793111500719214
                ]
            ],
            "volume_eff": 29.84374332877134,
            "alpha_iso": 9.374997904326076,
            "c6_ii": 28.442370096563284,
            "c8_ii": 698.9405818951398,
            "c10_ii": 21519.352069454962,
            "slater_b_init": 38.00184946395504
        },
        {
            "index": 8,
            "element": "C",
            "charge": 0.3069520688724836,
            "dipole": [
                -0.05493712226300499,
                0.02566914394728429,
                0.04605651430089767
            ],
            "quadrupole": [
                [
                    -3.735371961304786,
                    -3.50689985967838,
                    0.021494041477070933
                ],
                [
                    -3.50689985967838,
                    -0.025269819492375462,
                    -3.657291585531903
                ],
                [
                    0.021494041477070933,
                    -3.657291585531903,
                    0.15351706881710053
                ]
            ],
            "volume_eff": 24.851814483887885,
            "alpha_iso": 7.806852717451692,
            "c6_ii": 19.723109998627788,
            "c8_ii": 428.99583461773756,
            "c10_ii": 11690.826454259011,
            "slater_b_init": 40.39272297040581
        },
        {
            "index": 9,
            "element": "N",
            "charge": -0.37893133129696643,
            "dipole": [
                0.08049865701717315,
                0.009615491972803715,
                -0.06507806059227883
            ],
            "quadrupole": [
                [
                    -4.705964218970351,
                    -4.440241596593617,
                    0.006151991622824594
                ],
                [
                    -4.440241596593617,
                    -0.006355506180550594,
                    -4.62585250797283
                ],
                [
                    0.006151991622824594,
                    -4.62585250797283,
                    0.17476206631178778
                ]
            ],
            "volume_eff": 29.946185397907982,
            "alpha_iso": 8.724479210414138,
            "c6_ii": 33.63806076204079,
            "c8_ii": 1178.9653427030466,
            "c10_ii": 45012.45040525752,
            "slater_b_init": 34.077409254392684
        },
        {
            "index": 10,
            "element": "O",
            "charge": -0.6543137041042257,
            "dipole": [
                -0.05601163537669726,
                0.10689825821124418,
                0.16407178655858853
            ],
            "quadrupole": [
                [
                    -4.26288020609631,
                    -4.359156552245102,
                    -0.0006818812851730713
                ],
                [
                    -4.359156552245102,
                    -0.007526148351057314,
                    -4.270036687575608
                ],
                [
                    -0.0006818812851730713,
                    -4.270036687575608,
                    0.0035769594291849885
                ]
            ],
            "volume_eff": 24.581297993458804,
            "alpha_iso": 7.333646915175555,
            "c6_ii": 28.772465102635017,
            "c8_ii": 1221.4163372447092,
            "c10_ii": 49929.81548920898,
            "slater_b_init": 33.41126957584113
        },
        {
            "index": 11,
            "element": "C",
            "charge": 1.1558413033377413,
            "dipole": [
                -0.0043918883695535085,
                0.01274659023658766,
                0.014333601236660675
            ],
            "quadrupole": [
                [
                    -2.745112064250079,
                    -2.7811870251673563,
                    0.013152498337740837
                ],
                [
                    -2.7811870251673563,
                    -0.010999539589434525,
                    -2.7283858816421405
                ],
                [
                    0.013152498337740837,
                    -2.7283858816421405,
                    -0.0013769852553422563
                ]
            ],
            "volume_eff": 18.706007276264863,
            "alpha_iso": 5.8762326522298,
            "c6_ii": 11.174327323152331,
            "c8_ii": 201.11651333424473,
            "c10_ii": 4535.117393668944,
            "slater_b_init": 44.40468555386752
        },
        {
            "index": 12,
            "element": "F",
            "charge": -0.2707557500811255,
            "dipole": [
                -0.04243746110546388,
                -0.03656647720878622,
                -0.1082380010499744
            ],
            "quadrupole": [
                [
                    -3.5730185991337753,
                    -3.5660608575089783,
                    0.017059088288629478
                ],
                [
                    -3.5660608575089783,
                    0.010257612473119857,
                    -3.532577354714657
                ],
                [
                    0.017059088288629478,
                    -3.532577354714657,
                    0.01588486605300141
                ]
            ],
            "volume_eff": 17.88563299832531,
            "alpha_iso": 5.6169756523666265,
            "c6_ii": 20.756852288999667,
            "c8_ii": 907.2643184856722,
            "c10_ii": 36790.002371581984,
            "slater_b_init": 33.35881501304158
        },
        {
            "index": 13,
            "element": "F",
            "charge": -0.27758734822791453,
            "dipole": [
                -0.04389534884576725,
                0.09353055903577656,
                0.03673847039563462
            ],
            "quadrupole": [
                [
                    -3.5997222288540867,
                    -3.5360419576897493,
                    0.0010432750563949729
                ],
                [
                    -3.5360419576897493,
                    -0.021853325469064756,
                    -3.594949203183387
                ],
                [
                    0.0010432750563949729,
                    -3.594949203183387,
                    -0.007486980208455422
                ]
            ],
            "volume_eff": 18.057706621226817,
            "alpha_iso": 5.671015302534042,
            "c6_ii": 21.158167474720575,
            "c8_ii": 930.7275550978198,
            "c10_ii": 37983.129296374056,
            "slater_b_init": 33.25251686748554
        },
        {
            "index": 14,
            "element": "F",
            "charge": -0.27199874200611873,
            "dipole": [
                0.11983672408562346,
                -0.002374668187628259,
                0.006751648496187625
            ],
            "quadrupole": [
                [
                    -3.527525127834156,
                    -3.5763851513227927,
                    -0.0038753433734819123
                ],
                [
                    -3.5763851513227927,
                    0.0015295091756850061,
                    -3.58555316359289
                ],
                [
                    -0.0038753433734819123,
                    -3.58555316359289,
                    -0.003588208078098116
                ]
            ],
            "volume_eff": 17.937079800977784,
            "alpha_iso": 5.633132499480626,
            "c6_ii": 20.87643536625319,
            "c8_ii": 914.2401674767342,
            "c10_ii": 37143.93408137228,
            "slater_b_init": 33.326891425951835
        },
        {
            "index": 15,
            "element": "H",
            "charge": 0.16016520653049438,
            "dipole": [
                0.004659080305036469,
                -0.060863150481713466,
                0.032093508596693944
            ],
            "quadrupole": [
                [
                    -0.4416877544231774,
                    -0.4554577159395352,
                    -0.001056511540362582
                ],
                [
                    -0.4554577159395352,
                    0.0004401088520756465,
                    -0.4550798732849704
                ],
                [
                    -0.001056511540362582,
                    -0.4550798732849704,
                    -0.005327456613656274
                ]
            ],
            "volume_eff": 2.441239552182953,
            "alpha_iso": 0.7791190060158362,
            "c6_ii": 0.1948479884433669,
            "c8_ii": 1.158414025178504,
            "c10_ii": 9.505431629085763,
            "slater_b_init": 71.76778836736852
        },
        {
            "index": 16,
            "element": "H",
            "charge": 0.14588883923690088,
            "dipole": [
                -0.011810470230075688,
                0.055665957496370426,
                0.03737100760329616
            ],
            "quadrupole": [
                [
                    -0.45257974599022344,
                    -0.4690892085333722,
                    0.00014246298671431574
                ],
                [
                    -0.4690892085333722,
                    0.003219162679813045,
                    -0.46610014952702045
                ],
                [
                    0.00014246298671431574,
                    -0.46610014952702045,
                    -0.0031960677410740324
                ]
            ],
            "volume_eff": 2.5157851532041775,
            "alpha_iso": 0.802910155277929,
            "c6_ii": 0.20692941547727323,
            "c8_ii": 1.2551593900848477,
            "c10_ii": 10.50789399694903,
            "slater_b_init": 71.05181542441264
        },
        {
            "index": 17,
            "element": "H",
            "charge": 0.14690462502080992,
            "dipole": [
                -0.054195565443597604,
                -0.02807425008840945,
                -0.033449083729549293
            ],
            "quadrupole": [
                [
                    -0.46557753250532014,
                    -0.45471896340881146,
                    0.0034947647488419104
                ],
                [
                    -0.45471896340881146,
                    -0.004861265868890984,
                    -0.4684843494475011
                ],
                [
                    0.0034947647488419104,
                    -0.4684843494475011,
                    -0.0021395880894242727
                ]
            ],
            "volume_eff": 2.520622105139103,
            "alpha_iso": 0.8044538633422669,
            "c6_ii": 0.2077258824000465,
            "c8_ii": 1.261604961144513,
            "c10_ii": 10.575388211522307,
            "slater_b_init": 71.00633798963497
        },
        {
            "index": 18,
            "element": "H",
            "charge": 0.15894971054081486,
            "dipole": [
                0.018748006216499854,
                -0.024917490504512137,
                0.06312413349367357
            ],
            "quadrupole": [
                [
                    -0.45685624402542746,
                    -0.4426205224822,
                    0.0045696440998722835
                ],
                [
                    -0.4426205224822,
                    -0.00457757559155663,
                    -0.45389117970141823
                ],
                [
                    0.0045696440998722835,
                    -0.45389117970141823,
                    -0.0015143504910729295
                ]
            ],
            "volume_eff": 2.4409411707787023,
            "alpha_iso": 0.7790237779080964,
            "c6_ii": 0.19480036061976894,
            "c8_ii": 1.1580364967509025,
            "c10_ii": 9.50155949833545,
            "slater_b_init": 71.77071255377528
        }
    ]
}