{
    "molecule": "FRAG_CCCO",
    "atoms": [
        {
            "index": 0,
            "element": "C",
            "charge": -0.3932529580776354,
            "dipole": [
                0.07485497147356106,
                0.02822771728332442,
                -0.046952089830176846
            ],
            "quadrupole": [
                [
                    -5.056054106690558,
                    -5.013732280806492,
                    0.024358996261372466
                ],
                [
                    -5.013732280806492,
                    -0.04194460222598359,
                    -5.030691340431315
                ],
                [
                    0.024358996261372466,
                    -5.030691340431315,
                    0.02422002751057124
                ]
            ],
            "volume_eff": 38.01842691223475,
            "alpha_iso": 11.94296133368631,
            "c6_ii": 46.158052531078916,
            "c8_ii": 1332.956107847724,
            "c10_ii": 48227.936528528764,
            "slater_b_init": 35.055630635420066
        },
        {
            "index": 1,
            "element": "C",
            "charge": -0.28057298672552555,
            "dipole": [
                -0.05492873216945689,
                -0.05129646973985468,
                0.03968730257225492
            ],
            "quadrupole": [
                [
                    -4.852899177437239,
                    -4.8511921823888775,
                    0.00671080099091731
                ],
                [
                    -4.8511921823888775,
                    -0.006606933359549081,
                    -4.7888236763750935
                ],
                [
                    0.00671080099091731,
                    -4.7888236763750935,
                    0.04513370356300814
                ]
            ],
            "volume_eff": 36.19040661136982,
            "alpha_iso": 11.368714118754918,
            "c6_ii": 41.825979092162136,
            "c8_ii": 1168.8192821970579,
            "c10_ii": 40922.58683549301,
            "slater_b_init": 35.636196456238935
        },
        {
            "index": 2,
            "element": "C",
            "charge": 0.09922410811015503,
            "dipole": [
                0.014313112103176612,
                -0.07928996073907175,
                0.1383317567723029
            ],
            "quadrupole": [
                [
                    -4.199537604268066,
                    -4.180386209163883,
                    -0.08386857705901504
                ],
                [
                    -4.180386209163883,
                    0.022565518548633992,
                    -4.206926130414252
                ],
                [
                    -0.08386857705901504,
                    -4.206926130414252,
                    0.02622812891511666
                ]
            ],
            "volume_eff": 30.565909197103824,
            "alpha_iso": 9.601856292283923,
            "c6_ii": 29.83553487783008,
            "c8_ii": 744.9566197498141,
            "c10_ii": 23304.650758452768,
            "slater_b_init": 37.700177282572554
        },
        {
            "index": 3,
            "element": "O",
            "charge": -0.6227186210997022,
            "dipole": [
                -0.08373978507837222,
                -0.021220879129426422,
                -0.09340442578468727
            ],
            "quadrupole": [
                [
                    -4.469293356779246,
                    -4.42642801055864,
                    0.027694917182195005
                ],
                [
                    -4.42642801055864,
                    0.011783424010930415,
                    -4.408741401454297
                ],
                [
                    0.027694917182195005,
                    -4.408741401454297,
                    0.08753250162901165
                ]
            ],
            "volume_eff": 26.13739458493476,
            "alpha_iso": 7.79789672699711,
            "c6_ii": 32.53059727340984,
            "c8_ii": 1438.6340824682475,
            "c10_ii": 61265.818000742365,
            "slater_b_init": 32.73460847946989
        },
        {
            "index": 4,
            "element": "H",
            "charge": 0.12366612965542756,
            "dipole": [
                -0.026379753271015174,
                0.04124181322173256,
                0.007727876475366056
            ],
            "quadrupole": [
                [
                    -0.5148815865885578,
                    -0.5104872279107527,
                    -0.00408111539758439
                ],
                [
                    -0.5104872279107527,
                    0.007909058729012156,
                    -0.5137481722787446
                ],
                [
                    -0.00408111539758439,
                    -0.5137481722787446,
                    -0.0009198425448874316
                ]
            ],
            "volume_eff": 2.9264638120346063,
            "alpha_iso": 0.9339778123514701,
            "c6_ii": 0.28000220250723196,
            "c8_ii": 1.8785287013366954,
            "c10_ii": 17.39459723352196,
            "slater_b_init": 67.55932620151651
        },
        {
            "index": 5,
            "element": "H",
            "charge": 0.13591654144198173,
            "dipole": [
                0.024526032359280026,
                -0.02068370618842956,
                0.037557697844181004
            ],
            "quadrupole": [
                [
                    -0.4997892339945826,
                    -0.5035217786167339,
                    0.0018692475251908644
                ],
                [
                    -0.5035217786167339,
                    0.006237036613571033,
                    -0.5053355685876514
                ],
                [
                    0.0018692475251908644,
                    -0.5053355685876514,
                    -0.004984953376526389
                ]
            ],
            "volume_eff": 2.86609287300317,
            "alpha_iso": 0.9147104913839904,
            "c6_ii": 0.26856885628699345,
            "c8_ii": 1.7769563965888162,
            "c10_ii": 16.226992952295312,
            "slater_b_init": 68.03038715254704
        },
        {
            "index": 6,
            "element": "H",
            "charge": 0.1274981838532676,
            "dipole": [
                -0.013082985917285678,
                -0.02994241575405317,
                -0.034428915096952124
            ],
            "quadrupole": [
                [
                    -0.5072252980101888,
                    -0.5145927543513547,
                    -0.006382832962280683
                ],
                [
                    -0.5145927543513547,
                    -0.0007733531411730422,
                    -0.5072928261386619
                ],
                [
                    -0.006382832962280683,
                    -0.5072928261386619,
                    -0.006963099878714102
                ]
            ],
            "volume_eff": 2.908810292743617,
            "alpha_iso": 0.9283437104500906,
            "c6_ii": 0.2766342365807195,
            "c8_ii": 1.8484617804963768,
            "c10_ii": 17.047283273695548,
            "slater_b_init": 67.69572276995808
        },
        {
            "index": 7,
            "element": "H",
            "charge": 0.12503380950303322,
            "dipole": [
                -0.025114251380542067,
                0.013821893241866544,
                -0.038456598714105464
            ],
            "quadrupole": [
                [
                    -0.4933666448224683,
                    -0.5057636795198073,
                    0.0077020767244592005
                ],
                [
                    -0.5057636795198073,
                    0.00136993604161725,
                    -0.5082594548790815
                ],
                [
                    0.0077020767244592005,
                    -0.5082594548790815,
                    -0.007327754281185428
                ]
            ],
            "volume_eff": 2.836998921340556,
            "alpha_iso": 0.9054251876618796,
            "c6_ii": 0.26314400039217656,
            "c8_ii": 1.7292609526830343,
            "c10_ii": 15.684394325882622,
            "slater_b_init": 68.26215144518726
        },
        {
            "index": 8,
            "element": "H",
            "charge": 0.10923320766794653,
            "dipole": [
                0.011737708750302061,
                0.025078023895814545,
                0.03690062603126873
            ],
            "quadrupole": [
                [
                    -0.5183122874243947,
                    -0.5286370226659582,
                    -0.004703090894502898
                ],
                [
                    -0.5286370226659582,
                    -0.005571603264035079,
                    -0.5267193509460736
                ],
                [
                    -0.004703090894502898,
                    -0.5267193509460736,
                    -0.012604833495639203
                ]
            ],
            "volume_eff": 3.010825998981868,
            "alpha_iso": 0.9609019145686813,
            "c6_ii": 0.2963783299378481,
            "c8_ii": 2.026427949502064,
            "c10_ii": 19.123000755496864,
            "slater_b_init": 66.92234384687272
        },
        {
            "index": 9,
            "element": "H",
            "charge": 0.09521837662070376,
            "dipole": [
                -0.030148585731827375,
                -0.04465585673491032,
                -0.024444548530791387
            ],
            "quadrupole": [
                [
                    -0.5163811521304082,
                    -0.5203764852600866,
                    -0.012814489630819638
                ],
                [
                    -0.5203764852600866,
                    -0.011464807179737732,
                    -0.5138820975522295
                ],
                [
                    -0.012814489630819638,
                    -0.5138820975522295,
                    0.005217952588600865
                ]
            ],
            "volume_eff": 2.912682352900375,
            "alpha_iso": 0.929579474329907,
            "c6_ii": 0.277371209586199,
            "c8_ii": 1.8550306031904837,
            "c10_ii": 17.123042400182367,
            "slater_b_init": 67.66571169904229
        },
        {
            "index": 10,
            "element": "H",
            "charge": 0.051565929457146886,
            "dipole": [
                0.05002040883948299,
                0.032854647978005046,
                -0.020903568458319182
            ],
            "quadrupole": [
                [
                    -0.5732525905580349,
                    -0.5671763792720107,
                    -0.004439512373577284
                ],
                [
                    -0.5671763792720107,
                    -0.009736240363470358,
                    -0.573703044982411
                ],
                [
                    -0.004439512373577284,
                    -0.573703044982411,
                    0.010286877579327895
                ]
            ],
            "volume_eff": 3.3186913727814233,
            "alpha_iso": 1.0591568211004543,
            "c6_ii": 0.3600881785651125,
            "c8_ii": 2.6271269335184266,
            "c10_ii": 26.454125208315954,
            "slater_b_init": 64.78543911602044
        },
        {
            "index": 11,
            "element": "H",
            "charge": 0.4271914992697383,
            "dipole": [
                0.008474339129248273,
                0.01366362675730047,
                0.014010993981394508
            ],
            "quadrupole": [
                [
                    -0.2776456180917564,
                    -0.26955672041271517,
                    -0.00635681746646286
                ],
                [
                    -0.26955672041271517,
                    -0.0020375952275293228,
                    -0.27261868833779407
                ],
                [
                    -0.00635681746646286,
                    -0.27261868833779407,
                    0.004586425736258068
                ]
            ],
            "volume_eff": 1.4205737148759134,
            "alpha_iso": 0.4533745898540149,
            "c6_ii": 0.06597853687478644,
            "c8_ii": 0.27340480664581573,
            "c10_ii": 1.5636867837289665,
            "slater_b_init": 85.96304102705054
        }
    ]
}