{
    "molecule": "Phos_685",
    "atoms": [
        {
            "index": 0,
            "element": "C",
            "charge": -0.4038326131513781,
            "dipole": [
                0.052640292154579195,
                -0.07516883723196624,
                -0.011330048471703168
            ],
            "quadrupole": [
                [
                    -5.001594375537376,
                    -5.081147683850811,
                    -0.006374583814123617
                ],
                [
                    -5.081147683850811,
                    0.038991631174944204,
                    -5.000030337570736
                ],
                [
                    -0.006374583814123617,
                    -5.000030337570736,
                    1.855085719124432e-05
                ]
            ],
            "volume_eff": 37.80636509287003,
            "alpha_iso": 11.876345055351841,
            "c6_ii": 45.64456145359829,
            "c8_ii": 1313.2213395486494,
            "c10_ii": 47337.06023703156,
            "slater_b_init": 35.12105263979011
        },
        {
            "index": 1,
            "element": "C",
            "charge": -0.27392394748431403,
            "dipole": [
                -0.011756532193402681,
                0.0839847548820092,
                -0.010563336781988803
            ],
            "quadrupole": [
                [
                    -4.733166713858384,
                    -4.788581944995733,
                    0.02684686922871586
                ],
                [
                    -4.788581944995733,
                    0.042620135240526956,
                    -4.738787242891868
                ],
                [
                    0.02684686922871586,
                    -4.738787242891868,
                    0.03852371781705718
                ]
            ],
            "volume_eff": 35.173931816596145,
            "alpha_iso": 11.049402664899311,
            "c6_ii": 39.50945378542024,
            "c8_ii": 1083.3128976148548,
            "c10_ii": 37215.27749208368,
            "slater_b_init": 35.97621965601911
        },
        {
            "index": 2,
            "element": "C",
            "charge": 0.11633727231772628,
            "dipole": [
                0.05275238095563786,
                0.14591633321166284,
                0.08298889248839995
            ],
            "quadrupole": [
                [
                    -4.137460628432899,
                    -4.027796066468172,
                    0.020289391258880976
                ],
                [
                    -4.027796066468172,
                    0.042871863612836646,
                    -4.192300704839431
                ],
                [
                    0.020289391258880976,
                    -4.192300704839431,
                    0.048958928282939095
                ]
            ],
            "volume_eff": 29.676095848572903,
            "alpha_iso": 9.322333774420807,
            "c6_ii": 28.12371712694126,
            "c8_ii": 688.5193884662027,
            "c10_ii": 21119.03584655479,
            "slater_b_init": 38.073275693120024
        },
        {
            "index": 3,
            "element": "O",
            "charge": -0.5696110705038926,
            "dipole": [
                -0.18686670065324287,
                0.03530301370774765,
                -0.09594646560625861
            ],
            "quadrupole": [
                [
                    -4.231827995594153,
                    -4.258871326566522,
                    0.019038571737022777
                ],
                [
                    -4.258871326566522,
                    0.021961557412506064,
                    -4.267776698404631
                ],
                [
                    0.019038571737022777,
                    -4.267776698404631,
                    -0.030190113498442975
                ]
            ],
            "volume_eff": 24.440699381463183,
            "alpha_iso": 7.291700367950343,
            "c6_ii": 28.444264416772548,
            "c8_ii": 1202.875201571874,
            "c10_ii": 48984.2000185953,
            "slater_b_init": 33.47521481328997
        },
        {
            "index": 4,
            "element": "P",
            "charge": 1.751527483122743,
            "dipole": [
                0.02083588037445564,
                0.0576268767549445,
                -0.029962921426543467
            ],
            "quadrupole": [
                [
                    -6.224808850271294,
                    -6.278351636163958,
                    0.044540356747382985
                ],
                [
                    -6.278351636163958,
                    -0.017163744918931908,
                    -6.251591647463313
                ],
                [
                    0.044540356747382985,
                    -6.251591647463313,
                    0.0018675495703371335
                ]
            ],
            "volume_eff": 49.94083260813318,
            "alpha_iso": 19.208012541589685,
            "c6_ii": 109.2085327561685,
            "c8_ii": 3466.393262163209,
            "c10_ii": 62311.18332971123,
            "slater_b_init": 36.03018283029309
        },
        {
            "index": 5,
            "element": "O",
            "charge": -0.8302440746718389,
            "dipole": [
                -0.08337308797876417,
                -0.203894207191287,
                0.24654364798629905
            ],
            "quadrupole": [
                [
                    -4.709769967587279,
                    -4.705989299544911,
                    0.02570514585182054
                ],
                [
                    -4.705989299544911,
                    0.0037675540801539453,
                    -4.715408348754502
                ],
                [
                    0.02570514585182054,
                    -4.715408348754502,
                    0.004657206954060272
                ]
            ],
            "volume_eff": 28.00475990063671,
            "alpha_iso": 8.355011241073935,
            "c6_ii": 37.34488752675447,
            "c8_ii": 1729.2953343175034,
            "c10_ii": 77111.07675160273,
            "slater_b_init": 31.990225233227555
        },
        {
            "index": 6,
            "element": "O",
            "charge": -0.5124791823668637,
            "dipole": [
                0.08334110366509279,
                0.17902045293549598,
                0.023442019293226563
            ],
            "quadrupole": [
                [
                    -4.161461185546222,
                    -4.184694748064265,
                    -0.03646443406145907
                ],
                [
                    -4.184694748064265,
                    -0.02129684904355803,
                    -4.158135240708176
                ],
                [
                    -0.03646443406145907,
                    -4.158135240708176,
                    -0.005586499425992916
                ]
            ],
            "volume_eff": 23.744397346138722,
            "alpha_iso": 7.08396384912426,
            "c6_ii": 26.84662837876922,
            "c8_ii": 1113.6463472336934,
            "c10_ii": 44485.08517764934,
            "slater_b_init": 33.799286459124886
        },
        {
            "index": 7,
            "element": "C",
            "charge": -0.18428400193334404,
            "dipole": [
                0.012616314898477157,
                -0.16696573498658612,
                0.14003832718659895
            ],
            "quadrupole": [
                [
                    -4.65097275050647,
                    -4.666379625058145,
                    -0.0654683965438056
                ],
                [
                    -4.666379625058145,
                    0.03576950918883338,
                    -4.539942513053381
                ],
                [
                    -0.0654683965438056,
                    -4.539942513053381,
                    0.02279569137213948
                ]
            ],
            "volume_eff": 33.98171265294753,
            "alpha_iso": 10.674883555899747,
            "c6_ii": 36.87650190438943,
            "c8_ii": 988.1408100093139,
            "c10_ii": 33174.34939182231,
            "slater_b_init": 36.39212461261253
        },
        {
            "index": 8,
            "element": "C",
            "charge": 0.807882994534709,
            "dipole": [
                -0.09540086313459335,
                0.10156473823332814,
                0.0329814273871836
            ],
            "quadrupole": [
                [
                    -3.2818238125734025,
                    -3.278652817372864,
                    -0.0434277564323772
                ],
                [
                    -3.278652817372864,
                    0.07552275636943823,
                    -3.204327951011414
                ],
                [
                    -0.0434277564323772,
                    -3.204327951011414,
                    0.017750200504215184
                ]
            ],
            "volume_eff": 22.927983633378236,
            "alpha_iso": 7.202507947658084,
            "c6_ii": 16.78768907153631,
            "c8_ii": 346.0512605013421,
            "c10_ii": 8937.260438687337,
            "slater_b_init": 41.49227149844199
        },
        {
            "index": 9,
            "element": "F",
            "charge": -0.24281360199987034,
            "dipole": [
                -0.05036894851266104,
                -0.03187724846255961,
                -0.0034786405365167983
            ],
            "quadrupole": [
                [
                    -3.5177232670373972,
                    -3.5436093666028947,
                    0.001977832722725663
                ],
                [
                    -3.5436093666028947,
                    0.020615375104014733,
                    -3.568754565217935
                ],
                [
                    0.001977832722725663,
                    -3.568754565217935,
                    0.012144700403091081
                ]
            ],
            "volume_eff": 17.86043390606932,
            "alpha_iso": 5.609061887856481,
            "c6_ii": 20.69840477750271,
            "c8_ii": 903.8596635171474,
            "c10_ii": 36617.50791406353,
            "slater_b_init": 33.37449617051613
        },
        {
            "index": 10,
            "element": "F",
            "charge": -0.25896873745298343,
            "dipole": [
                0.0059713213285473975,
                0.04218466891432538,
                -0.03852120702635233
            ],
            "quadrupole": [
                [
                    -3.591186771371395,
                    -3.562490127629377,
                    -0.033135178813603845
                ],
                [
                    -3.562490127629377,
                    0.004046574137470943,
                    -3.5613694033773173
                ],
                [
                    -0.033135178813603845,
                    -3.5613694033773173,
                    -0.010976065792955396
                ]
            ],
            "volume_eff": 18.079152963738355,
            "alpha_iso": 5.677750517537665,
            "c6_ii": 21.208454565394227,
            "c8_ii": 933.6781641920793,
            "c10_ii": 38133.70738860036,
            "slater_b_init": 33.23936309783347
        },
        {
            "index": 11,
            "element": "F",
            "charge": -0.2506114745619179,
            "dipole": [
                0.0063445717174980525,
                0.014972942011548317,
                0.053753637970973024
            ],
            "quadrupole": [
                [
                    -3.5813176602099177,
                    -3.560859052980196,
                    0.02319905509626242
                ],
                [
                    -3.560859052980196,
                    0.00199823770408374,
                    -3.5216557017562566
                ],
                [
                    0.02319905509626242,
                    -3.5216557017562566,
                    0.01713531878106396
                ]
            ],
            "volume_eff": 17.937333340059055,
            "alpha_iso": 5.6332121233243315,
            "c6_ii": 20.877025543663308,
            "c8_ii": 914.2746284324822,
            "c10_ii": 37145.68419795161,
            "slater_b_init": 33.3267344031829
        },
        {
            "index": 12,
            "element": "O",
            "charge": -0.5435105899690633,
            "dipole": [
                0.14396014827362325,
                -0.0995116613724882,
                -0.09762306639080129
            ],
            "quadrupole": [
                [
                    -4.219427287136751,
                    -4.191467986727408,
                    -0.009339859246607941
                ],
                [
                    -4.191467986727408,
                    -0.007965430271681386,
                    -4.267784815251555
                ],
                [
                    -0.009339859246607941,
                    -4.267784815251555,
                    0.04022746099480049
                ]
            ],
            "volume_eff": 24.24363631663757,
            "alpha_iso": 7.232908072367009,
            "c6_ii": 27.987426723582466,
            "c8_ii": 1177.1855470258663,
            "c10_ii": 47680.02309028946,
            "slater_b_init": 33.5656706468055
        },
        {
            "index": 13,
            "element": "C",
            "charge": -0.18297676849885658,
            "dipole": [
                -0.09096454407788142,
                0.18073679095953574,
                -0.07177950493971547
            ],
            "quadrupole": [
                [
                    -4.640938394522398,
                    -4.624038294311228,
                    -0.07242503272249484
                ],
                [
                    -4.624038294311228,
                    -0.0472658757192689,
                    -4.603627129360499
                ],
                [
                    -0.07242503272249484,
                    -4.603627129360499,
                    0.030177435625013745
                ]
            ],
            "volume_eff": 34.058671720055244,
            "alpha_iso": 10.699059179074945,
            "c6_ii": 37.0437209513084,
            "c8_ii": 994.1197110913771,
            "c10_ii": 33425.447136075265,
            "slater_b_init": 36.36469335978148
        },
        {
            "index": 14,
            "element": "C",
            "charge": 0.8143176425544967,
            "dipole": [
                -0.06034410615357962,
                -0.12074905147904165,
                -0.03259562911050879
            ],
            "quadrupole": [
                [
                    -3.2249003865204413,
                    -3.289952955384365,
                    -0.03975159089540133
                ],
                [
                    -3.289952955384365,
                    -0.06710094914687592,
                    -3.197588632123811
                ],
                [
                    -0.03975159089540133,
                    -3.197588632123811,
                    -0.014959198435164555
                ]
            ],
            "volume_eff": 22.762177504102635,
            "alpha_iso": 7.150422252597686,
            "c6_ii": 16.545763118018737,
            "c8_ii": 339.41806196262337,
            "c10_ii": 8723.636403264369,
            "slater_b_init": 41.59277500124994
        },
        {
            "index": 15,
            "element": "F",
            "charge": -0.2617445337033999,
            "dipole": [
                -0.0039825854321069035,
                -0.003133948850971897,
                -0.05444301124324699
            ],
            "quadrupole": [
                [
                    -3.6067279849696052,
                    -3.5867096434616514,
                    0.006412664734176291
                ],
                [
                    -3.5867096434616514,
                    -0.000801785467257021,
                    -3.5250601077554493
                ],
                [
                    0.006412664734176291,
                    -3.5250601077554493,
                    0.0005181746252848965
                ]
            ],
            "volume_eff": 18.082870826266543,
            "alpha_iso": 5.678918110728336,
            "c6_ii": 21.21717822918309,
            "c8_ii": 934.1902651690164,
            "c10_ii": 38159.853506485066,
            "slater_b_init": 33.237084922462614
        },
        {
            "index": 16,
            "element": "F",
            "charge": -0.25202068668574995,
            "dipole": [
                0.02682107593502573,
                -0.03901296209401945,
                0.021932581741345002
            ],
            "quadrupole": [
                [
                    -3.5562560204025906,
                    -3.544109732241415,
                    -0.022892690160392023
                ],
                [
                    -3.544109732241415,
                    -0.03057273582930347,
                    -3.574020975061203
                ],
                [
                    -0.022892690160392023,
                    -3.574020975061203,
                    0.020798744225642617
                ]
            ],
            "volume_eff": 17.969656658894056,
            "alpha_iso": 5.64336324824772,
            "c6_ii": 20.952334705048067,
            "c8_ii": 918.6746561214154,
            "c10_ii": 37369.277085518,
            "slater_b_init": 33.30674000881654
        },
        {
            "index": 17,
            "element": "F",
            "charge": -0.237584300087601,
            "dipole": [
                -0.05365778385798641,
                0.007718939771825073,
                0.039066673010116196
            ],
            "quadrupole": [
                [
                    -3.503686093559574,
                    -3.5517037939057903,
                    0.003591152581985501
                ],
                [
                    -3.5517037939057903,
                    -0.002384977358146385,
                    -3.5440871577819566
                ],
                [
                    0.003591152581985501,
                    -3.5440871577819566,
                    -0.031153967720518313
                ]
            ],
            "volume_eff": 17.77143549250605,
            "alpha_iso": 5.58111197285314,
            "c6_ii": 20.492638719424125,
            "c8_ii": 891.899011816484,
            "c10_ii": 36012.82001710525,
            "slater_b_init": 33.430115999921526
        },
        {
            "index": 18,
            "element": "H",
            "charge": 0.12137489163121096,
            "dipole": [
                -0.010490674621185615,
                0.006072604335802979,
                -0.04546372016660478
            ],
            "quadrupole": [
                [
                    -0.5167181032719163,
                    -0.5110980980607348,
                    0.0067728272313314795
                ],
                [
                    -0.5110980980607348,
                    -0.0029805434067810407,
                    -0.5247043651585055
                ],
                [
                    0.0067728272313314795,
                    -0.5247043651585055,
                    -0.002825266845177027
                ]
            ],
            "volume_eff": 2.966785656365886,
            "alpha_iso": 0.9468464860742188,
            "c6_ii": 0.287771295962574,
            "c8_ii": 1.948345031355751,
            "c10_ii": 18.20641421082178,
            "slater_b_init": 67.25186079125837
        },
        {
            "index": 19,
            "element": "H",
            "charge": 0.13196639328691218,
            "dipole": [
                -0.03600585956481726,
                -0.015134039935162866,
                0.030427795086683664
            ],
            "quadrupole": [
                [
                    -0.5081334391888461,
                    -0.4948133833133057,
                    -0.002229015055866798
                ],
                [
                    -0.4948133833133057,
                    -0.0024833347491785675,
                    -0.5058575805559979
                ],
                [
                    -0.002229015055866798,
                    -0.5058575805559979,
                    0.002803608501757166
                ]
            ],
            "volume_eff": 2.8501275465508664,
            "alpha_iso": 0.9096151744311276,
            "c6_ii": 0.26558510993135354,
            "c8_ii": 1.7506830822572286,
            "c10_ii": 15.927642612680728,
            "slater_b_init": 68.15717745532538
        },
        {
            "index": 20,
            "element": "H",
            "charge": 0.1481625471904482,
            "dipole": [
                0.03785034420886081,
                0.028421428099388635,
                0.019246990399840007
            ],
            "quadrupole": [
                [
                    -0.47893414381336075,
                    -0.4800126415787245,
                    -0.002030766243185195
                ],
                [
                    -0.4800126415787245,
                    -0.004815881871835684,
                    -0.4842212050426695
                ],
                [
                    -0.002030766243185195,
                    -0.4842212050426695,
                    -3.869227979201727e-05
                ]
            ],
            "volume_eff": 2.68568625465064,
            "alpha_iso": 0.857133911058715,
            "c6_ii": 0.2358227417118153,
            "c8_ii": 1.4941131353090034,
            "c10_ii": 13.065361737022599,
            "slater_b_init": 69.52077476362072
        },
        {
            "index": 21,
            "element": "H",
            "charge": 0.1275087767472214,
            "dipole": [
                -0.03762787598883402,
                -0.02592802584108701,
                -0.018949708747867354
            ],
            "quadrupole": [
                [
                    -0.49523350131639693,
                    -0.5040672942160502,
                    -0.0009184799514914469
                ],
                [
                    -0.5040672942160502,
                    -0.009664155268942924,
                    -0.49962956740891956
                ],
                [
                    -0.0009184799514914469,
                    -0.49962956740891956,
                    -0.006240419980724913
                ]
            ],
            "volume_eff": 2.813436222197263,
            "alpha_iso": 0.8979051772969989,
            "c6_ii": 0.25879106657821765,
            "c8_ii": 1.6912258657361205,
            "c10_ii": 15.254363772298142,
            "slater_b_init": 68.45218845861464
        },
        {
            "index": 22,
            "element": "H",
            "charge": 0.1526281183109195,
            "dipole": [
                0.017814036879854403,
                -0.0007355891082194972,
                0.04999508617855126
            ],
            "quadrupole": [
                [
                    -0.4639305252164887,
                    -0.46792173124953257,
                    0.0043975757963005254
                ],
                [
                    -0.46792173124953257,
                    -0.0034381102064936636,
                    -0.4727941148866949
                ],
                [
                    0.0043975757963005254,
                    -0.4727941148866949,
                    -0.004201702865628116
                ]
            ],
            "volume_eff": 2.5819674975625624,
            "alpha_iso": 0.8240321800731583,
            "c6_ii": 0.2179599367740638,
            "c8_ii": 1.3451523329050303,
            "c10_ii": 11.457936738974807,
            "slater_b_init": 70.43947415755883
        },
        {
            "index": 23,
            "element": "H",
            "charge": 0.08704955938078851,
            "dipole": [
                0.025102134297656297,
                -0.06563324635872284,
                0.0048044909205095495
            ],
            "quadrupole": [
                [
                    -0.5210120065846018,
                    -0.5268774958523431,
                    0.0008697534052808396
                ],
                [
                    -0.5268774958523431,
                    0.009779970113117039,
                    -0.5354957049299065
                ],
                [
                    0.0008697534052808396,
                    -0.5354957049299065,
                    0.001530616154376719
                ]
            ],
            "volume_eff": 2.9865277333404534,
            "alpha_iso": 0.9531471489384425,
            "c6_ii": 0.29161390957736444,
            "c8_ii": 1.983110369107801,
            "c10_ii": 18.613399140344953,
            "slater_b_init": 67.10334632489933
        },
        {
            "index": 24,
            "element": "H",
            "charge": 0.09079998571858627,
            "dipole": [
                -0.02575514303097398,
                0.025711133370985132,
                -0.051793577320050174
            ],
            "quadrupole": [
                [
                    -0.5138352636751139,
                    -0.5195091512932676,
                    0.006938167581562049
                ],
                [
                    -0.5195091512932676,
                    0.013306937066728397,
                    -0.5307561433544996
                ],
                [
                    0.006938167581562049,
                    -0.5307561433544996,
                    0.0008828714028089912
                ]
            ],
            "volume_eff": 2.941771924464075,
            "alpha_iso": 0.9388633801481091,
            "c6_ii": 0.28293920507606735,
            "c8_ii": 1.9048469061883564,
            "c10_ii": 17.69975193740131,
            "slater_b_init": 67.44193608286811
        },
        {
            "index": 25,
            "element": "H",
            "charge": 0.16161493830188434,
            "dipole": [
                -0.005467893235562078,
                -0.027477357870015554,
                -0.05544009648623089
            ],
            "quadrupole": [
                [
                    -0.45925067638662476,
                    -0.4473221011176414,
                    -0.006613598040957301
                ],
                [
                    -0.4473221011176414,
                    -0.0001674865574778393,
                    -0.4526772345112998
                ],
                [
                    -0.006613598040957301,
                    -0.4526772345112998,
                    -4.2256906689990635e-05
                ]
            ],
            "volume_eff": 2.472671120718471,
            "alpha_iso": 0.7891503576761077,
            "c6_ii": 0.1998977217596117,
            "c8_ii": 1.1986149699756417,
            "c10_ii": 9.919543939104562,
            "slater_b_init": 71.46239657580247
        },
        {
            "index": 26,
            "element": "H",
            "charge": 0.1630958482115309,
            "dipole": [
                0.05648874142454123,
                0.011201131814413866,
                0.013796926094514847
            ],
            "quadrupole": [
                [
                    -0.45378324904946216,
                    -0.4412927860628548,
                    -0.00918773232557745
                ],
                [
                    -0.4412927860628548,
                    -0.0019769005571833986,
                    -0.4454051158081307
                ],
                [
                    -0.00918773232557745,
                    -0.4454051158081307,
                    -0.00011024256385207148
                ]
            ],
            "volume_eff": 2.4174631882052586,
            "alpha_iso": 0.7715308047463592,
            "c6_ii": 0.1910710413516874,
            "c8_ii": 1.1285714656999561,
            "c10_ii": 9.20033022434449,
            "slater_b_init": 72.00230599687306
        },
        {
            "index": 27,
            "element": "H",
            "charge": 0.161339368592885,
            "dipole": [
                0.04713181243916144,
                0.014990093264395913,
                -0.03163129700076735
            ],
            "quadrupole": [
                [
                    -0.4513175833337694,
                    -0.44025865503013767,
                    -0.004506840572991497
                ],
                [
                    -0.44025865503013767,
                    -0.007435288073330537,
                    -0.45469899482365733
                ],
                [
                    -0.004506840572991497,
                    -0.45469899482365733,
                    0.0036415837448488483
                ]
            ],
            "volume_eff": 2.430917131461914,
            "alpha_iso": 0.775824616424015,
            "c6_ii": 0.19320370026773115,
            "c8_ii": 1.1453981868047756,
            "c10_ii": 9.372116916534992,
            "slater_b_init": 71.86922761205875
        },
        {
            "index": 28,
            "element": "H",
            "charge": 0.16860371954704656,
            "dipole": [
                0.008744341607636635,
                0.010681729866731507,
                0.06125028511619606
            ],
            "quadrupole": [
                [
                    -0.450863219279716,
                    -0.43751315637967303,
                    -0.0018655734523088557
                ],
                [
                    -0.43751315637967303,
                    -0.003768391419729658,
                    -0.4494608596814831
                ],
                [
                    -0.0018655734523088557,
                    -0.4494608596814831,
                    0.003017505967387312
                ]
            ],
            "volume_eff": 2.420954527529845,
            "alpha_iso": 0.7726450619776102,
            "c6_ii": 0.19162333563898784,
            "c8_ii": 1.1329231012984207,
            "c10_ii": 9.244695783096706,
            "slater_b_init": 71.9676770354784
        }
    ]
}