{
    "molecule": "CCarb_958",
    "atoms": [
        {
            "index": 0,
            "element": "C",
            "charge": -0.4307087106100056,
            "dipole": [
                0.06489982408571295,
                -0.021788048111751893,
                -0.026476734901360648
            ],
            "quadrupole": [
                [
                    -5.1346958299804015,
                    -5.100040095795326,
                    -0.00773033364563174
                ],
                [
                    -5.100040095795326,
                    0.04052552151049747,
                    -5.071427046718592
                ],
                [
                    -0.00773033364563174,
                    -5.071427046718592,
                    0.029959034198092475
                ]
            ],
            "volume_eff": 38.587890618096786,
            "alpha_iso": 12.121850455946632,
            "c6_ii": 47.55117670136906,
            "c8_ii": 1386.8651577975506,
            "c10_ii": 50678.256617677245,
            "slater_b_init": 34.88232994861181
        },
        {
            "index": 1,
            "element": "C",
            "charge": -0.16029527553283707,
            "dipole": [
                -0.018752192972316464,
                0.07459453244725342,
                -0.002457636853744921
            ],
            "quadrupole": [
                [
                    -4.577959229343189,
                    -4.634337562667522,
                    -0.0029906163221997814
                ],
                [
                    -4.634337562667522,
                    0.026879144130025436,
                    -4.4992210515493545
                ],
                [
                    -0.0029906163221997814,
                    -4.4992210515493545,
                    0.02449399113880844
                ]
            ],
            "volume_eff": 33.621463673270384,
            "alpha_iso": 10.561716337153,
            "c6_ii": 36.098771545626256,
            "c8_ii": 960.452246842048,
            "c10_ii": 32016.48059486257,
            "slater_b_init": 36.521641855314044
        },
        {
            "index": 2,
            "element": "C",
            "charge": -0.2971686155275819,
            "dipole": [
                -0.02753916795414842,
                -0.0638341639523532,
                0.00933578015901074
            ],
            "quadrupole": [
                [
                    -4.829525637336289,
                    -4.879204281938083,
                    0.03456229202585786
                ],
                [
                    -4.879204281938083,
                    -0.0004054955540439513,
                    -4.753251722696416
                ],
                [
                    0.03456229202585786,
                    -4.753251722696416,
                    0.030918934674571893
                ]
            ],
            "volume_eff": 35.96771312690255,
            "alpha_iso": 11.298758050335879,
            "c6_ii": 41.31282014006521,
            "c8_ii": 1149.7383100753832,
            "c10_ii": 40089.221496777136,
            "slater_b_init": 35.70959215614571
        },
        {
            "index": 3,
            "element": "C",
            "charge": 0.10998625920068861,
            "dipole": [
                -0.07241764761485009,
                -0.0697108719690636,
                -0.07752943548213238
            ],
            "quadrupole": [
                [
                    -4.167724217970495,
                    -4.152547736620513,
                    0.04416213509210883
                ],
                [
                    -4.152547736620513,
                    0.06767767819482758,
                    -4.087005063123978
                ],
                [
                    0.04416213509210883,
                    -4.087005063123978,
                    0.04293959712080461
                ]
            ],
            "volume_eff": 29.87047601077229,
            "alpha_iso": 9.383395605478206,
            "c6_ii": 28.49334770793819,
            "c8_ii": 700.6113737663363,
            "c10_ii": 21583.672800852117,
            "slater_b_init": 37.9905094531026
        },
        {
            "index": 4,
            "element": "O",
            "charge": -0.40642192777645647,
            "dipole": [
                -0.05783432694311266,
                0.06517917414229046,
                0.037672203609805506
            ],
            "quadrupole": [
                [
                    -4.083704824283373,
                    -4.041283919622682,
                    0.03417565211228989
                ],
                [
                    -4.041283919622682,
                    -0.034164400745732626,
                    -4.057596222441893
                ],
                [
                    0.03417565211228989,
                    -4.057596222441893,
                    -0.03668329451081754
                ]
            ],
            "volume_eff": 23.096306690716652,
            "alpha_iso": 6.890610835904416,
            "c6_ii": 25.401099999772978,
            "c8_ii": 1034.4217915680981,
            "c10_ii": 40565.08418182159,
            "slater_b_init": 34.1125147465507
        },
        {
            "index": 5,
            "element": "C",
            "charge": 0.9712892931361239,
            "dipole": [
                -0.004631089901015839,
                0.024104316219424556,
                0.026259542893621528
            ],
            "quadrupole": [
                [
                    -2.883295255538046,
                    -2.8767850401055353,
                    -0.07685877293518413
                ],
                [
                    -2.8767850401055353,
                    0.05313974079313798,
                    -2.92973058439322
                ],
                [
                    -0.07685877293518413,
                    -2.92973058439322,
                    -0.01820706978169902
                ]
            ],
            "volume_eff": 19.57629192434108,
            "alpha_iso": 6.149620499793009,
            "c6_ii": 12.238270727657694,
            "c8_ii": 227.04535489750933,
            "c10_ii": 5277.395541485016,
            "slater_b_init": 43.73666737146815
        },
        {
            "index": 6,
            "element": "O",
            "charge": -0.6061783961842924,
            "dipole": [
                0.033464265015482005,
                -0.10952362315766354,
                -0.13257768860261906
            ],
            "quadrupole": [
                [
                    -4.411120153311025,
                    -4.365665641065654,
                    -0.022664906166782378
                ],
                [
                    -4.365665641065654,
                    0.05398723570073677,
                    -4.396506096133503
                ],
                [
                    -0.022664906166782378,
                    -4.396506096133503,
                    -0.04407945611103428
                ]
            ],
            "volume_eff": 25.691625560587244,
            "alpha_iso": 7.664904863379619,
            "c6_ii": 31.43045124858383,
            "c8_ii": 1374.1319905622531,
            "c10_ii": 57851.66574354609,
            "slater_b_init": 32.92284730426997
        },
        {
            "index": 7,
            "element": "O",
            "charge": -0.3947142416531584,
            "dipole": [
                0.022523071734777394,
                0.03916849177238518,
                0.08536155054017451
            ],
            "quadrupole": [
                [
                    -4.095918426136083,
                    -4.048323399092623,
                    0.04000381553075999
                ],
                [
                    -4.048323399092623,
                    0.010311318571871782,
                    -3.9923978488888467
                ],
                [
                    0.04000381553075999,
                    -3.9923978488888467,
                    -0.007967622564358472
                ]
            ],
            "volume_eff": 22.984110528093048,
            "alpha_iso": 6.857137947607871,
            "c6_ii": 25.154914848675322,
            "c8_ii": 1021.0760682343638,
            "c10_ii": 39911.94818221338,
            "slater_b_init": 34.16793103773527
        },
        {
            "index": 8,
            "element": "C",
            "charge": 0.004979811690652092,
            "dipole": [
                0.08991796145283762,
                -0.08279463511177641,
                -0.07211276261505567
            ],
            "quadrupole": [
                [
                    -4.239226981520822,
                    -4.306185261439261,
                    0.015625649910957298
                ],
                [
                    -4.306185261439261,
                    -0.052098247220375205,
                    -4.359944798960379
                ],
                [
                    0.015625649910957298,
                    -4.359944798960379,
                    -0.08316234357665221
                ]
            ],
            "volume_eff": 31.341637742237467,
            "alpha_iso": 9.845540652011769,
            "c6_ii": 31.369136500259724,
            "c8_ii": 796.4453205198455,
            "c10_ii": 25335.17016356558,
            "slater_b_init": 37.3865395947499
        },
        {
            "index": 9,
            "element": "C",
            "charge": 0.22355234733559293,
            "dipole": [
                0.10304188279687687,
                0.0687911989228012,
                -0.07189279110133885
            ],
            "quadrupole": [
                [
                    -4.001781750912757,
                    -3.9504408896436884,
                    -0.03236487466927303
                ],
                [
                    -3.9504408896436884,
                    0.026664819143863146,
                    -3.947951998068766
                ],
                [
                    -0.03236487466927303,
                    -3.947951998068766,
                    -0.07184209028118912
                ]
            ],
            "volume_eff": 28.434374542498343,
            "alpha_iso": 8.93226425418796,
            "c6_ii": 25.81942405090007,
            "c8_ii": 614.3482327719098,
            "c10_ii": 18314.587271522625,
            "slater_b_init": 38.61961489108761
        },
        {
            "index": 10,
            "element": "C",
            "charge": -0.5295339301994595,
            "dipole": [
                -0.020343607974239376,
                0.014046896972150518,
                -0.028111197536987997
            ],
            "quadrupole": [
                [
                    -5.241621010542571,
                    -5.204553973069172,
                    0.005071664861645934
                ],
                [
                    -5.204553973069172,
                    0.02820024632868521,
                    -5.198584540358639
                ],
                [
                    0.005071664861645934,
                    -5.198584540358639,
                    0.0007656578910784555
                ]
            ],
            "volume_eff": 39.37097873929777,
            "alpha_iso": 12.367846724386734,
            "c6_ii": 49.500731104605855,
            "c8_ii": 1463.1921551051596,
            "c10_ii": 54188.305978758865,
            "slater_b_init": 34.64950980412524
        },
        {
            "index": 11,
            "element": "F",
            "charge": -0.22239921411803998,
            "dipole": [
                0.001504320191977149,
                -0.04849446293472761,
                0.02059000336886757
            ],
            "quadrupole": [
                [
                    -3.5482085506976624,
                    -3.5194732974850393,
                    -0.03244454331406057
                ],
                [
                    -3.5194732974850393,
                    0.028462592974113885,
                    -3.5470238997516463
                ],
                [
                    -0.03244454331406057,
                    -3.5470238997516463,
                    -0.008446384338418472
                ]
            ],
            "volume_eff": 17.86806120005793,
            "alpha_iso": 5.611457236381829,
            "c6_ii": 20.716087049830264,
            "c8_ii": 904.8893446621476,
            "c10_ii": 36669.6588820072,
            "slater_b_init": 33.369746665790544
        },
        {
            "index": 12,
            "element": "H",
            "charge": 0.136634098195215,
            "dipole": [
                -0.01632709953487166,
                0.018336567082060506,
                -0.04040916814194352
            ],
            "quadrupole": [
                [
                    -0.494489379577551,
                    -0.5023464315321076,
                    0.006202094882686804
                ],
                [
                    -0.5023464315321076,
                    -0.0006681063894717151,
                    -0.4984527069605059
                ],
                [
                    0.006202094882686804,
                    -0.4984527069605059,
                    -0.0070618955197624044
                ]
            ],
            "volume_eff": 2.8239399956180784,
            "alpha_iso": 0.9012574454100251,
            "c6_ii": 0.2607270315503964,
            "c8_ii": 1.7081158330295543,
            "c10_ii": 15.445029123044076,
            "slater_b_init": 68.36721267012835
        },
        {
            "index": 13,
            "element": "H",
            "charge": 0.13877187869551189,
            "dipole": [
                -0.021507408389415963,
                -0.041714994512378124,
                0.013668623038579353
            ],
            "quadrupole": [
                [
                    -0.49419921871298683,
                    -0.49285170965563824,
                    0.00304272397950834
                ],
                [
                    -0.49285170965563824,
                    -0.007545645474328834,
                    -0.49602983799587835
                ],
                [
                    0.00304272397950834,
                    -0.49602983799587835,
                    0.00012327827259515258
                ]
            ],
            "volume_eff": 2.786578451133283,
            "alpha_iso": 0.8893335482340265,
            "c6_ii": 0.2538736809923162,
            "c8_ii": 1.6485146521186675,
            "c10_ii": 14.774340303242726,
            "slater_b_init": 68.67140569369658
        },
        {
            "index": 14,
            "element": "H",
            "charge": 0.13066418501688726,
            "dipole": [
                0.01690006718937587,
                0.02754815132863373,
                0.033264171667770084
            ],
            "quadrupole": [
                [
                    -0.49532928454091835,
                    -0.5116330810777,
                    -0.0043706563801997516
                ],
                [
                    -0.5116330810777,
                    -0.0037838404572936722,
                    -0.5095272674827098
                ],
                [
                    -0.0043706563801997516,
                    -0.5095272674827098,
                    -0.0017803452912026289
                ]
            ],
            "volume_eff": 2.877125331913965,
            "alpha_iso": 0.9182314889087123,
            "c6_ii": 0.2706404413310034,
            "c8_ii": 1.7952550709993553,
            "c10_ii": 16.436138277387865,
            "slater_b_init": 67.94332063741068
        },
        {
            "index": 15,
            "element": "H",
            "charge": 0.12655058731029212,
            "dipole": [
                -0.018840919137870598,
                -0.02525710705642935,
                -0.04411347891744298
            ],
            "quadrupole": [
                [
                    -0.48653347099174127,
                    -0.501640553921783,
                    -0.006861386983041928
                ],
                [
                    -0.501640553921783,
                    0.0035393363799818794,
                    -0.4990252644898037
                ],
                [
                    -0.006861386983041928,
                    -0.4990252644898037,
                    -0.003930159288537414
                ]
            ],
            "volume_eff": 2.7774515821021497,
            "alpha_iso": 0.8864207176921755,
            "c6_ii": 0.2522133815753296,
            "c8_ii": 1.6341555936603447,
            "c10_ii": 14.613654644941297,
            "slater_b_init": 68.74654287613048
        },
        {
            "index": 16,
            "element": "H",
            "charge": 0.09411023936005658,
            "dipole": [
                0.015525642027426229,
                -0.013875424102536579,
                0.046958325402375205
            ],
            "quadrupole": [
                [
                    -0.5267146355864124,
                    -0.5377317863933777,
                    0.003094424289718804
                ],
                [
                    -0.5377317863933777,
                    0.008060607806993185,
                    -0.5358743793202471
                ],
                [
                    0.003094424289718804,
                    -0.5358743793202471,
                    -0.01019461646201917
                ]
            ],
            "volume_eff": 3.051736533708807,
            "alpha_iso": 0.9739584682049385,
            "c6_ii": 0.3044873153393933,
            "c8_ii": 2.100687791875752,
            "c10_ii": 20.002946486442298,
            "slater_b_init": 66.621951495307
        },
        {
            "index": 17,
            "element": "H",
            "charge": 0.14362306072161313,
            "dipole": [
                -0.02990602833707312,
                0.012374079364415695,
                -0.037433551729448906
            ],
            "quadrupole": [
                [
                    -0.47630852441026145,
                    -0.4854091288357162,
                    0.004125394620495466
                ],
                [
                    -0.4854091288357162,
                    0.006458876024664531,
                    -0.4814156338175522
                ],
                [
                    0.004125394620495466,
                    -0.4814156338175522,
                    -0.009141949703796065
                ]
            ],
            "volume_eff": 2.6841429206942777,
            "alpha_iso": 0.8566413576683864,
            "c6_ii": 0.23555178774526353,
            "c8_ii": 1.4918246461751903,
            "c10_ii": 13.040351740408612,
            "slater_b_init": 69.5340966095015
        },
        {
            "index": 18,
            "element": "H",
            "charge": 0.13386986549148905,
            "dipole": [
                0.005830495310580292,
                0.024618791066739674,
                0.04047644845915666
            ],
            "quadrupole": [
                [
                    -0.4867519259049689,
                    -0.5005945832901317,
                    -0.005829727368661998
                ],
                [
                    -0.5005945832901317,
                    0.0010825657681681055,
                    -0.5007925942762484
                ],
                [
                    -0.005829727368661998,
                    -0.5007925942762484,
                    -0.00843325560534363
                ]
            ],
            "volume_eff": 2.8008733967266846,
            "alpha_iso": 0.8938957649127717,
            "c6_ii": 0.2564850691574533,
            "c8_ii": 1.6711625296739256,
            "c10_ii": 15.028493418708797,
            "slater_b_init": 68.55437924541535
        },
        {
            "index": 19,
            "element": "H",
            "charge": 0.11492626005382367,
            "dipole": [
                0.023099264199337628,
                0.0486804561999901,
                -0.029538626236053588
            ],
            "quadrupole": [
                [
                    -0.4949705512816529,
                    -0.49370736863307285,
                    0.006833024532692335
                ],
                [
                    -0.49370736863307285,
                    -0.007423899286712933,
                    -0.48370620679688303
                ],
                [
                    0.006833024532692335,
                    -0.48370620679688303,
                    0.004095126794610177
                ]
            ],
            "volume_eff": 2.717967674514112,
            "alpha_iso": 0.867436491866206,
            "c6_ii": 0.2415258981845668,
            "c8_ii": 1.5424846325592911,
            "c10_ii": 13.596218679295072,
            "slater_b_init": 69.2444441102591
        },
        {
            "index": 20,
            "element": "H",
            "charge": 0.12350277844947954,
            "dipole": [
                -0.0238865794215976,
                -0.0429376891550498,
                0.025120660813062967
            ],
            "quadrupole": [
                [
                    -0.48126725995913844,
                    -0.48399594618071207,
                    0.009081860116539008
                ],
                [
                    -0.48399594618071207,
                    -0.009452334083999097,
                    -0.4849333512410434
                ],
                [
                    0.009081860116539008,
                    -0.4849333512410434,
                    0.004346491079189662
                ]
            ],
            "volume_eff": 2.6712405514342508,
            "alpha_iso": 0.8525235802449737,
            "c6_ii": 0.23329268921872107,
            "c8_ii": 1.4727784153561763,
            "c10_ii": 12.832576057238102,
            "slater_b_init": 69.64586914701884
        },
        {
            "index": 21,
            "element": "H",
            "charge": 0.08803384908482603,
            "dipole": [
                -0.02753766837760756,
                0.031780352627606534,
                0.04911221721510967
            ],
            "quadrupole": [
                [
                    -0.5157659985735821,
                    -0.5119336146579376,
                    -0.007690182161137438
                ],
                [
                    -0.5119336146579376,
                    0.00979307368467682,
                    -0.5124101720752553
                ],
                [
                    -0.007690182161137438,
                    -0.5124101720752553,
                    0.006207189821254308
                ]
            ],
            "volume_eff": 2.862895723727026,
            "alpha_iso": 0.9136901245937317,
            "c6_ii": 0.26797000911460284,
            "c8_ii": 1.771675418629054,
            "c10_ii": 16.166733641788827,
            "slater_b_init": 68.05570212595713
        },
        {
            "index": 22,
            "element": "H",
            "charge": 0.1599493116574915,
            "dipole": [
                0.024761081759984427,
                0.031900390348476554,
                0.023995843646451045
            ],
            "quadrupole": [
                [
                    -0.47326316813188574,
                    -0.47024706460227766,
                    -0.00327710283146018
                ],
                [
                    -0.47024706460227766,
                    -0.006126267552831181,
                    -0.4765730363595897
                ],
                [
                    -0.00327710283146018,
                    -0.4765730363595897,
                    0.0003096914333001291
                ]
            ],
            "volume_eff": 2.6419226251759658,
            "alpha_iso": 0.8431667952689254,
            "c6_ii": 0.22819983161414586,
            "c8_ii": 1.430066821994394,
            "c10_ii": 12.369082818553599,
            "slater_b_init": 69.90254656848958
        },
        {
            "index": 23,
            "element": "H",
            "charge": 0.1588911430306129,
            "dipole": [
                -0.018595935542003433,
                -0.03412241678418863,
                0.023476185963131814
            ],
            "quadrupole": [
                [
                    -0.4722938836683955,
                    -0.47955669905948256,
                    0.000561067074604444
                ],
                [
                    -0.47955669905948256,
                    -0.004987915905483448,
                    -0.47763725434889565
                ],
                [
                    0.000561067074604444,
                    -0.47763725434889565,
                    0.004183735286628039
                ]
            ],
            "volume_eff": 2.669007991198134,
            "alpha_iso": 0.851811061020681,
            "c6_ii": 0.23290289105687206,
            "c8_ii": 1.4694982646150028,
            "c10_ii": 12.796860349480772,
            "slater_b_init": 69.66528275993832
        },
        {
            "index": 24,
            "element": "H",
            "charge": 0.18016810183904242,
            "dipole": [
                0.02793461800086172,
                -0.014869694196602123,
                -0.03516028710020113
            ],
            "quadrupole": [
                [
                    -0.45023371762798725,
                    -0.4530332908434238,
                    -0.003705568052152308
                ],
                [
                    -0.4530332908434238,
                    -0.0016951843732315676,
                    -0.45042811561898777
                ],
                [
                    -0.003705568052152308,
                    -0.45042811561898777,
                    0.005137171763502808
                ]
            ],
            "volume_eff": 2.4880293919930345,
            "alpha_iso": 0.7940519336147983,
            "c6_ii": 0.202388645743363,
            "c8_ii": 1.2185707912469,
            "c10_ii": 10.126410733738146,
            "slater_b_init": 71.31505038384178
        }
    ]
}