{
    "molecule": "DFEA",
    "atoms": [
        {
            "index": 0,
            "element": "C",
            "charge": -0.5135776750816685,
            "dipole": [
                0.02233417198255776,
                -0.035013623590444666,
                -0.0026022328846872565
            ],
            "quadrupole": [
                [
                    -5.177080616063301,
                    -5.2599593923976355,
                    -0.011441318103855276
                ],
                [
                    -5.2599593923976355,
                    0.027148833493022873,
                    -5.180276339994224
                ],
                [
                    -0.011441318103855276,
                    -5.180276339994224,
                    0.015919027214327305
                ]
            ],
            "volume_eff": 39.3013872954801,
            "alpha_iso": 12.34598553784715,
            "c6_ii": 49.32589253315323,
            "c8_ii": 1456.3054767005087,
            "c10_ii": 53869.68956685792,
            "slater_b_init": 34.66994918073219
        },
        {
            "index": 1,
            "element": "C",
            "charge": 0.10532080465742322,
            "dipole": [
                0.1267255586252192,
                0.07472420504247564,
                0.04461976128144789
            ],
            "quadrupole": [
                [
                    -4.024480103872997,
                    -4.240299994268313,
                    -0.011503622442975594
                ],
                [
                    -4.240299994268313,
                    0.014130515840262276,
                    -4.112752850290784
                ],
                [
                    -0.011503622442975594,
                    -4.112752850290784,
                    0.030723919578014385
                ]
            ],
            "volume_eff": 29.65995612649929,
            "alpha_iso": 9.317263704659462,
            "c6_ii": 28.093134563228258,
            "c8_ii": 687.5212809130677,
            "c10_ii": 21080.773946237055,
            "slater_b_init": 38.08018040845164
        },
        {
            "index": 2,
            "element": "O",
            "charge": -0.364689858704768,
            "dipole": [
                -0.09898332794213105,
                0.00739813319539804,
                -0.01179646819155809
            ],
            "quadrupole": [
                [
                    -3.9977427484998285,
                    -4.0049705722537565,
                    0.00985349417386764
                ],
                [
                    -4.0049705722537565,
                    -0.007033178767153918,
                    -4.049132205926246
                ],
                [
                    0.00985349417386764,
                    -4.049132205926246,
                    -0.02419896312795846
                ]
            ],
            "volume_eff": 22.784090401902937,
            "alpha_iso": 6.7974634348218705,
            "c6_ii": 24.718996663400176,
            "c8_ii": 997.5517018391279,
            "c10_ii": 38765.873359139274,
            "slater_b_init": 34.267625919957084
        },
        {
            "index": 3,
            "element": "C",
            "charge": 0.6214329157163023,
            "dipole": [
                -0.12241793379351648,
                -0.02231075332552784,
                -0.004772025209641487
            ],
            "quadrupole": [
                [
                    -3.467817296793181,
                    -3.1597632120494277,
                    0.054606116371106315
                ],
                [
                    -3.1597632120494277,
                    -0.03729342337241095,
                    -3.413367345979568
                ],
                [
                    0.054606116371106315,
                    -3.413367345979568,
                    -0.061346495638195345
                ]
            ],
            "volume_eff": 23.071883602604807,
            "alpha_iso": 7.247712126472713,
            "c6_ii": 16.99907519290996,
            "c8_ii": 351.8732666359699,
            "c10_ii": 9125.605923356541,
            "slater_b_init": 41.40582872243096
        },
        {
            "index": 4,
            "element": "O",
            "charge": -0.5066019181766812,
            "dipole": [
                -0.04691139536725289,
                0.01712325023970172,
                -0.09047338172389653
            ],
            "quadrupole": [
                [
                    -4.342908163337364,
                    -4.160713436749539,
                    0.03117717117246253
                ],
                [
                    -4.160713436749539,
                    -0.02049681097903158,
                    -4.275348323064688
                ],
                [
                    0.03117717117246253,
                    -4.275348323064688,
                    -0.0037573780491536933
                ]
            ],
            "volume_eff": 24.689473930717746,
            "alpha_iso": 7.365920399219658,
            "c6_ii": 29.026262685568877,
            "c8_ii": 1235.8026544346371,
            "c10_ii": 50666.01063822059,
            "slater_b_init": 33.36240142352483
        },
        {
            "index": 5,
            "element": "C",
            "charge": 0.302812716757348,
            "dipole": [
                0.15281908989815587,
                -0.12894679753569072,
                -0.0002701586296480311
            ],
            "quadrupole": [
                [
                    -4.021894209223191,
                    -3.903757621843505,
                    -0.030174953141071856
                ],
                [
                    -3.903757621843505,
                    -0.008053141756492382,
                    -3.8635688876754775
                ],
                [
                    -0.030174953141071856,
                    -3.8635688876754775,
                    -0.0576242978132442
                ]
            ],
            "volume_eff": 28.290553474016946,
            "alpha_iso": 8.88708486094773,
            "c6_ii": 25.558895301229054,
            "c8_ii": 606.0967912936277,
            "c10_ii": 18007.62136539341,
            "slater_b_init": 38.68494799005741
        },
        {
            "index": 6,
            "element": "F",
            "charge": -0.21093701319703229,
            "dipole": [
                0.0024266876791576445,
                -0.011525634452223014,
                -0.0035959443587194797
            ],
            "quadrupole": [
                [
                    -3.514494708898882,
                    -3.5590874587491688,
                    0.0029635528971207227
                ],
                [
                    -3.5590874587491688,
                    -0.009392735959940864,
                    -3.506385343935085
                ],
                [
                    0.0029635528971207227,
                    -3.506385343935085,
                    -0.04395662580810636
                ]
            ],
            "volume_eff": 17.778997328258622,
            "alpha_iso": 5.583486764246509,
            "c6_ii": 20.510081872707868,
            "c8_ii": 892.911390817201,
            "c10_ii": 36063.92416922185,
            "slater_b_init": 33.42537578332699
        },
        {
            "index": 7,
            "element": "F",
            "charge": -0.2168045252214199,
            "dipole": [
                0.002767278915771307,
                -0.010321062486243213,
                -0.003918407728699396
            ],
            "quadrupole": [
                [
                    -3.55473429883265,
                    -3.5361464608914166,
                    -0.043761144769329165
                ],
                [
                    -3.5361464608914166,
                    -0.014234238259162525,
                    -3.5103432094888607
                ],
                [
                    -0.043761144769329165,
                    -3.5103432094888607,
                    0.012495437283888518
                ]
            ],
            "volume_eff": 17.829711317893263,
            "alpha_iso": 5.599413471735074,
            "c6_ii": 20.627257386479105,
            "c8_ii": 899.7195449287053,
            "c10_ii": 36407.97051161778,
            "slater_b_init": 33.393654501514554
        },
        {
            "index": 8,
            "element": "H",
            "charge": 0.16109535536482333,
            "dipole": [
                -0.044593956027390615,
                -0.007629190033864731,
                -0.009098987157492818
            ],
            "quadrupole": [
                [
                    -0.4788953267482528,
                    -0.463931389215266,
                    0.0015528042815347528
                ],
                [
                    -0.463931389215266,
                    -0.0014114260309956686,
                    -0.4735396673237724
                ],
                [
                    0.0015528042815347528,
                    -0.4735396673237724,
                    -0.0008100627213025069
                ]
            ],
            "volume_eff": 2.6307050277298694,
            "alpha_iso": 0.839586710977618,
            "c6_ii": 0.22626607378401936,
            "c8_ii": 1.4139318999027624,
            "c10_ii": 12.194884730958279,
            "slater_b_init": 70.00176290062835
        },
        {
            "index": 9,
            "element": "H",
            "charge": 0.16135730625598255,
            "dipole": [
                0.022272828395306782,
                0.026084833201970387,
                -0.032685750238591264
            ],
            "quadrupole": [
                [
                    -0.4696777222895835,
                    -0.47061288372381205,
                    0.0032291179380514157
                ],
                [
                    -0.47061288372381205,
                    -0.0049421939933185915,
                    -0.4741948310969506
                ],
                [
                    0.0032291179380514157,
                    -0.4741948310969506,
                    0.00016138020202155663
                ]
            ],
            "volume_eff": 2.629486023460628,
            "alpha_iso": 0.8391976670619026,
            "c6_ii": 0.22605643005500786,
            "c8_ii": 1.4121854240692708,
            "c10_ii": 12.176058875499594,
            "slater_b_init": 70.01257860935519
        },
        {
            "index": 10,
            "element": "H",
            "charge": 0.1511398467624494,
            "dipole": [
                0.011470249351248636,
                0.01326080549872116,
                0.04303972719886445
            ],
            "quadrupole": [
                [
                    -0.4825351941782204,
                    -0.4782484003622559,
                    -0.005328561740786584
                ],
                [
                    -0.4782484003622559,
                    -0.00547767697870829,
                    -0.4893656430449392
                ],
                [
                    -0.005328561740786584,
                    -0.4893656430449392,
                    0.0008900057946860419
                ]
            ],
            "volume_eff": 2.7152477364576955,
            "alpha_iso": 0.8665684265290517,
            "c6_ii": 0.24104273807756726,
            "c8_ii": 1.5383717902396201,
            "c10_ii": 13.55091802257243,
            "slater_b_init": 69.26755774645171
        },
        {
            "index": 11,
            "element": "H",
            "charge": 0.09702313648893512,
            "dipole": [
                -0.029027179833961816,
                -0.030940912133204247,
                0.05062671287470984
            ],
            "quadrupole": [
                [
                    -0.4968702588386385,
                    -0.5206848749765906,
                    0.0025418650775091787
                ],
                [
                    -0.5206848749765906,
                    -0.003917370890895158,
                    -0.5208359291767055
                ],
                [
                    0.0025418650775091787,
                    -0.5208359291767055,
                    0.0040177904552618805
                ]
            ],
            "volume_eff": 2.871521949717469,
            "alpha_iso": 0.9164431754417455,
            "c6_ii": 0.2695872893723148,
            "c8_ii": 1.7859465379283486,
            "c10_ii": 16.329679139521588,
            "slater_b_init": 67.98748595368494
        },
        {
            "index": 12,
            "element": "H",
            "charge": 0.10205118870434404,
            "dipole": [
                -0.011163747264876999,
                -0.01635223397839156,
                -0.06643193160575056
            ],
            "quadrupole": [
                [
                    -0.49905435025993405,
                    -0.5203436035018342,
                    0.0005373951059189535
                ],
                [
                    -0.5203436035018342,
                    -0.006398137562193791,
                    -0.5252204676977162
                ],
                [
                    0.0005373951059189535,
                    -0.5252204676977162,
                    0.005528652436208183
                ]
            ],
            "volume_eff": 2.899754344610298,
            "alpha_iso": 0.925453514237329,
            "c6_ii": 0.27491443681938,
            "c8_ii": 1.8331554770493077,
            "c10_ii": 16.871014922814343,
            "slater_b_init": 67.76612090274047
        },
        {
            "index": 13,
            "element": "H",
            "charge": 0.10267324777265596,
            "dipole": [
                0.019781056752286377,
                0.06960938267630998,
                0.028577708166861386
            ],
            "quadrupole": [
                [
                    -0.4860635338339432,
                    -0.49354066641842714,
                    -0.006813759619848659
                ],
                [
                    -0.49354066641842714,
                    -0.005490116326059735,
                    -0.4822555833761022
                ],
                [
                    -0.006813759619848659,
                    -0.4822555833761022,
                    -0.0032227752137603282
                ]
            ],
            "volume_eff": 2.6590194084801553,
            "alpha_iso": 0.8486232154723901,
            "c6_ii": 0.23116290626921185,
            "c8_ii": 1.4548786343780513,
            "c10_ii": 12.63791823615648,
            "slater_b_init": 69.75240609616333
        }
    ]
}