{
    "molecule": "Sulf_448",
    "atoms": [
        {
            "index": 0,
            "element": "C",
            "charge": -0.35645040181996457,
            "dipole": [
                0.10849558908985968,
                -0.0280435393899625,
                0.006920235514709024
            ],
            "quadrupole": [
                [
                    -4.907509745152019,
                    -4.841408022290935,
                    -0.004662289665297884
                ],
                [
                    -4.841408022290935,
                    0.01361412348651401,
                    -4.848594812576932
                ],
                [
                    -0.004662289665297884,
                    -4.848594812576932,
                    -0.0034172251535047322
                ]
            ],
            "volume_eff": 35.96564040798099,
            "alpha_iso": 11.29810693444429,
            "c6_ii": 41.30805879221971,
            "c8_ii": 1149.561635333707,
            "c10_ii": 40081.521248013916,
            "slater_b_init": 35.710278130543216
        },
        {
            "index": 1,
            "element": "C",
            "charge": -0.4365964636219184,
            "dipole": [
                -0.13957670792140742,
                0.013851217495847728,
                0.0009578903462298318
            ],
            "quadrupole": [
                [
                    -5.163763757171578,
                    -5.017897182455284,
                    0.03395645547414905
                ],
                [
                    -5.017897182455284,
                    0.017912432981202046,
                    -4.96679804688493
                ],
                [
                    0.03395645547414905,
                    -4.96679804688493,
                    0.0035877774321316416
                ]
            ],
            "volume_eff": 37.79264154510237,
            "alpha_iso": 11.872033993225875,
            "c6_ii": 45.61142990938944,
            "c8_ii": 1311.9505408655104,
            "c10_ii": 47279.80732612884,
            "slater_b_init": 35.125303265440074
        },
        {
            "index": 2,
            "element": "S",
            "charge": 0.9910621087575766,
            "dipole": [
                -0.12078482303541561,
                0.1859107573896887,
                -0.08745476569611217
            ],
            "quadrupole": [
                [
                    -8.059405857921995,
                    -8.110057256463653,
                    -0.007904617273504938
                ],
                [
                    -8.110057256463653,
                    0.05755444835991089,
                    -8.113583099051723
                ],
                [
                    -0.007904617273504938,
                    -8.113583099051723,
                    -0.03549042612881435
                ]
            ],
            "volume_eff": 63.24495486289288,
            "alpha_iso": 16.484057384477403,
            "c6_ii": 94.78091371443067,
            "c8_ii": 2520.856446916614,
            "c10_ii": 67381.61262438327,
            "slater_b_init": 36.01993307668117
        },
        {
            "index": 3,
            "element": "O",
            "charge": -0.5315153835721116,
            "dipole": [
                -0.0573678136260486,
                0.027620848069665374,
                -0.16499540600282125
            ],
            "quadrupole": [
                [
                    -4.216905762392962,
                    -4.214197227740159,
                    0.007901722498128828
                ],
                [
                    -4.214197227740159,
                    0.001887807759471355,
                    -4.2543657886821915
                ],
                [
                    0.007901722498128828,
                    -4.2543657886821915,
                    -0.006820319541456975
                ]
            ],
            "volume_eff": 24.1950416053166,
            "alpha_iso": 7.21841020269114,
            "c6_ii": 27.875341403543292,
            "c8_ii": 1170.9038181366861,
            "c10_ii": 47362.19625274223,
            "slater_b_init": 33.5881273593705
        },
        {
            "index": 4,
            "element": "O",
            "charge": -0.5298766031270592,
            "dipole": [
                -0.04185215679488172,
                0.14728789303506326,
                0.08138176382865607
            ],
            "quadrupole": [
                [
                    -4.212941172104966,
                    -4.243259911766948,
                    -0.012745061362777628
                ],
                [
                    -4.243259911766948,
                    0.0033667838562761836,
                    -4.218368292130825
                ],
                [
                    -0.012745061362777628,
                    -4.218368292130825,
                    0.0018012897806249433
                ]
            ],
            "volume_eff": 24.16548561465991,
            "alpha_iso": 7.209592393323952,
            "c6_ii": 27.807279514912324,
            "c8_ii": 1167.0934503667474,
            "c10_ii": 47169.61647628053,
            "slater_b_init": 33.60181528249627
        },
        {
            "index": 5,
            "element": "C",
            "charge": 0.5673167366782614,
            "dipole": [
                0.19181749082574792,
                -0.08942723753558189,
                0.03064130360758217
            ],
            "quadrupole": [
                [
                    -3.8266017972746598,
                    -3.656068964364936,
                    0.017149858924247835
                ],
                [
                    -3.656068964364936,
                    0.08583635167464207,
                    -3.630275318738689
                ],
                [
                    0.017149858924247835,
                    -3.630275318738689,
                    -0.03290434970821053
                ]
            ],
            "volume_eff": 26.928587616901847,
            "alpha_iso": 8.459242183319951,
            "c6_ii": 23.157215760613763,
            "c8_ii": 531.3748585278314,
            "c10_ii": 15276.720127735878,
            "slater_b_init": 39.32644055693704
        },
        {
            "index": 6,
            "element": "F",
            "charge": -0.17966319582004786,
            "dipole": [
                0.0343096260219305,
                0.02176121567998715,
                -0.012868823360026437
            ],
            "quadrupole": [
                [
                    -3.4497723436356087,
                    -3.4613925233504683,
                    -0.016859046029949813
                ],
                [
                    -3.4613925233504683,
                    0.030276969550863505,
                    -3.4825047726462253
                ],
                [
                    -0.016859046029949813,
                    -3.4825047726462253,
                    -0.01742423856503049
                ]
            ],
            "volume_eff": 17.271157108353957,
            "alpha_iso": 5.42399975303678,
            "c6_ii": 19.355114026936214,
            "c8_ii": 826.5062656077268,
            "c10_ii": 32743.13169688385,
            "slater_b_init": 33.74982887498908
        },
        {
            "index": 7,
            "element": "F",
            "charge": -0.19557280482979245,
            "dipole": [
                0.013062104703285858,
                -0.03523766678152472,
                -0.021606006343634125
            ],
            "quadrupole": [
                [
                    -3.5143155026184427,
                    -3.4648963671697555,
                    0.030525882270267393
                ],
                [
                    -3.4648963671697555,
                    -0.001272843415790834,
                    -3.4967446030053377
                ],
                [
                    0.030525882270267393,
                    -3.4967446030053377,
                    0.0007658670517084352
                ]
            ],
            "volume_eff": 17.498235852796192,
            "alpha_iso": 5.495313738894672,
            "c6_ii": 19.867416505845096,
            "c8_ii": 855.8027939354215,
            "c10_ii": 34200.27924542404,
            "slater_b_init": 33.603199582837874
        },
        {
            "index": 8,
            "element": "F",
            "charge": -0.1928574825084688,
            "dipole": [
                0.016218705581480523,
                -0.003975562285086413,
                0.03419311502715982
            ],
            "quadrupole": [
                [
                    -3.511637772161446,
                    -3.5112881855600144,
                    -0.010436872682191069
                ],
                [
                    -3.5112881855600144,
                    -0.002543319176104643,
                    -3.4353367352478696
                ],
                [
                    -0.010436872682191069,
                    -3.4353367352478696,
                    0.00791450997898337
                ]
            ],
            "volume_eff": 17.449367442734335,
            "alpha_iso": 5.479966634908303,
            "c6_ii": 19.756601526123838,
            "c8_ii": 849.4441414221303,
            "c10_ii": 33882.937822833796,
            "slater_b_init": 33.63453986578358
        },
        {
            "index": 9,
            "element": "H",
            "charge": 0.15763926002351236,
            "dipole": [
                0.0015569430154337527,
                0.047012852772393664,
                0.026275125218703548
            ],
            "quadrupole": [
                [
                    -0.46277182972778785,
                    -0.4746674189582685,
                    -0.0004902501717271966
                ],
                [
                    -0.4746674189582685,
                    -0.000625951989881913,
                    -0.4734080191776678
                ],
                [
                    -0.0004902501717271966,
                    -0.4734080191776678,
                    0.0033624472856216463
                ]
            ],
            "volume_eff": 2.6076925895963603,
            "alpha_iso": 0.8322423158286256,
            "c6_ii": 0.22232480344013136,
            "c8_ii": 1.3811890528724584,
            "c10_ii": 11.842911750354752,
            "slater_b_init": 70.20707795825857
        },
        {
            "index": 10,
            "element": "H",
            "charge": 0.15049982940232887,
            "dipole": [
                -0.026485090508658583,
                -0.03988997609152479,
                0.021229715215985746
            ],
            "quadrupole": [
                [
                    -0.47550269081151936,
                    -0.48148324959746186,
                    -0.00184834532756234
                ],
                [
                    -0.48148324959746186,
                    -0.006796938642706747,
                    -0.4855269545598729
                ],
                [
                    -0.00184834532756234,
                    -0.4855269545598729,
                    0.0026601546767170744
                ]
            ],
            "volume_eff": 2.683680321911986,
            "alpha_iso": 0.8564937197591445,
            "c6_ii": 0.2354706023661513,
            "c8_ii": 1.491139121671926,
            "c10_ii": 13.032861779098102,
            "slater_b_init": 69.53809168796509
        },
        {
            "index": 11,
            "element": "H",
            "charge": 0.1578560141541243,
            "dipole": [
                -0.0034918155316146,
                0.007765358325797086,
                -0.05295113716822368
            ],
            "quadrupole": [
                [
                    -0.46343328784924664,
                    -0.4727775412787699,
                    0.00045193135573594
                ],
                [
                    -0.4727775412787699,
                    -0.0036563043653679897,
                    -0.473540067271957
                ],
                [
                    0.00045193135573594,
                    -0.473540067271957,
                    -0.0028935181370583693
                ]
            ],
            "volume_eff": 2.6046519480156425,
            "alpha_iso": 0.8312718983028647,
            "c6_ii": 0.22180663199517597,
            "c8_ii": 1.3768985459998353,
            "c10_ii": 11.796943795643838,
            "slater_b_init": 70.23438698704243
        },
        {
            "index": 12,
            "element": "H",
            "charge": 0.20130645041983986,
            "dipole": [
                -0.0003131386527004596,
                -0.0003852644385146001,
                0.050377366325002185
            ],
            "quadrupole": [
                [
                    -0.4149518822018959,
                    -0.4186141187425931,
                    0.0025666769813636114
                ],
                [
                    -0.4186141187425931,
                    0.002026230649616178,
                    -0.42503771493480846
                ],
                [
                    0.0025666769813636114,
                    -0.42503771493480846,
                    -0.0027000387521407153
                ]
            ],
            "volume_eff": 2.2509224200668343,
            "alpha_iso": 0.718379495766011,
            "c6_ii": 0.16565180985633002,
            "c8_ii": 0.9329624225243304,
            "c10_ii": 7.252241761663632,
            "slater_b_init": 73.73599073320025
        },
        {
            "index": 13,
            "element": "H",
            "charge": 0.20097798080864127,
            "dipole": [
                -0.005454466074193937,
                -0.04039190761373177,
                -0.030195558270242097
            ],
            "quadrupole": [
                [
                    -0.4151208545831407,
                    -0.42681106191584367,
                    -0.0027036596357868686
                ],
                [
                    -0.42681106191584367,
                    0.0024006418305846417,
                    -0.41864108160885544
                ],
                [
                    -0.0027036596357868686,
                    -0.41864108160885544,
                    -0.0006248277683892022
                ]
            ],
            "volume_eff": 2.2570174393749296,
            "alpha_iso": 0.7203247146941265,
            "c6_ii": 0.16655012419232768,
            "c8_ii": 0.9397143366176915,
            "c10_ii": 7.317907228249839,
            "slater_b_init": 73.6695568281969
        }
    ]
}