{
    "molecule": "DFEA",
    "atoms": [
        {
            "index": 0,
            "element": "C",
            "charge": -0.49572957602305845,
            "dipole": [
                -0.030779988862131628,
                -0.036313939611866464,
                -0.010851038000817626
            ],
            "quadrupole": [
                [
                    -5.133363688241233,
                    -5.187995410232152,
                    -0.019967107768256064
                ],
                [
                    -5.187995410232152,
                    -0.022526328511183236,
                    -5.147075799888408
                ],
                [
                    -0.019967107768256064,
                    -5.147075799888408,
                    -0.025938982601187
                ]
            ],
            "volume_eff": 38.793389692272875,
            "alpha_iso": 12.186405138933887,
            "c6_ii": 48.05899105414525,
            "c8_ii": 1406.6479305461874,
            "c10_ii": 51583.47953973264,
            "slater_b_init": 34.820627156811994
        },
        {
            "index": 1,
            "element": "C",
            "charge": 0.10126928510370714,
            "dipole": [
                -0.10929057012164307,
                0.06875359877746806,
                0.08028728974050567
            ],
            "quadrupole": [
                [
                    -4.058253907801207,
                    -4.225239248407876,
                    -0.037002904555586615
                ],
                [
                    -4.225239248407876,
                    -0.018888677914427002,
                    -4.130996056631187
                ],
                [
                    -0.037002904555586615,
                    -4.130996056631187,
                    -0.04725030652868457
                ]
            ],
            "volume_eff": 29.795255389886375,
            "alpha_iso": 9.359766091063781,
            "c6_ii": 28.35002299737025,
            "c8_ii": 695.9164465593798,
            "c10_ii": 21403.02923765482,
            "slater_b_init": 38.02245266273694
        },
        {
            "index": 2,
            "element": "O",
            "charge": -0.3678847513198331,
            "dipole": [
                0.09335923469416278,
                0.008862829119408795,
                -0.01628923383250823
            ],
            "quadrupole": [
                [
                    -4.0004457769221045,
                    -4.0171201032682085,
                    0.017674787740466373
                ],
                [
                    -4.0171201032682085,
                    0.004596948464634413,
                    -4.057149709505333
                ],
                [
                    0.017674787740466373,
                    -4.057149709505333,
                    0.02398824572678114
                ]
            ],
            "volume_eff": 22.84617417746783,
            "alpha_iso": 6.815985666205871,
            "c6_ii": 24.853892503086854,
            "c8_ii": 1004.8167117942969,
            "c10_ii": 39119.10113844013,
            "slater_b_init": 34.23655735386683
        },
        {
            "index": 3,
            "element": "C",
            "charge": 0.6190034847037547,
            "dipole": [
                0.1248042734632264,
                -0.010053325431482369,
                -0.01525311875689763
            ],
            "quadrupole": [
                [
                    -3.451837989468929,
                    -3.2202372809056046,
                    0.11283456682717502
                ],
                [
                    -3.2202372809056046,
                    0.03606668335021078,
                    -3.385548980398992
                ],
                [
                    0.11283456682717502,
                    -3.385548980398992,
                    0.0826532713500903
                ]
            ],
            "volume_eff": 23.122089958333092,
            "alpha_iso": 7.263483756544426,
            "c6_ii": 17.073138518901725,
            "c8_ii": 353.9188532348016,
            "c10_ii": 9191.967751367378,
            "slater_b_init": 41.3758380335797
        },
        {
            "index": 4,
            "element": "O",
            "charge": -0.5071257144969223,
            "dipole": [
                0.03882366356342773,
                0.04418762251679048,
                -0.08683603331178189
            ],
            "quadrupole": [
                [
                    -4.328868028226462,
                    -4.193734317154797,
                    0.0488030685783936
                ],
                [
                    -4.193734317154797,
                    0.05054848041128786,
                    -4.2616545645579915
                ],
                [
                    0.0488030685783936,
                    -4.2616545645579915,
                    0.03138860177248691
                ]
            ],
            "volume_eff": 24.707014173456134,
            "alpha_iso": 7.371153399815642,
            "c6_ii": 29.067519825801565,
            "c8_ii": 1238.1452574504344,
            "c10_ii": 50786.09297847223,
            "slater_b_init": 33.35450456813773
        },
        {
            "index": 5,
            "element": "C",
            "charge": 0.30718150258593724,
            "dipole": [
                -0.09720231075350369,
                0.13024667387741445,
                0.11579992385033355
            ],
            "quadrupole": [
                [
                    -4.000606457985098,
                    -3.8895700085357228,
                    -0.024324930615545377
                ],
                [
                    -3.8895700085357228,
                    -0.022412895789583803,
                    -3.8629506112031273
                ],
                [
                    -0.024324930615545377,
                    -3.8629506112031273,
                    0.06683669234868128
                ]
            ],
            "volume_eff": 28.171548410594717,
            "alpha_iso": 8.84970107139101,
            "c6_ii": 25.344319040755767,
            "c8_ii": 599.3217636239477,
            "c10_ii": 17756.359548380522,
            "slater_b_init": 38.73934373852094
        },
        {
            "index": 6,
            "element": "F",
            "charge": -0.2102045877401011,
            "dipole": [
                0.003914287281088017,
                0.007887126227954263,
                0.005654369794468651
            ],
            "quadrupole": [
                [
                    -3.523779735384668,
                    -3.5060536481700346,
                    -0.023550974063848283
                ],
                [
                    -3.5060536481700346,
                    -0.047381532817066654,
                    -3.5435741920584345
                ],
                [
                    -0.023550974063848283,
                    -3.5435741920584345,
                    0.016435967633722827
                ]
            ],
            "volume_eff": 17.761641271760077,
            "alpha_iso": 5.578036101875065,
            "c6_ii": 20.470057074882615,
            "c8_ii": 890.5888277464608,
            "c10_ii": 35946.70440964701,
            "slater_b_init": 33.4362596095531
        },
        {
            "index": 7,
            "element": "F",
            "charge": -0.21768772394604952,
            "dipole": [
                0.0006555007091693288,
                0.009922454510179307,
                0.004484502660984364
            ],
            "quadrupole": [
                [
                    -3.5626307331152685,
                    -3.567180026770275,
                    -0.0038345201097596177
                ],
                [
                    -3.567180026770275,
                    -0.006008381286672815,
                    -3.4749297809366255
                ],
                [
                    -0.0038345201097596177,
                    -3.4749297809366255,
                    0.0014624918245761981
                ]
            ],
            "volume_eff": 17.838643120702724,
            "alpha_iso": 5.602218500716558,
            "c6_ii": 20.647929032744,
            "c8_ii": 900.9219532813429,
            "c10_ii": 36468.80135437967,
            "slater_b_init": 33.388080173739844
        },
        {
            "index": 8,
            "element": "H",
            "charge": 0.1513973393380419,
            "dipole": [
                -0.006660074587472815,
                0.0013576389914126347,
                0.04689246977992245
            ],
            "quadrupole": [
                [
                    -0.48141697779562725,
                    -0.4766052603358964,
                    -0.0017454308801597637
                ],
                [
                    -0.4766052603358964,
                    0.005366977767513816,
                    -0.48995706519016574
                ],
                [
                    -0.0017454308801597637,
                    -0.48995706519016574,
                    -0.0005008467879294626
                ]
            ],
            "volume_eff": 2.7088184680452914,
            "alpha_iso": 0.8645165323548802,
            "c6_ii": 0.23990258892083424,
            "c8_ii": 1.5286773041313784,
            "c10_ii": 13.444258548777329,
            "slater_b_init": 69.32231567361035
        },
        {
            "index": 9,
            "element": "H",
            "charge": 0.16054214730725602,
            "dipole": [
                -0.0241938092220563,
                0.03593894540414155,
                -0.02081409711835519
            ],
            "quadrupole": [
                [
                    -0.468834135278596,
                    -0.4728874572223597,
                    0.0026774808762147916
                ],
                [
                    -0.4728874572223597,
                    0.004781482514446586,
                    -0.4727268796733973
                ],
                [
                    0.0026774808762147916,
                    -0.4727268796733973,
                    0.0012449376356877537
                ]
            ],
            "volume_eff": 2.6265369014715176,
            "alpha_iso": 0.8382564579164418,
            "c6_ii": 0.22554964345930992,
            "c8_ii": 1.4079657750056764,
            "c10_ii": 12.130597873988393,
            "slater_b_init": 70.03877259441872
        },
        {
            "index": 10,
            "element": "H",
            "charge": 0.1565467329865622,
            "dipole": [
                0.043560822858561984,
                -0.0066550067587436,
                -0.016538776594440623
            ],
            "quadrupole": [
                [
                    -0.4834849029043323,
                    -0.4711203515226797,
                    0.003848001907515813
                ],
                [
                    -0.4711203515226797,
                    0.0024114703164603646,
                    -0.4784935391154738
                ],
                [
                    0.003848001907515813,
                    -0.4784935391154738,
                    0.002439132425035949
                ]
            ],
            "volume_eff": 2.6717679239560788,
            "alpha_iso": 0.8526918906242805,
            "c6_ii": 0.2333848144289711,
            "c8_ii": 1.4735539158695334,
            "c10_ii": 12.841022952697884,
            "slater_b_init": 69.64128644677584
        },
        {
            "index": 11,
            "element": "H",
            "charge": 0.0961658068728597,
            "dipole": [
                0.031733374718943864,
                -0.04458895499076078,
                0.03605277739186196
            ],
            "quadrupole": [
                [
                    -0.4983643858309852,
                    -0.5239954024582792,
                    0.001595952623065079
                ],
                [
                    -0.5239954024582792,
                    0.0036420428909003984,
                    -0.5193167504248204
                ],
                [
                    0.001595952623065079,
                    -0.5193167504248204,
                    -0.005354343493829435
                ]
            ],
            "volume_eff": 2.880005620299199,
            "alpha_iso": 0.919150729882723,
            "c6_ii": 0.27118258852274696,
            "c8_ii": 1.8000516800893167,
            "c10_ii": 16.491049724275726,
            "slater_b_init": 67.92066308532102
        },
        {
            "index": 12,
            "element": "H",
            "charge": 0.09977842970575124,
            "dipole": [
                0.0029096142505420112,
                0.0031350610190527834,
                -0.06882569236469907
            ],
            "quadrupole": [
                [
                    -0.5031809136136005,
                    -0.5251097148457984,
                    0.0011148399437827994
                ],
                [
                    -0.5251097148457984,
                    0.0066104333080523785,
                    -0.5265561604542354
                ],
                [
                    0.0011148399437827994,
                    -0.5265561604542354,
                    -0.006782310914422773
                ]
            ],
            "volume_eff": 2.9271672469109595,
            "alpha_iso": 0.9342023128439233,
            "c6_ii": 0.28013682709131266,
            "c8_ii": 1.8797330557120595,
            "c10_ii": 17.408538288737496,
            "slater_b_init": 67.55391398444684
        },
        {
            "index": 13,
            "element": "H",
            "charge": 0.1025121351330276,
            "dipole": [
                -0.04284701185484766,
                -0.062405965218364376,
                -0.017544386115633536
            ],
            "quadrupole": [
                [
                    -0.4907771654691205,
                    -0.4907281135379091,
                    -0.0027562921222552736
                ],
                [
                    -0.4907281135379091,
                    -0.008274153121775986,
                    -0.4805386938682426
                ],
                [
                    -0.0027562921222552736,
                    -0.4805386938682426,
                    -0.0003416176110196693
                ]
            ],
            "volume_eff": 2.659382891668448,
            "alpha_iso": 0.8487392207452493,
            "c6_ii": 0.23122610969892074,
            "c8_ii": 1.4554090396001815,
            "c10_ii": 12.643677757188991,
            "slater_b_init": 69.74922804280835
        }
    ]
}