{
    "molecule": "LCarb_93",
    "atoms": [
        {
            "index": 0,
            "element": "C",
            "charge": -0.37136010818709586,
            "dipole": [
                0.024339270429518785,
                0.02727384550336274,
                0.02650572667965022
            ],
            "quadrupole": [
                [
                    -5.068874541670733,
                    -5.091681908601449,
                    -0.04368409846176328
                ],
                [
                    -5.091681908601449,
                    -0.030485691864172486,
                    -5.0021968137403015
                ],
                [
                    -0.04368409846176328,
                    -5.0021968137403015,
                    -0.08873427939384561
                ]
            ],
            "volume_eff": 38.219854794248086,
            "alpha_iso": 12.006237108140759,
            "c6_ii": 46.64845412885668,
            "c8_ii": 1351.8719429841226,
            "c10_ii": 49084.94546228289,
            "slater_b_init": 34.993938245176345
        },
        {
            "index": 1,
            "element": "C",
            "charge": -0.15103324819433617,
            "dipole": [
                -0.06219149218595463,
                -0.00033579670345632403,
                -0.014861830738093242
            ],
            "quadrupole": [
                [
                    -4.6174868025445095,
                    -4.640779823597476,
                    -0.0300069951122595
                ],
                [
                    -4.640779823597476,
                    0.00033319488432278013,
                    -4.55498670701169
                ],
                [
                    -0.0300069951122595,
                    -4.55498670701169,
                    -0.12689175406788714
                ]
            ],
            "volume_eff": 34.05531600589178,
            "alpha_iso": 10.698005028028831,
            "c6_ii": 37.03642166399601,
            "c8_ii": 993.8585376493988,
            "c10_ii": 33414.47065070346,
            "slater_b_init": 36.36588774510258
        },
        {
            "index": 2,
            "element": "C",
            "charge": 0.0652923832353931,
            "dipole": [
                -0.08052610282154588,
                -0.08782492171302168,
                0.09179727580876239
            ],
            "quadrupole": [
                [
                    -4.17188127021323,
                    -4.206223748866577,
                    0.02908476621834561
                ],
                [
                    -4.206223748866577,
                    0.0774458090051887,
                    -4.195099308457814
                ],
                [
                    0.02908476621834561,
                    -4.195099308457814,
                    -0.07081414496122983
                ]
            ],
            "volume_eff": 30.27351227816321,
            "alpha_iso": 9.51000385701462,
            "c6_ii": 29.26744499025122,
            "c8_ii": 726.1042195946494,
            "c10_ii": 22569.792697622812,
            "slater_b_init": 37.82116440033568
        },
        {
            "index": 3,
            "element": "O",
            "charge": -0.41335243482411066,
            "dipole": [
                0.10732711193516567,
                -0.0034580127385459942,
                0.011268938986723535
            ],
            "quadrupole": [
                [
                    -4.025096885262922,
                    -4.100128430227815,
                    0.023863659206876203
                ],
                [
                    -4.100128430227815,
                    0.007090659720680445,
                    -4.093885528969612
                ],
                [
                    0.023863659206876203,
                    -4.093885528969612,
                    -0.003455519167594067
                ]
            ],
            "volume_eff": 23.178538091986493,
            "alpha_iso": 6.915143961145142,
            "c6_ii": 25.582296627313063,
            "c8_ii": 1044.2720856302865,
            "c10_ii": 41048.50944753928,
            "slater_b_init": 34.07212618093455
        },
        {
            "index": 4,
            "element": "C",
            "charge": 0.983480143965183,
            "dipole": [
                -0.0022340246832486033,
                -0.03144783105807771,
                0.03091347004946058
            ],
            "quadrupole": [
                [
                    -2.911199431738139,
                    -2.857038919116714,
                    0.0915648550862768
                ],
                [
                    -2.857038919116714,
                    0.0012443476933573343,
                    -2.8421937324697453
                ],
                [
                    0.0915648550862768,
                    -2.8421937324697453,
                    -0.0033981327351033574
                ]
            ],
            "volume_eff": 19.291073589503146,
            "alpha_iso": 6.060023117121407,
            "c6_ii": 11.884255669375948,
            "c8_ii": 218.33089480637506,
            "c10_ii": 5025.425773592207,
            "slater_b_init": 43.95116245012749
        },
        {
            "index": 5,
            "element": "O",
            "charge": -0.6408275969880961,
            "dipole": [
                -0.0007576780878032313,
                0.12278161235595167,
                -0.11559057475086953
            ],
            "quadrupole": [
                [
                    -4.497793458631748,
                    -4.413963238723096,
                    0.04688953720000835
                ],
                [
                    -4.413963238723096,
                    -0.0008258783001297206,
                    -4.407359192907041
                ],
                [
                    0.04688953720000835,
                    -4.407359192907041,
                    -0.0017964846290727042
                ]
            ],
            "volume_eff": 26.05864015432835,
            "alpha_iso": 7.774400930020613,
            "c6_ii": 32.33485710572715,
            "c8_ii": 1427.103780943909,
            "c10_ii": 60652.64590933942,
            "slater_b_init": 32.76755216232643
        },
        {
            "index": 6,
            "element": "O",
            "charge": -0.3663304984785789,
            "dipole": [
                -0.10320959086449674,
                -0.015818071894730196,
                0.01316652869415485
            ],
            "quadrupole": [
                [
                    -3.948786269645223,
                    -4.012445526832242,
                    0.03113102442902906
                ],
                [
                    -4.012445526832242,
                    0.009530696046074202,
                    -4.008320337895159
                ],
                [
                    0.03113102442902906,
                    -4.008320337895159,
                    -0.007249784086651056
                ]
            ],
            "volume_eff": 22.493785096427313,
            "alpha_iso": 6.710853012193783,
            "c6_ii": 24.09309160356028,
            "c8_ii": 964.0162125655686,
            "c10_ii": 37143.74828839488,
            "slater_b_init": 34.41441581646897
        },
        {
            "index": 7,
            "element": "C",
            "charge": 0.13734575433703355,
            "dipole": [
                0.16539292822252252,
                -0.0646615481877196,
                0.06385849269467475
            ],
            "quadrupole": [
                [
                    -4.222209322389135,
                    -4.159792772383763,
                    0.03037845592969162
                ],
                [
                    -4.159792772383763,
                    -0.08509857597706787,
                    -4.151183283571395
                ],
                [
                    0.03037845592969162,
                    -4.151183283571395,
                    0.0772514563507401
                ]
            ],
            "volume_eff": 30.407261269286252,
            "alpha_iso": 9.552019246896204,
            "c6_ii": 29.526624589564715,
            "c8_ii": 734.6902606313164,
            "c10_ii": 22903.888603955067,
            "slater_b_init": 37.765629665524955
        },
        {
            "index": 8,
            "element": "C",
            "charge": -0.5125600596369697,
            "dipole": [
                -0.047208591724128716,
                -0.046477212840001655,
                0.04257096487656564
            ],
            "quadrupole": [
                [
                    -5.2874444219396075,
                    -5.272935945947067,
                    0.055777669769156185
                ],
                [
                    -5.272935945947067,
                    -0.06077349304860244,
                    -5.261915491895966
                ],
                [
                    0.055777669769156185,
                    -5.261915491895966,
                    0.05518964010410609
                ]
            ],
            "volume_eff": 40.041238663512736,
            "alpha_iso": 12.578399580161069,
            "c6_ii": 51.200499566082925,
            "c8_ii": 1530.5639411393731,
            "c10_ii": 57324.88818161183,
            "slater_b_init": 34.455085402939886
        },
        {
            "index": 9,
            "element": "H",
            "charge": 0.17470522048958692,
            "dipole": [
                0.03432253131274338,
                -0.03204786533331993,
                0.020641857755417988
            ],
            "quadrupole": [
                [
                    -0.45237472416172353,
                    -0.44365624946523524,
                    0.003481100149994061
                ],
                [
                    -0.44365624946523524,
                    0.003140725318323331,
                    -0.45264898505209716
                ],
                [
                    0.003481100149994061,
                    -0.45264898505209716,
                    0.0026676344753462267
                ]
            ],
            "volume_eff": 2.460769174731763,
            "alpha_iso": 0.7853518642760945,
            "c6_ii": 0.1979779792440786,
            "c8_ii": 1.1832915258027594,
            "c10_ii": 9.761280133811658,
            "slater_b_init": 71.57742483615908
        },
        {
            "index": 10,
            "element": "H",
            "charge": 0.16872105201261844,
            "dipole": [
                -0.003858132312736482,
                0.049261672919780446,
                0.004690362175897014
            ],
            "quadrupole": [
                [
                    -0.45437977632461457,
                    -0.46320284519176996,
                    0.0014740692190822265
                ],
                [
                    -0.46320284519176996,
                    0.001706961192007217,
                    -0.4589135023160403
                ],
                [
                    0.0014740692190822265,
                    -0.4589135023160403,
                    0.005347383969958745
                ]
            ],
            "volume_eff": 2.53479988412566,
            "alpha_iso": 0.8089786864230829,
            "c6_ii": 0.21006925175626218,
            "c8_ii": 1.280616882502309,
            "c10_ii": 10.774971056661865,
            "slater_b_init": 70.87370490890278
        },
        {
            "index": 11,
            "element": "H",
            "charge": 0.14934179121121627,
            "dipole": [
                0.004620922601913248,
                -0.05388446469503283,
                -0.001178928681704302
            ],
            "quadrupole": [
                [
                    -0.4638513555060807,
                    -0.47693410510563844,
                    -0.0003142890121718613
                ],
                [
                    -0.47693410510563844,
                    -0.002680892182701404,
                    -0.4722607107553019
                ],
                [
                    -0.0003142890121718613,
                    -0.4722607107553019,
                    0.01028569705407554
                ]
            ],
            "volume_eff": 2.604814370760611,
            "alpha_iso": 0.8313237353491312,
            "c6_ii": 0.22183429601019305,
            "c8_ii": 1.377127522223992,
            "c10_ii": 11.799396114846603,
            "slater_b_init": 70.23292713905616
        },
        {
            "index": 12,
            "element": "H",
            "charge": 0.10689596614587604,
            "dipole": [
                0.008638133305064601,
                -0.018992304904110743,
                -0.06158994945713493
            ],
            "quadrupole": [
                [
                    -0.4971049557504878,
                    -0.5101565449230272,
                    -0.0014335482025758562
                ],
                [
                    -0.5101565449230272,
                    0.0069375491379440836,
                    -0.5181091701231514
                ],
                [
                    -0.0014335482025758562,
                    -0.5181091701231514,
                    -0.005346489176439438
                ]
            ],
            "volume_eff": 2.8542797103165936,
            "alpha_iso": 0.910940333079764,
            "c6_ii": 0.2663595006323241,
            "c8_ii": 1.757492555887712,
            "c10_ii": 16.005120616198617,
            "slater_b_init": 68.12411165818794
        },
        {
            "index": 13,
            "element": "H",
            "charge": 0.11097173605869137,
            "dipole": [
                0.0031873196992935064,
                0.059795958129436735,
                0.02202092157996342
            ],
            "quadrupole": [
                [
                    -0.4922412706019763,
                    -0.5151067386884247,
                    -0.002811407806769848
                ],
                [
                    -0.5151067386884247,
                    0.0027553907519737015,
                    -0.5072024170464496
                ],
                [
                    -0.002811407806769848,
                    -0.5072024170464496,
                    -0.005353707160863201
                ]
            ],
            "volume_eff": 2.8352208855399024,
            "alpha_iso": 0.9048577294276284,
            "c6_ii": 0.2628142626312099,
            "c8_ii": 1.7263723770149515,
            "c10_ii": 15.65165194543512,
            "slater_b_init": 68.27641808036243
        },
        {
            "index": 14,
            "element": "H",
            "charge": 0.14385307587713658,
            "dipole": [
                -0.006749306887901589,
                0.05374903938373138,
                -0.04994256272076809
            ],
            "quadrupole": [
                [
                    -0.4595273306581453,
                    -0.4782824789642064,
                    -0.0064465392983086385
                ],
                [
                    -0.4782824789642064,
                    -0.004847428141921531,
                    -0.4792877182114699
                ],
                [
                    -0.0064465392983086385,
                    -0.4792877182114699,
                    0.005102861517365937
                ]
            ],
            "volume_eff": 2.605737400738787,
            "alpha_iso": 0.8316183193847193,
            "c6_ii": 0.22199154021657888,
            "c8_ii": 1.3784292199730033,
            "c10_ii": 11.813339142482238,
            "slater_b_init": 70.2246332931686
        },
        {
            "index": 15,
            "element": "H",
            "charge": 0.2033720516414339,
            "dipole": [
                0.007957894843270351,
                -0.03336433918432975,
                0.031177689164159566
            ],
            "quadrupole": [
                [
                    -0.4153346971698928,
                    -0.4285627311835462,
                    -0.0011865291603604168
                ],
                [
                    -0.4285627311835462,
                    0.0012620620832973653,
                    -0.4289976633740213
                ],
                [
                    -0.0011865291603604168,
                    -0.4289976633740213,
                    -0.0008127375266649615
                ]
            ],
            "volume_eff": 2.2941336350117525,
            "alpha_iso": 0.732170309046304,
            "c6_ii": 0.17207293083546873,
            "c8_ii": 0.9814902265640778,
            "c10_ii": 7.726797984512756,
            "slater_b_init": 73.27010121166941
        },
        {
            "index": 16,
            "element": "H",
            "charge": 0.20425128233587186,
            "dipole": [
                -0.042401394186398586,
                0.015541232950657118,
                -0.015383677320560238
            ],
            "quadrupole": [
                [
                    -0.42308353237201746,
                    -0.42400627179295663,
                    -0.006822433593348345
                ],
                [
                    -0.42400627179295663,
                    0.0031176168201957673,
                    -0.42522292925393634
                ],
                [
                    -0.006822433593348345,
                    -0.42522292925393634,
                    -0.0026671476435545173
                ]
            ],
            "volume_eff": 2.292747135302648,
            "alpha_iso": 0.731727809139143,
            "c6_ii": 0.17186500312786204,
            "c8_ii": 0.9799092077845477,
            "c10_ii": 7.71124287299779,
            "slater_b_init": 73.28486784994699
        }
    ]
}