{
    "molecule": "Phos_840",
    "atoms": [
        {
            "index": 0,
            "element": "C",
            "charge": -0.4988496945755916,
            "dipole": [
                -0.1988482448611816,
                -0.03853280319856154,
                0.03852408118895325
            ],
            "quadrupole": [
                [
                    -5.429408989956682,
                    -5.119646196057721,
                    -0.0003742195379239954
                ],
                [
                    -5.119646196057721,
                    -0.05405588745536292,
                    -5.074387780577249
                ],
                [
                    -0.0003742195379239954,
                    -5.074387780577249,
                    0.09933381085601013
                ]
            ],
            "volume_eff": 39.01738139327037,
            "alpha_iso": 12.25676902406399,
            "c6_ii": 48.615575208133755,
            "c8_ii": 1428.410775415338,
            "c10_ii": 52582.988666571786,
            "slater_b_init": 34.75386627363997
        },
        {
            "index": 1,
            "element": "C",
            "charge": 0.3116623775856384,
            "dipole": [
                0.29132370827353676,
                0.017160797975520406,
                -0.028346860618351722
            ],
            "quadrupole": [
                [
                    -3.9193749664775317,
                    -3.7475850840982883,
                    0.016119161786494113
                ],
                [
                    -3.7475850840982883,
                    -0.03916989599807209,
                    -3.8132346927084986
                ],
                [
                    0.016119161786494113,
                    -3.8132346927084986,
                    0.09738099983275404
                ]
            ],
            "volume_eff": 27.06297919879519,
            "alpha_iso": 8.5014594341765,
            "c6_ii": 23.388932382015312,
            "c8_ii": 538.4760734282085,
            "c10_ii": 15532.339791099272,
            "slater_b_init": 39.261235673178426
        },
        {
            "index": 2,
            "element": "O",
            "charge": -0.45171046839367435,
            "dipole": [
                -0.05941982203801378,
                -0.053137856451395696,
                0.1702607106324356
            ],
            "quadrupole": [
                [
                    -4.030682729702209,
                    -4.009559264179441,
                    -0.006931904010087294
                ],
                [
                    -4.009559264179441,
                    -0.010342939158415292,
                    -4.090887947742709
                ],
                [
                    -0.006931904010087294,
                    -4.090887947742709,
                    0.0019260499311388882
                ]
            ],
            "volume_eff": 22.711106415946833,
            "alpha_iso": 6.775689206967564,
            "c6_ii": 24.56088621326821,
            "c8_ii": 989.0532464587686,
            "c10_ii": 38353.49064957231,
            "slater_b_init": 34.30429393623104
        },
        {
            "index": 3,
            "element": "P",
            "charge": 1.7570661282887432,
            "dipole": [
                0.012677274147241445,
                0.039629265523916844,
                0.054251031917233745
            ],
            "quadrupole": [
                [
                    -6.148742009759826,
                    -6.166564321684958,
                    -0.04444004486208954
                ],
                [
                    -6.166564321684958,
                    -0.08585628114106186,
                    -6.174548737578592
                ],
                [
                    -0.04444004486208954,
                    -6.174548737578592,
                    -0.03569979642043169
                ]
            ],
            "volume_eff": 48.57927275397999,
            "alpha_iso": 18.684335674607688,
            "c6_ii": 103.33490228201958,
            "c8_ii": 3220.0685185342095,
            "c10_ii": 56826.39427591707,
            "slater_b_init": 36.363699127019856
        },
        {
            "index": 4,
            "element": "O",
            "charge": -0.7933068412861051,
            "dipole": [
                -0.08923266677013107,
                -0.2500853635217607,
                -0.23683898143724963
            ],
            "quadrupole": [
                [
                    -4.638810267163984,
                    -4.657661259997847,
                    -0.017972291872592614
                ],
                [
                    -4.657661259997847,
                    -0.0018333144480552187,
                    -4.660216694954492
                ],
                [
                    -0.017972291872592614,
                    -4.660216694954492,
                    -0.00615770919387318
                ]
            ],
            "volume_eff": 27.460011086917238,
            "alpha_iso": 8.19248949554437,
            "c6_ii": 35.90615200616719,
            "c8_ii": 1641.0410648603677,
            "c10_ii": 72223.68052847676,
            "slater_b_init": 32.20038119085508
        },
        {
            "index": 5,
            "element": "O",
            "charge": -0.4735047758286317,
            "dipole": [
                -0.08169527780196718,
                0.16607400968377353,
                -0.04588355249880373
            ],
            "quadrupole": [
                [
                    -4.061049790345268,
                    -4.12613060394406,
                    -0.006998465198971137
                ],
                [
                    -4.12613060394406,
                    0.023759746734299786,
                    -4.0620371232096115
                ],
                [
                    -0.006998465198971137,
                    -4.0620371232096115,
                    -0.0041122553349127325
                ]
            ],
            "volume_eff": 23.039247870552785,
            "alpha_iso": 6.873587762485362,
            "c6_ii": 25.275749525582327,
            "c8_ii": 1027.6211150314818,
            "c10_ii": 40231.99600680785,
            "slater_b_init": 34.14065245939321
        },
        {
            "index": 6,
            "element": "C",
            "charge": 0.318391533652326,
            "dipole": [
                -0.08173651396791227,
                -0.10209538562124755,
                0.2677034272382739
            ],
            "quadrupole": [
                [
                    -3.747954031114221,
                    -3.849348174842771,
                    0.11021508319262503
                ],
                [
                    -3.849348174842771,
                    -0.0022134343000749564,
                    -3.8990268708240383
                ],
                [
                    0.11021508319262503,
                    -3.8990268708240383,
                    -0.0018053427841434003
                ]
            ],
            "volume_eff": 27.18372784605295,
            "alpha_iso": 8.539390946404067,
            "c6_ii": 23.598109822747176,
            "c8_ii": 544.9067279716024,
            "c10_ii": 15764.550139113675,
            "slater_b_init": 39.2030172925679
        },
        {
            "index": 7,
            "element": "C",
            "charge": -0.5118617632895681,
            "dipole": [
                0.016947806702642048,
                0.07783634610727308,
                -0.20023191674288957
            ],
            "quadrupole": [
                [
                    -5.141284738315542,
                    -5.166502552703813,
                    0.15507011622293976
                ],
                [
                    -5.166502552703813,
                    -0.04616463539451718,
                    -5.428068644529152
                ],
                [
                    0.15507011622293976,
                    -5.428068644529152,
                    0.028433939524692444
                ]
            ],
            "volume_eff": 39.45028162654044,
            "alpha_iso": 12.392758626138356,
            "c6_ii": 49.70034536557543,
            "c8_ii": 1471.0646353470468,
            "c10_ii": 54552.99055400292,
            "slater_b_init": 34.62627676812528
        },
        {
            "index": 8,
            "element": "O",
            "charge": -0.5426824530547663,
            "dipole": [
                0.21783748204213424,
                0.04487797485235988,
                0.018980535989934457
            ],
            "quadrupole": [
                [
                    -4.268291072391474,
                    -4.197740954246934,
                    -0.0014008011584306917
                ],
                [
                    -4.197740954246934,
                    0.012185914110335433,
                    -4.207166323396288
                ],
                [
                    -0.0014008011584306917,
                    -4.207166323396288,
                    0.0037999354061370445
                ]
            ],
            "volume_eff": 24.211780046099108,
            "alpha_iso": 7.223403991653877,
            "c6_ii": 27.913923783799795,
            "c8_ii": 1173.0651871612206,
            "c10_ii": 47471.503686196644,
            "slater_b_init": 33.580385363689324
        },
        {
            "index": 9,
            "element": "C",
            "charge": 0.06838197553457093,
            "dipole": [
                -0.0027259026979106257,
                -0.08242871251236054,
                -0.13974818138685124
            ],
            "quadrupole": [
                [
                    -4.318627818850141,
                    -4.1334109214253685,
                    0.04466789338432805
                ],
                [
                    -4.1334109214253685,
                    0.0035655314210049083,
                    -4.157040389599557
                ],
                [
                    0.04466789338432805,
                    -4.157040389599557,
                    0.06393905911330995
                ]
            ],
            "volume_eff": 30.443119350700275,
            "alpha_iso": 9.563283565665007,
            "c6_ii": 29.596304813687762,
            "c8_ii": 737.0029081709087,
            "c10_ii": 22994.04470412036,
            "slater_b_init": 37.75079615423511
        },
        {
            "index": 10,
            "element": "C",
            "charge": -0.03547413224503693,
            "dipole": [
                0.006208453886646948,
                0.050207252259225746,
                -0.015017379672158207
            ],
            "quadrupole": [
                [
                    -4.3438673064160875,
                    -4.335004788646528,
                    0.02497230169753705
                ],
                [
                    -4.335004788646528,
                    -0.00277894377090934,
                    -4.364526317952378
                ],
                [
                    0.02497230169753705,
                    -4.364526317952378,
                    0.018482689800890503
                ]
            ],
            "volume_eff": 31.623074911436294,
            "alpha_iso": 9.933950233959045,
            "c6_ii": 31.93503412420912,
            "c8_ii": 815.6598008777834,
            "c10_ii": 26101.483596727387,
            "slater_b_init": 37.27529876403898
        },
        {
            "index": 11,
            "element": "C",
            "charge": -0.44937987975071714,
            "dipole": [
                -0.030388585604971322,
                -0.026993644502666007,
                -0.06002537518629024
            ],
            "quadrupole": [
                [
                    -5.133059666282236,
                    -5.155818884686752,
                    -0.0355364049752364
                ],
                [
                    -5.155818884686752,
                    -0.020926489047780036,
                    -5.145249769330223
                ],
                [
                    -0.0355364049752364,
                    -5.145249769330223,
                    -0.009591313592683847
                ]
            ],
            "volume_eff": 39.07887857712971,
            "alpha_iso": 12.276087511140222,
            "c6_ii": 48.768946704740685,
            "c8_ii": 1434.4223634592804,
            "c10_ii": 52859.759004903644,
            "slater_b_init": 34.73562635241505
        },
        {
            "index": 12,
            "element": "C",
            "charge": -0.4496282790790378,
            "dipole": [
                -0.0030604883717330706,
                -0.029832013258599317,
                0.06751915296603164
            ],
            "quadrupole": [
                [
                    -5.099383693783741,
                    -5.128414830581242,
                    0.034955359115912056
                ],
                [
                    -5.128414830581242,
                    0.010804937081530326,
                    -5.1539295032153545
                ],
                [
                    0.034955359115912056,
                    -5.1539295032153545,
                    0.009004400689438669
                ]
            ],
            "volume_eff": 38.818307695990214,
            "alpha_iso": 12.194232784080693,
            "c6_ii": 48.120749963634964,
            "c8_ii": 1409.0586246051805,
            "c10_ii": 51694.007032660666,
            "slater_b_init": 34.81317494942952
        },
        {
            "index": 13,
            "element": "H",
            "charge": 0.3012264507652329,
            "dipole": [
                -0.049473096087482626,
                -0.007541705188290128,
                0.01040924018891514
            ],
            "quadrupole": [
                [
                    -0.326373143644558,
                    -0.33814808423636256,
                    -0.0009223661547243229
                ],
                [
                    -0.33814808423636256,
                    0.0016804366137877877,
                    -0.3356209844964656
                ],
                [
                    -0.0009223661547243229,
                    -0.3356209844964656,
                    -0.0019946508109336693
                ]
            ],
            "volume_eff": 1.6890665654360215,
            "alpha_iso": 0.5390637974795813,
            "c6_ii": 0.09327573113062698,
            "c8_ii": 0.43380456782529697,
            "c10_ii": 2.784580224289943,
            "slater_b_init": 81.14294646840335
        },
        {
            "index": 14,
            "element": "H",
            "charge": 0.30187982039988537,
            "dipole": [
                0.0074493446512220686,
                0.020176754557650518,
                -0.04645961441780282
            ],
            "quadrupole": [
                [
                    -0.33671437350430494,
                    -0.3338180922914257,
                    -0.003778780472648878
                ],
                [
                    -0.3338180922914257,
                    -0.00021322472886174622,
                    -0.3280764885612127
                ],
                [
                    -0.003778780472648878,
                    -0.3280764885612127,
                    -0.00206410375700403
                ]
            ],
            "volume_eff": 1.685696085427684,
            "alpha_iso": 0.5379881123705375,
            "c6_ii": 0.0929038448808934,
            "c8_ii": 0.4315000218397807,
            "c10_ii": 2.7661014937789865,
            "slater_b_init": 81.19699112601191
        },
        {
            "index": 15,
            "element": "H",
            "charge": 0.09255136939759234,
            "dipole": [
                0.009632058861833269,
                -0.03959957294146872,
                0.05059120512644825
            ],
            "quadrupole": [
                [
                    -0.5195811978994304,
                    -0.5132493484444651,
                    0.008700519763309635
                ],
                [
                    -0.5132493484444651,
                    0.008390977766724435,
                    -0.5248056081396539
                ],
                [
                    0.008700519763309635,
                    -0.5248056081396539,
                    0.005088873509448342
                ]
            ],
            "volume_eff": 2.9239348549430324,
            "alpha_iso": 0.9331706983860742,
            "c6_ii": 0.27951847358623694,
            "c8_ii": 1.8742028452778163,
            "c10_ii": 17.344541535885874,
            "slater_b_init": 67.57879829545199
        },
        {
            "index": 16,
            "element": "H",
            "charge": 0.09408646104027263,
            "dipole": [
                -0.029405577539597577,
                0.057081001648504964,
                -0.0021600903515989513
            ],
            "quadrupole": [
                [
                    -0.5157419337534039,
                    -0.5240448081343633,
                    0.005670938033744567
                ],
                [
                    -0.5240448081343633,
                    0.0064073817712611,
                    -0.5162020558125836
                ],
                [
                    0.005670938033744567,
                    -0.5162020558125836,
                    0.006442878999572074
                ]
            ],
            "volume_eff": 2.9221677933694394,
            "alpha_iso": 0.9326067425647148,
            "c6_ii": 0.27918072522477,
            "c8_ii": 1.8711839324649107,
            "c10_ii": 17.30962595049072,
            "slater_b_init": 67.59241738962623
        },
        {
            "index": 17,
            "element": "H",
            "charge": 0.12108332374962472,
            "dipole": [
                0.03071310907242587,
                -0.03780137028643422,
                -0.012045149378361883
            ],
            "quadrupole": [
                [
                    -0.48856756074390967,
                    -0.5021264265264845,
                    -0.002450965594410593
                ],
                [
                    -0.5021264265264845,
                    0.012308838005199104,
                    -0.48312339217636635
                ],
                [
                    -0.002450965594410593,
                    -0.48312339217636635,
                    0.002303238098474365
                ]
            ],
            "volume_eff": 2.7270206686052822,
            "alpha_iso": 0.8703257452995582,
            "c6_ii": 0.2431375243976792,
            "c8_ii": 1.5562232238076832,
            "c10_ii": 13.747760217724904,
            "slater_b_init": 69.16773469209294
        },
        {
            "index": 18,
            "element": "H",
            "charge": 0.1386229804105099,
            "dipole": [
                -0.02662660887495975,
                0.03663738999703766,
                0.0007828542391972929
            ],
            "quadrupole": [
                [
                    -0.4988100714889116,
                    -0.5041492103503147,
                    0.002307929294376879
                ],
                [
                    -0.5041492103503147,
                    0.005946936828115781,
                    -0.4928767179386384
                ],
                [
                    0.002307929294376879,
                    -0.4928767179386384,
                    0.005302180712349636
                ]
            ],
            "volume_eff": 2.833693674669011,
            "alpha_iso": 0.9043703217028759,
            "c6_ii": 0.26253120553334625,
            "c8_ii": 1.723893697650281,
            "c10_ii": 15.62356670870109,
            "slater_b_init": 68.28868166904955
        },
        {
            "index": 19,
            "element": "H",
            "charge": 0.13358787142197737,
            "dipole": [
                -0.0009532686103124519,
                -0.030861258637360868,
                0.03582092365548891
            ],
            "quadrupole": [
                [
                    -0.5030008808884696,
                    -0.498963247492407,
                    0.00631268232335774
                ],
                [
                    -0.498963247492407,
                    0.0022487934436242482,
                    -0.5080200841682821
                ],
                [
                    0.00631268232335774,
                    -0.5080200841682821,
                    0.0033389812334058268
                ]
            ],
            "volume_eff": 2.8625905073915026,
            "alpha_iso": 0.9135927151249477,
            "c6_ii": 0.2679128750291817,
            "c8_ii": 1.7711717828781894,
            "c10_ii": 16.160989181200364,
            "slater_b_init": 68.05812079461418
        },
        {
            "index": 20,
            "element": "H",
            "charge": 0.15003997468607144,
            "dipole": [
                0.0424233942985185,
                0.007325991555563717,
                -0.018331865908720674
            ],
            "quadrupole": [
                [
                    -0.48850238349181296,
                    -0.4834731284309919,
                    0.005340918159645258
                ],
                [
                    -0.4834731284309919,
                    -0.0016854791715096384,
                    -0.47790388826714764
                ],
                [
                    0.005340918159645258,
                    -0.47790388826714764,
                    0.002980024789993325
                ]
            ],
            "volume_eff": 2.713834610314601,
            "alpha_iso": 0.8661174288238088,
            "c6_ii": 0.24079190633730252,
            "c8_ii": 1.5362376982410892,
            "c10_ii": 13.52742411696839,
            "slater_b_init": 69.27957847553452
        },
        {
            "index": 21,
            "element": "H",
            "charge": 0.1394960252919455,
            "dipole": [
                0.045555516482845816,
                0.008213042543655359,
                -0.004401135637416406
            ],
            "quadrupole": [
                [
                    -0.5015625067516608,
                    -0.49676513027665087,
                    -0.0038867180840603103
                ],
                [
                    -0.49676513027665087,
                    -0.004624161455707457,
                    -0.49042721239547976
                ],
                [
                    -0.0038867180840603103,
                    -0.49042721239547976,
                    0.003573579878839974
                ]
            ],
            "volume_eff": 2.809519856302821,
            "alpha_iso": 0.8966552732881343,
            "c6_ii": 0.2580710821851962,
            "c8_ii": 1.684955215120855,
            "c10_ii": 15.183697271381092,
            "slater_b_init": 68.48398029020646
        },
        {
            "index": 22,
            "element": "H",
            "charge": 0.13564836304233396,
            "dipole": [
                -0.025832926034917762,
                0.035624685875459104,
                0.008998867965668112
            ],
            "quadrupole": [
                [
                    -0.5062785576520438,
                    -0.5088181701505138,
                    -0.005039899960357978
                ],
                [
                    -0.5088181701505138,
                    0.003513994421121503,
                    -0.49427264309362656
                ],
                [
                    -0.005039899960357978,
                    -0.49427264309362656,
                    -3.098212571541288e-05
                ]
            ],
            "volume_eff": 2.866556702624523,
            "alpha_iso": 0.9148585221142095,
            "c6_ii": 0.2686557901556776,
            "c8_ii": 1.7777233558432246,
            "c10_ii": 16.235748171205604,
            "slater_b_init": 68.02671768495274
        },
        {
            "index": 23,
            "element": "H",
            "charge": 0.15281789552771496,
            "dipole": [
                -0.020425593458076326,
                -0.03374467028837203,
                -0.0305620523583486
            ],
            "quadrupole": [
                [
                    -0.48192326585761547,
                    -0.4762704078730622,
                    -0.005631655313212618
                ],
                [
                    -0.4762704078730622,
                    0.0006838164921624803,
                    -0.47855065826595233
                ],
                [
                    -0.005631655313212618,
                    -0.47855065826595233,
                    -0.001474305417440841
                ]
            ],
            "volume_eff": 2.676229349221187,
            "alpha_iso": 0.8541157497514427,
            "c6_ii": 0.23416489584333575,
            "c8_ii": 1.4801246484598458,
            "c10_ii": 12.912637150491536,
            "slater_b_init": 69.60256627179601
        }
    ]
}