{
    "molecule": "Phos_795",
    "atoms": [
        {
            "index": 0,
            "element": "C",
            "charge": -0.09524098611210086,
            "dipole": [
                0.06479740560396491,
                -0.05448379025387547,
                0.13930485623232505
            ],
            "quadrupole": [
                [
                    -4.514687265860871,
                    -4.5296016770241865,
                    -0.03332842697380631
                ],
                [
                    -4.5296016770241865,
                    -0.01995778117726115,
                    -4.460365359237838
                ],
                [
                    -0.03332842697380631,
                    -4.460365359237838,
                    0.01518013542571497
                ]
            ],
            "volume_eff": 33.10543568872888,
            "alpha_iso": 10.399613305359857,
            "c6_ii": 34.99917494157936,
            "c8_ii": 921.6434797793563,
            "c10_ii": 30407.62937112943,
            "slater_b_init": 36.71042361688829
        },
        {
            "index": 1,
            "element": "O",
            "charge": -0.3577650326402875,
            "dipole": [
                -0.05628172517501611,
                0.08028984835098806,
                -0.014992330378367539
            ],
            "quadrupole": [
                [
                    -4.096358318795002,
                    -4.096656678685105,
                    0.030256716626459144
                ],
                [
                    -4.096656678685105,
                    -0.011776964078483299,
                    -3.9631407777173466
                ],
                [
                    0.030256716626459144,
                    -3.9631407777173466,
                    0.014375743935988903
                ]
            ],
            "volume_eff": 23.132871096619272,
            "alpha_iso": 6.901519553687518,
            "c6_ii": 25.48159003905781,
            "c8_ii": 1038.7945466543006,
            "c10_ii": 40779.545548043,
            "slater_b_init": 34.09453223180729
        },
        {
            "index": 2,
            "element": "C",
            "charge": -0.00034151990995034964,
            "dipole": [
                -0.013496338893427526,
                -0.08198328392524233,
                -0.1301491366193799
            ],
            "quadrupole": [
                [
                    -4.387429538027245,
                    -4.303770226271025,
                    0.019854599511554914
                ],
                [
                    -4.303770226271025,
                    -0.055135125026626035,
                    -4.301028512889604
                ],
                [
                    0.019854599511554914,
                    -4.301028512889604,
                    0.023845988726348747
                ]
            ],
            "volume_eff": 31.59353996132212,
            "alpha_iso": 9.92467223915878,
            "c6_ii": 31.875409360766454,
            "c8_ii": 813.6299138869471,
            "c10_ii": 26020.312240615625,
            "slater_b_init": 37.28691064424978
        },
        {
            "index": 3,
            "element": "C",
            "charge": 0.003477502784972941,
            "dipole": [
                -0.06475248883392956,
                0.106376178726952,
                -0.1210959176243128
            ],
            "quadrupole": [
                [
                    -4.426721273062874,
                    -4.250480395753998,
                    -0.013152860804636403
                ],
                [
                    -4.250480395753998,
                    -0.05403888394159706,
                    -4.287229160209857
                ],
                [
                    -0.013152860804636403,
                    -4.287229160209857,
                    0.062068942674648686
                ]
            ],
            "volume_eff": 31.488720780743698,
            "alpha_iso": 9.8917447478776,
            "c6_ii": 31.664251525860045,
            "c8_ii": 806.4513659552555,
            "c10_ii": 25733.662256186966,
            "slater_b_init": 37.328238190567106
        },
        {
            "index": 4,
            "element": "O",
            "charge": -0.5625706915320521,
            "dipole": [
                0.19869089510474666,
                -0.006509738578537058,
                0.0009543615340437254
            ],
            "quadrupole": [
                [
                    -4.284128709509635,
                    -4.245901089537071,
                    0.010494088291618967
                ],
                [
                    -4.245901089537071,
                    -0.02421496336472703,
                    -4.250514397216637
                ],
                [
                    0.010494088291618967,
                    -4.250514397216637,
                    0.022589384089660953
                ]
            ],
            "volume_eff": 24.545157940181017,
            "alpha_iso": 7.3228647998330105,
            "c6_ii": 28.68792326733471,
            "c8_ii": 1216.6335155646332,
            "c10_ii": 49685.541287985136,
            "slater_b_init": 33.42765967770977
        },
        {
            "index": 5,
            "element": "P",
            "charge": 1.7168346323274868,
            "dipole": [
                0.026985816444641153,
                -0.005060884560639259,
                -0.08048488139673472
            ],
            "quadrupole": [
                [
                    -6.432415527613172,
                    -6.44771062733736,
                    -0.005110838865569996
                ],
                [
                    -6.44771062733736,
                    0.0013586636667563688,
                    -6.4612909237437615
                ],
                [
                    -0.005110838865569996,
                    -6.4612909237437615,
                    0.022001851181252044
                ]
            ],
            "volume_eff": 52.58113068891321,
            "alpha_iso": 20.22351180342816,
            "c6_ii": 121.06116718036584,
            "c8_ii": 3976.877477405295,
            "c10_ii": 73985.47611494482,
            "slater_b_init": 35.41672656399638
        },
        {
            "index": 6,
            "element": "O",
            "charge": -0.8431432888295518,
            "dipole": [
                -0.10728122299566613,
                -0.006081428558248847,
                0.3082607975853366
            ],
            "quadrupole": [
                [
                    -4.734710470959278,
                    -4.733293669583555,
                    -0.0005944051954530045
                ],
                [
                    -4.733293669583555,
                    -0.0018234089114165025,
                    -4.760693179770166
                ],
                [
                    -0.0005944051954530045,
                    -4.760693179770166,
                    0.013076350645487934
                ]
            ],
            "volume_eff": 28.30336832019598,
            "alpha_iso": 8.444098835859574,
            "c6_ii": 38.14553361921584,
            "c8_ii": 1778.9041769573525,
            "c10_ii": 79886.059397933,
            "slater_b_init": 31.877325326613033
        },
        {
            "index": 7,
            "element": "O",
            "charge": -0.5617279029313416,
            "dipole": [
                -0.0676142853734044,
                0.1542097235368829,
                -0.097445700464835
            ],
            "quadrupole": [
                [
                    -4.226191728531716,
                    -4.234344925225011,
                    0.024748173285338165
                ],
                [
                    -4.234344925225011,
                    -0.001536869928713553,
                    -4.274610134628255
                ],
                [
                    0.024748173285338165,
                    -4.274610134628255,
                    -0.013478325180177218
                ]
            ],
            "volume_eff": 24.370446587298396,
            "alpha_iso": 7.270740970796207,
            "c6_ii": 28.280978001538653,
            "c8_ii": 1193.67709560967,
            "c10_ii": 48516.43498371293,
            "slater_b_init": 33.50735033723673
        },
        {
            "index": 8,
            "element": "C",
            "charge": 0.09867203168095529,
            "dipole": [
                -0.02750163034324449,
                -0.11267494795790667,
                -0.1318674533468786
            ],
            "quadrupole": [
                [
                    -4.123802912414016,
                    -4.107600512758064,
                    0.08047959108557992
                ],
                [
                    -4.107600512758064,
                    0.022860002431037692,
                    -4.17667001302291
                ],
                [
                    0.08047959108557992,
                    -4.17667001302291,
                    -0.021911961403536424
                ]
            ],
            "volume_eff": 29.704507394106194,
            "alpha_iso": 9.33125886725849,
            "c6_ii": 28.177593537687663,
            "c8_ii": 690.2786055204816,
            "c10_ii": 21186.50821398025,
            "slater_b_init": 38.06113314009869
        },
        {
            "index": 9,
            "element": "C",
            "charge": -0.37223023977302905,
            "dipole": [
                -0.02686767965206507,
                -0.04546956077316914,
                0.010991742012123995
            ],
            "quadrupole": [
                [
                    -4.859083598310808,
                    -4.8099617528456955,
                    0.0553397015269833
                ],
                [
                    -4.8099617528456955,
                    -0.011596152903785278,
                    -4.867995921433439
                ],
                [
                    0.0553397015269833,
                    -4.867995921433439,
                    -0.010754007831673506
                ]
            ],
            "volume_eff": 35.60901925239672,
            "alpha_iso": 11.186079346302634,
            "c6_ii": 40.49293121671439,
            "c8_ii": 1119.4159756234806,
            "c10_ii": 38772.00366890689,
            "slater_b_init": 35.829094116466955
        },
        {
            "index": 10,
            "element": "C",
            "charge": 0.3754411451070183,
            "dipole": [
                0.08770260815627974,
                -0.004239467828605863,
                0.01881065534876783
            ],
            "quadrupole": [
                [
                    -3.753156832635125,
                    -3.471552307809422,
                    -0.013647215525295985
                ],
                [
                    -3.471552307809422,
                    -0.043007610346857315,
                    -3.484639686679363
                ],
                [
                    -0.013647215525295985,
                    -3.484639686679363,
                    -0.04726941393432382
                ]
            ],
            "volume_eff": 24.50323154296441,
            "alpha_iso": 7.6973502229207575,
            "c6_ii": 19.1736995914604,
            "c8_ii": 413.1366951976975,
            "c10_ii": 11153.112511379073,
            "slater_b_init": 40.58336406347096
        },
        {
            "index": 11,
            "element": "N",
            "charge": -0.44481813449143726,
            "dipole": [
                -0.11734832220517205,
                -0.010280106021912119,
                -0.023743939100078437
            ],
            "quadrupole": [
                [
                    -4.940689730481471,
                    -4.59701405158775,
                    -0.01142693640201669
                ],
                [
                    -4.59701405158775,
                    -0.03509211958235029,
                    -4.604014278312453
                ],
                [
                    -0.01142693640201669,
                    -4.604014278312453,
                    -0.06393631402592258
                ]
            ],
            "volume_eff": 31.05992554146661,
            "alpha_iso": 9.048954685309171,
            "c6_ii": 36.186681112163015,
            "c8_ii": 1299.5453573072784,
            "c10_ii": 50838.843226051955,
            "slater_b_init": 33.66512796014241
        },
        {
            "index": 12,
            "element": "O",
            "charge": -0.5710633332494943,
            "dipole": [
                -0.0588217392041846,
                -0.1554060254937004,
                -0.09938643429505449
            ],
            "quadrupole": [
                [
                    -4.25888672591545,
                    -4.268557610336308,
                    -0.031164129716777386
                ],
                [
                    -4.268557610336308,
                    0.010638666974575193,
                    -4.282341924140826
                ],
                [
                    -0.031164129716777386,
                    -4.282341924140826,
                    0.013643106467303344
                ]
            ],
            "volume_eff": 24.609253384101482,
            "alpha_iso": 7.34198719746674,
            "c6_ii": 28.83794601238484,
            "c8_ii": 1225.1240382839574,
            "c10_ii": 50119.3444554327,
            "slater_b_init": 33.39861337457823
        },
        {
            "index": 13,
            "element": "C",
            "charge": 0.10715052291100235,
            "dipole": [
                0.16297300384550598,
                -0.009826390517671198,
                -0.05356470911913229
            ],
            "quadrupole": [
                [
                    -4.032697757695189,
                    -4.152966241634381,
                    -0.05588372010046201
                ],
                [
                    -4.152966241634381,
                    0.026256023276466287,
                    -4.136640300327602
                ],
                [
                    -0.05588372010046201,
                    -4.136640300327602,
                    0.008481710294115935
                ]
            ],
            "volume_eff": 29.411553477690607,
            "alpha_iso": 9.2392314589604,
            "c6_ii": 27.62454405954547,
            "c8_ii": 672.2735705297983,
            "c10_ii": 20497.996602765237,
            "slater_b_init": 38.187085244042706
        },
        {
            "index": 14,
            "element": "C",
            "charge": -0.36450677238762275,
            "dipole": [
                -0.014563657015663724,
                0.02497251883226791,
                0.024675802193378883
            ],
            "quadrupole": [
                [
                    -4.8395802069964695,
                    -4.832634004922466,
                    -0.03732996190528866
                ],
                [
                    -4.832634004922466,
                    0.01997941474605195,
                    -4.823844836112427
                ],
                [
                    -0.03732996190528866,
                    -4.823844836112427,
                    0.03405832470482614
                ]
            ],
            "volume_eff": 35.514964916195865,
            "alpha_iso": 11.156533481527497,
            "c6_ii": 40.279305225827024,
            "c8_ii": 1111.5487314173604,
            "c10_ii": 38431.69185882752,
            "slater_b_init": 35.86069498500124
        },
        {
            "index": 15,
            "element": "C",
            "charge": 0.3545540642993483,
            "dipole": [
                0.08100166985237534,
                0.03751573755248604,
                0.0030331579039158695
            ],
            "quadrupole": [
                [
                    -3.804981977982849,
                    -3.5491662095195307,
                    -0.00012131092892143476
                ],
                [
                    -3.5491662095195307,
                    -0.1182283850094633,
                    -3.5046210325777465
                ],
                [
                    -0.00012131092892143476,
                    -3.5046210325777465,
                    -0.0014921326198840178
                ]
            ],
            "volume_eff": 24.96450962590831,
            "alpha_iso": 7.842254332746066,
            "c6_ii": 19.90239174102437,
            "c8_ii": 434.2030868020124,
            "c10_ii": 11868.477276810765,
            "slater_b_init": 40.331850814780054
        },
        {
            "index": 16,
            "element": "N",
            "charge": -0.4328404895581395,
            "dipole": [
                -0.10874634738311054,
                -0.04620392953090197,
                -0.003927312742371346
            ],
            "quadrupole": [
                [
                    -4.884545269227704,
                    -4.615636886809884,
                    0.00218130246152512
                ],
                [
                    -4.615636886809884,
                    -0.13561169107321094,
                    -4.562288362825375
                ],
                [
                    0.00218130246152512,
                    -4.562288362825375,
                    -0.008195818886349474
                ]
            ],
            "volume_eff": 30.797334794253782,
            "alpha_iso": 8.972451869192048,
            "c6_ii": 35.57739955420421,
            "c8_ii": 1270.4533006724873,
            "c10_ii": 49420.22746349954,
            "slater_b_init": 33.76053821328046
        },
        {
            "index": 17,
            "element": "H",
            "charge": 0.09821395178403425,
            "dipole": [
                -0.060497199313148155,
                -0.008748561425681336,
                0.015127369837399967
            ],
            "quadrupole": [
                [
                    -0.5224621172780387,
                    -0.52562052389301,
                    -0.00845219448570429
                ],
                [
                    -0.52562052389301,
                    -0.0023670637432348456,
                    -0.5055507746042122
                ],
                [
                    -0.00845219448570429,
                    -0.5055507746042122,
                    0.0004577249482666995
                ]
            ],
            "volume_eff": 2.9132521807652987,
            "alpha_iso": 0.9297613342867974,
            "c6_ii": 0.2774797482358508,
            "c8_ii": 1.8559985269928052,
            "c10_ii": 17.134211273305755,
            "slater_b_init": 67.6612996399577
        },
        {
            "index": 18,
            "element": "H",
            "charge": 0.07830299067189173,
            "dipole": [
                0.022112739684110986,
                0.05219169935475749,
                -0.005302490188150518
            ],
            "quadrupole": [
                [
                    -0.5546625407882719,
                    -0.5679864223131202,
                    -0.007228045354690176
                ],
                [
                    -0.5679864223131202,
                    -0.00359860748338019,
                    -0.5425063261654511
                ],
                [
                    -0.007228045354690176,
                    -0.5425063261654511,
                    0.010754788435775747
                ]
            ],
            "volume_eff": 3.2240104250710733,
            "alpha_iso": 1.0289394973631085,
            "c6_ii": 0.3398349224701235,
            "c8_ii": 2.4319795188413282,
            "c10_ii": 24.0210493303331,
            "slater_b_init": 65.413524507515
        },
        {
            "index": 19,
            "element": "H",
            "charge": 0.10474535923695338,
            "dipole": [
                0.02488120085353012,
                -0.03879554345544095,
                -0.03929558975878149
            ],
            "quadrupole": [
                [
                    -0.5192981246523936,
                    -0.5179065474940217,
                    -0.008576876278851578
                ],
                [
                    -0.5179065474940217,
                    -0.005892964053011893,
                    -0.5088234328468341
                ],
                [
                    -0.008576876278851578,
                    -0.5088234328468341,
                    0.009155473460457537
                ]
            ],
            "volume_eff": 2.909016727928701,
            "alpha_iso": 0.9284095940197983,
            "c6_ii": 0.2766735028514589,
            "c8_ii": 1.8488116235172822,
            "c10_ii": 17.051316366390882,
            "slater_b_init": 67.69412141447754
        },
        {
            "index": 20,
            "element": "H",
            "charge": 0.11414038055969655,
            "dipole": [
                0.0374000233499179,
                -0.03180780332606749,
                0.03742100498111806
            ],
            "quadrupole": [
                [
                    -0.502658989503624,
                    -0.49927104465447014,
                    0.00793751836304619
                ],
                [
                    -0.49927104465447014,
                    -0.001482810472623707,
                    -0.49606935648747885
                ],
                [
                    0.00793751836304619,
                    -0.49606935648747885,
                    -0.007333881213933546
                ]
            ],
            "volume_eff": 2.7878687551447654,
            "alpha_iso": 0.8897453473866272,
            "c6_ii": 0.25410884398888767,
            "c8_ii": 1.650550990197439,
            "c10_ii": 14.797156445410918,
            "slater_b_init": 68.66080970664515
        },
        {
            "index": 21,
            "element": "H",
            "charge": 0.09420384319542285,
            "dipole": [
                0.013382461449908676,
                0.0512360375992539,
                -0.020846676039823514
            ],
            "quadrupole": [
                [
                    -0.5260576962377814,
                    -0.5402663199938572,
                    0.014178395010324828
                ],
                [
                    -0.5402663199938572,
                    -0.004622155569285031,
                    -0.5245085719548579
                ],
                [
                    0.014178395010324828,
                    -0.5245085719548579,
                    -0.007276268600237425
                ]
            ],
            "volume_eff": 3.0339502267111813,
            "alpha_iso": 0.9682819872482494,
            "c6_ii": 0.3009483972538876,
            "c8_ii": 2.068197225513096,
            "c10_ii": 19.616974278313673,
            "slater_b_init": 66.75188665453798
        },
        {
            "index": 22,
            "element": "H",
            "charge": 0.12326936430484814,
            "dipole": [
                -0.01895031824533126,
                -0.05938713893716354,
                -0.010975788377837484
            ],
            "quadrupole": [
                [
                    -0.4830322554268701,
                    -0.4940215396860003,
                    -0.007356355625844397
                ],
                [
                    -0.4940215396860003,
                    -0.005934148065582789,
                    -0.49071002445229445
                ],
                [
                    -0.007356355625844397,
                    -0.49071002445229445,
                    0.005901621433456951
                ]
            ],
            "volume_eff": 2.7172863459856527,
            "alpha_iso": 0.8672190465911658,
            "c6_ii": 0.24140482400040436,
            "c8_ii": 1.5414537453812642,
            "c10_ii": 13.584861194682063,
            "slater_b_init": 69.250231044553
        },
        {
            "index": 23,
            "element": "H",
            "charge": 0.11385518562323349,
            "dipole": [
                -0.0029761479431105516,
                0.03137868879249732,
                0.05547323809759791
            ],
            "quadrupole": [
                [
                    -0.4954048312791286,
                    -0.49547225109640586,
                    -0.006184429750284935
                ],
                [
                    -0.49547225109640586,
                    -0.008438868393153186,
                    -0.5041716862089606
                ],
                [
                    -0.006184429750284935,
                    -0.5041716862089606,
                    0.0036727099843044874
                ]
            ],
            "volume_eff": 2.778874213519391,
            "alpha_iso": 0.8868747489955504,
            "c6_ii": 0.25247181889572756,
            "c8_ii": 1.6363886176628102,
            "c10_ii": 14.638620301324277,
            "slater_b_init": 68.7348093852107
        },
        {
            "index": 24,
            "element": "H",
            "charge": 0.12344413347777561,
            "dipole": [
                -0.04881710872563395,
                -0.005043006411699985,
                0.04934478274839081
            ],
            "quadrupole": [
                [
                    -0.4920276505163756,
                    -0.47238311416667056,
                    0.0023573519834095766
                ],
                [
                    -0.47238311416667056,
                    -0.00023682556879864295,
                    -0.4881850191908584
                ],
                [
                    0.0023573519834095766,
                    -0.4881850191908584,
                    0.0006309870432491209
                ]
            ],
            "volume_eff": 2.668793020116927,
            "alpha_iso": 0.8517424532288066,
            "c6_ii": 0.23286537496836876,
            "c8_ii": 1.4691826632838103,
            "c10_ii": 12.793424995192122,
            "slater_b_init": 69.66715322084916
        },
        {
            "index": 25,
            "element": "H",
            "charge": 0.10209507301157994,
            "dipole": [
                0.06511747545509337,
                0.012915659892145818,
                0.010895946709955924
            ],
            "quadrupole": [
                [
                    -0.5148735889082533,
                    -0.4947170800051497,
                    0.0019206952804671877
                ],
                [
                    -0.4947170800051497,
                    -0.00404343425559351,
                    -0.5076482482718228
                ],
                [
                    0.0019206952804671877,
                    -0.5076482482718228,
                    -0.00011988010554604255
                ]
            ],
            "volume_eff": 2.8170452715962178,
            "alpha_iso": 0.899057001573261,
            "c6_ii": 0.25945544190154896,
            "c8_ii": 1.6970173547648222,
            "c10_ii": 15.319688625215603,
            "slater_b_init": 68.42294352497393
        },
        {
            "index": 26,
            "element": "H",
            "charge": 0.1918448238903353,
            "dipole": [
                0.025799456896982865,
                -0.01536577325252624,
                -0.0412265302365401
            ],
            "quadrupole": [
                [
                    -0.42935311728780107,
                    -0.4322353142278676,
                    -0.002808238444685534
                ],
                [
                    -0.4322353142278676,
                    -0.002022315107809764,
                    -0.4346432823057589
                ],
                [
                    -0.002808238444685534,
                    -0.4346432823057589,
                    0.0062724060276258785
                ]
            ],
            "volume_eff": 2.338094819475785,
            "alpha_iso": 0.7462004743007824,
            "c6_ii": 0.17873078819771024,
            "c8_ii": 1.0324485031289061,
            "c10_ii": 8.231473461614126,
            "slater_b_init": 72.80798116376405
        },
        {
            "index": 27,
            "element": "H",
            "charge": 0.18931154013647966,
            "dipole": [
                0.0068159635093245395,
                0.04723448888759462,
                0.020359663478512976
            ],
            "quadrupole": [
                [
                    -0.43216634299140716,
                    -0.4387318421867973,
                    -0.0036625425196173166
                ],
                [
                    -0.4387318421867973,
                    -0.00343077451646188,
                    -0.4340650422766081
                ],
                [
                    -0.0036625425196173166,
                    -0.4340650422766081,
                    0.002841070436450142
                ]
            ],
            "volume_eff": 2.3556853951079257,
            "alpha_iso": 0.7518144878004018,
            "c6_ii": 0.1814302546386555,
            "c8_ii": 1.053292160092567,
            "c10_ii": 8.43972213164177,
            "slater_b_init": 72.6263021978322
        },
        {
            "index": 28,
            "element": "H",
            "charge": 0.11269842298244304,
            "dipole": [
                -0.0380199045780687,
                0.04911093459693375,
                -0.030316157694341712
            ],
            "quadrupole": [
                [
                    -0.4873632980336551,
                    -0.49329882867011,
                    0.0037016362423072384
                ],
                [
                    -0.49329882867011,
                    0.008217098287457715,
                    -0.4977631678816323
                ],
                [
                    0.0037016362423072384,
                    -0.4977631678816323,
                    0.0009959001182872995
                ]
            ],
            "volume_eff": 2.7216747897649096,
            "alpha_iso": 0.8686196137547584,
            "c6_ii": 0.24218519590600132,
            "c8_ii": 1.5481012503406715,
            "c10_ii": 13.65813136271177,
            "slater_b_init": 69.21299120111215
        },
        {
            "index": 29,
            "element": "H",
            "charge": 0.1172792602215551,
            "dipole": [
                -0.010787738974799642,
                -0.02190065955831944,
                0.06520708127298656
            ],
            "quadrupole": [
                [
                    -0.4830077069394793,
                    -0.4918048307555153,
                    0.0032021402428893467
                ],
                [
                    -0.4918048307555153,
                    0.0057090514094082735,
                    -0.4954713769601118
                ],
                [
                    0.0032021402428893467,
                    -0.4954713769601118,
                    0.0032887747523719065
                ]
            ],
            "volume_eff": 2.7087729905176126,
            "alpha_iso": 0.8645020182503019,
            "c6_ii": 0.2398945336855553,
            "c8_ii": 1.528608866429256,
            "c10_ii": 13.443506191649465,
            "slater_b_init": 69.32270362169581
        },
        {
            "index": 30,
            "element": "H",
            "charge": 0.1870970337536184,
            "dipole": [
                0.034471098678405476,
                -0.031077330914532943,
                0.020819359222958685
            ],
            "quadrupole": [
                [
                    -0.43889657640895974,
                    -0.43516806733753904,
                    0.003846383793341033
                ],
                [
                    -0.43516806733753904,
                    0.007177925859138475,
                    -0.4363870682145022
                ],
                [
                    0.003846383793341033,
                    -0.4363870682145022,
                    0.0012155152269672875
                ]
            ],
            "volume_eff": 2.3701904351882015,
            "alpha_iso": 0.7564437559111281,
            "c6_ii": 0.1836714327442012,
            "c8_ii": 1.0706759722798829,
            "c10_ii": 8.614194119380986,
            "slater_b_init": 72.47784665608563
        },
        {
            "index": 31,
            "element": "H",
            "charge": 0.1856293928252586,
            "dipole": [
                0.015143008934944307,
                0.01938094597168369,
                -0.044621215232326046
            ],
            "quadrupole": [
                [
                    -0.4379916774576001,
                    -0.4341346370913278,
                    0.004129390041309337
                ],
                [
                    -0.4341346370913278,
                    0.0031816044197360434,
                    -0.44287034108316836
                ],
                [
                    0.004129390041309337,
                    -0.44287034108316836,
                    0.004922758945603766
                ]
            ],
            "volume_eff": 2.3808789673083153,
            "alpha_iso": 0.7598549895664837,
            "c6_ii": 0.1853317251160013,
            "c8_ii": 1.0835998324561718,
            "c10_ii": 8.744364353504421,
            "slater_b_init": 72.36922515286264
        }
    ]
}