{
    "molecule": "Est_311",
    "atoms": [
        {
            "index": 0,
            "element": "C",
            "charge": -0.4019343665557189,
            "dipole": [
                -0.08848931822257704,
                -0.016708087324830073,
                0.00921937074283909
            ],
            "quadrupole": [
                [
                    -5.08687748866294,
                    -5.0232972785646375,
                    0.010985398390891828
                ],
                [
                    -5.0232972785646375,
                    -0.025509103873900298,
                    -4.997914533420456
                ],
                [
                    0.010985398390891828,
                    -4.997914533420456,
                    0.013965375662776211
                ]
            ],
            "volume_eff": 37.952699509852444,
            "alpha_iso": 11.9223139821526,
            "c6_ii": 45.99859162575599,
            "c8_ii": 1326.819745278618,
            "c10_ii": 47950.57029880275,
            "slater_b_init": 35.07585569398744
        },
        {
            "index": 1,
            "element": "C",
            "charge": -0.25049739273129745,
            "dipole": [
                0.05640109304882341,
                0.03958624694901558,
                -0.011739572591221638
            ],
            "quadrupole": [
                [
                    -4.73453051588743,
                    -4.777369874651083,
                    0.03050341948062408
                ],
                [
                    -4.777369874651083,
                    -0.01604701519782441,
                    -4.67012753192778
                ],
                [
                    0.03050341948062408,
                    -4.67012753192778,
                    0.0017222013943735401
                ]
            ],
            "volume_eff": 35.035510578842114,
            "alpha_iso": 11.005919553562967,
            "c6_ii": 39.19909971686587,
            "c8_ii": 1071.9816137080797,
            "c10_ii": 36729.332864501135,
            "slater_b_init": 36.02353668598476
        },
        {
            "index": 2,
            "element": "C",
            "charge": 0.06424082171905443,
            "dipole": [
                -0.11265933294449615,
                -0.07510381137238846,
                0.03686343861232915
            ],
            "quadrupole": [
                [
                    -4.112554095533934,
                    -4.323357946067329,
                    0.01681620177438726
                ],
                [
                    -4.323357946067329,
                    0.0382098685814215,
                    -4.215830684881594
                ],
                [
                    0.01681620177438726,
                    -4.215830684881594,
                    -0.030314130965053084
                ]
            ],
            "volume_eff": 30.61600757817817,
            "alpha_iso": 9.617594003616178,
            "c6_ii": 29.93341758261913,
            "c8_ii": 748.2170813090999,
            "c10_ii": 23432.217653818054,
            "slater_b_init": 37.679602544782995
        },
        {
            "index": 3,
            "element": "O",
            "charge": -0.4019210267874911,
            "dipole": [
                0.10034756703808884,
                0.014406179535959416,
                0.006936721293917054
            ],
            "quadrupole": [
                [
                    -4.039873761571205,
                    -4.062159160880367,
                    -0.00902147701037114
                ],
                [
                    -4.062159160880367,
                    0.0069249996418281855,
                    -4.109654112149919
                ],
                [
                    -0.00902147701037114,
                    -4.109654112149919,
                    0.025042752914333874
                ]
            ],
            "volume_eff": 23.20302885894429,
            "alpha_iso": 6.922450598801059,
            "c6_ii": 25.636386411808008,
            "c8_ii": 1047.2170569460386,
            "c10_ii": 41193.2625115211,
            "slater_b_init": 34.06013426575181
        },
        {
            "index": 4,
            "element": "C",
            "charge": 0.8280826542010011,
            "dipole": [
                0.06069235792742547,
                0.030550688253434957,
                0.0073508822916709
            ],
            "quadrupole": [
                [
                    -3.0940440708222776,
                    -2.9175498540436196,
                    -0.0402404028741674
                ],
                [
                    -2.9175498540436196,
                    -0.057067426936795035,
                    -3.0817544406765145
                ],
                [
                    -0.0402404028741674,
                    -3.0817544406765145,
                    0.055949397258939805
                ]
            ],
            "volume_eff": 20.47889722585653,
            "alpha_iso": 6.433161432206241,
            "c6_ii": 13.392829001372808,
            "c8_ii": 256.0446139846431,
            "c10_ii": 6133.006504158674,
            "slater_b_init": 43.0844258484878
        },
        {
            "index": 5,
            "element": "O",
            "charge": -0.5891138934513691,
            "dipole": [
                0.044732925407611326,
                -0.019585166075555282,
                -0.10842883922774293
            ],
            "quadrupole": [
                [
                    -4.4236471558821595,
                    -4.304536460028462,
                    -0.031165119210466753
                ],
                [
                    -4.304536460028462,
                    -0.046829285474358336,
                    -4.40594800303051
                ],
                [
                    -0.031165119210466753,
                    -4.40594800303051,
                    0.008644701859453173
                ]
            ],
            "volume_eff": 25.629946280465482,
            "alpha_iso": 7.646503310194121,
            "c6_ii": 31.279718820844664,
            "c8_ii": 1365.3523724170018,
            "c10_ii": 57390.00227104875,
            "slater_b_init": 32.94923610646972
        },
        {
            "index": 6,
            "element": "C",
            "charge": -0.560323965521933,
            "dipole": [
                -0.045710297049853126,
                0.0024021022011326554,
                -0.01928807751124375
            ],
            "quadrupole": [
                [
                    -5.273454966487522,
                    -5.171307105074037,
                    0.028958648976265967
                ],
                [
                    -5.171307105074037,
                    -0.004822196862887623,
                    -5.263317769881279
                ],
                [
                    0.028958648976265967,
                    -5.263317769881279,
                    -0.00801580722997801
                ]
            ],
            "volume_eff": 39.47445953908312,
            "alpha_iso": 12.400353781910928,
            "c6_ii": 49.76128378132884,
            "c8_ii": 1473.4700555849502,
            "c10_ii": 54664.516651021266,
            "slater_b_init": 34.619205849490086
        },
        {
            "index": 7,
            "element": "C",
            "charge": 0.14821550656404803,
            "dipole": [
                0.03149630072817154,
                0.13909712527532067,
                0.04955762068849014
            ],
            "quadrupole": [
                [
                    -4.128786642554839,
                    -3.970464877529921,
                    -0.011843380985569132
                ],
                [
                    -3.970464877529921,
                    -0.014135843657242752,
                    -4.146105547298758
                ],
                [
                    -0.011843380985569132,
                    -4.146105547298758,
                    -0.047007925698468504
                ]
            ],
            "volume_eff": 29.384704474117164,
            "alpha_iso": 9.230797217000156,
            "c6_ii": 27.574131697084766,
            "c8_ii": 670.638281434756,
            "c10_ii": 20435.6894679537,
            "slater_b_init": 38.19871230302831
        },
        {
            "index": 8,
            "element": "F",
            "charge": -0.23393286246991352,
            "dipole": [
                0.01750857617344312,
                -0.04016188738083287,
                0.011125380653780473
            ],
            "quadrupole": [
                [
                    -3.58133457132999,
                    -3.5094256441405665,
                    -0.009400705581716347
                ],
                [
                    -3.5094256441405665,
                    -0.016481910022435667,
                    -3.5878543969050747
                ],
                [
                    -0.009400705581716347,
                    -3.5878543969050747,
                    0.010189622121234018
                ]
            ],
            "volume_eff": 18.02075399788307,
            "alpha_iso": 5.659410346442617,
            "c6_ii": 21.071661493040622,
            "c8_ii": 925.6572617316596,
            "c10_ii": 37724.65638768194,
            "slater_b_init": 33.275230101343034
        },
        {
            "index": 9,
            "element": "H",
            "charge": 0.13688988271607072,
            "dipole": [
                0.018410329743623634,
                -0.045335427337723035,
                0.008163468149332312
            ],
            "quadrupole": [
                [
                    -0.49476355463227883,
                    -0.49768233399325523,
                    -0.00047439074085631476
                ],
                [
                    -0.49768233399325523,
                    0.00764272859065453,
                    -0.49799367004670597
                ],
                [
                    -0.00047439074085631476,
                    -0.49799367004670597,
                    -0.00210463685196645
                ]
            ],
            "volume_eff": 2.804810344025343,
            "alpha_iso": 0.8951522374548967,
            "c6_ii": 0.2572066139967062,
            "c8_ii": 1.6774338951964622,
            "c10_ii": 15.099023172297098,
            "slater_b_init": 68.52228897641379
        },
        {
            "index": 10,
            "element": "H",
            "charge": 0.12645465632580488,
            "dipole": [
                0.004294826965286478,
                0.031967317738004396,
                0.03560513615289229
            ],
            "quadrupole": [
                [
                    -0.5017663492586527,
                    -0.5176295583264958,
                    -0.0039756961789881
                ],
                [
                    -0.5176295583264958,
                    -0.0008018940491845349,
                    -0.512239943193366
                ],
                [
                    -0.0039756961789881,
                    -0.512239943193366,
                    -0.005244092081338777
                ]
            ],
            "volume_eff": 2.913371896299331,
            "alpha_iso": 0.9297995413721268,
            "c6_ii": 0.2775025538954476,
            "c8_ii": 1.8562019188952419,
            "c10_ii": 17.136558397719917,
            "slater_b_init": 67.66037285364735
        },
        {
            "index": 11,
            "element": "H",
            "charge": 0.13361491026152228,
            "dipole": [
                -0.002541621751261064,
                0.013716446489534424,
                -0.04724409191105067
            ],
            "quadrupole": [
                [
                    -0.4919878926764998,
                    -0.5044916949442549,
                    0.004219255178134594
                ],
                [
                    -0.5044916949442549,
                    0.0015190641307789648,
                    -0.5072406415322925
                ],
                [
                    0.004219255178134594,
                    -0.5072406415322925,
                    0.003472599388012527
                ]
            ],
            "volume_eff": 2.842451464495104,
            "alpha_iso": 0.9071653610090757,
            "c6_ii": 0.2641564666368259,
            "c8_ii": 1.7381379179738334,
            "c10_ii": 15.785101400696455,
            "slater_b_init": 68.2184754636132
        },
        {
            "index": 12,
            "element": "H",
            "charge": 0.11815080118533872,
            "dipole": [
                9.968271057559744e-05,
                -0.012060442937627406,
                0.048057939127651494
            ],
            "quadrupole": [
                [
                    -0.4988052287367091,
                    -0.5099567689706046,
                    0.005766737439087878
                ],
                [
                    -0.5099567689706046,
                    -0.006382626411752938,
                    -0.5200849802849544
                ],
                [
                    0.005766737439087878,
                    -0.5200849802849544,
                    0.0030008734543984887
                ]
            ],
            "volume_eff": 2.887515271785435,
            "alpha_iso": 0.9215474271655645,
            "c6_ii": 0.27259865646175624,
            "c8_ii": 1.812595313853936,
            "c10_ii": 16.634821680290866,
            "slater_b_init": 67.86173083420915
        },
        {
            "index": 13,
            "element": "H",
            "charge": 0.1319997332641194,
            "dipole": [
                -0.006415456583970684,
                -0.03157834555501463,
                -0.03967262734716317
            ],
            "quadrupole": [
                [
                    -0.482661230957595,
                    -0.4977513247548918,
                    -0.003347866088266766
                ],
                [
                    -0.4977513247548918,
                    -0.006215750574353604,
                    -0.4973138533548402
                ],
                [
                    -0.003347866088266766,
                    -0.4973138533548402,
                    -0.0033878319791806467
                ]
            ],
            "volume_eff": 2.7601019146261754,
            "alpha_iso": 0.8808835897743114,
            "c6_ii": 0.24907226379105687,
            "c8_ii": 1.607075926473586,
            "c10_ii": 14.311579852105218,
            "slater_b_init": 68.89028626780232
        },
        {
            "index": 14,
            "element": "H",
            "charge": 0.1024236811048368,
            "dipole": [
                0.009416611498809648,
                0.01711231104846036,
                -0.0630040247378726
            ],
            "quadrupole": [
                [
                    -0.5023729634737959,
                    -0.5255867210257852,
                    -0.0011310998933277312
                ],
                [
                    -0.5255867210257852,
                    -0.003627948135900063,
                    -0.5308874743695289
                ],
                [
                    -0.0011310998933277312,
                    -0.5308874743695289,
                    -0.0022309472850849978
                ]
            ],
            "volume_eff": 2.9510581853799898,
            "alpha_iso": 0.9418270804404223,
            "c6_ii": 0.28472832698424905,
            "c8_ii": 1.9209238108121565,
            "c10_ii": 17.886680870861152,
            "slater_b_init": 67.37112063893532
        },
        {
            "index": 15,
            "element": "H",
            "charge": 0.09353107155019202,
            "dipole": [
                0.015842981958726295,
                0.03541782360680878,
                0.04836755638602843
            ],
            "quadrupole": [
                [
                    -0.5040916381224363,
                    -0.5291470618983312,
                    -0.003499454719991294
                ],
                [
                    -0.5291470618983312,
                    -0.001902058309842137,
                    -0.5287490737044588
                ],
                [
                    -0.003499454719991294,
                    -0.5287490737044588,
                    -0.0034764802516599382
                ]
            ],
            "volume_eff": 2.9414863159225764,
            "alpha_iso": 0.9387722284859287,
            "c6_ii": 0.28288426816527595,
            "c8_ii": 1.9043537825015384,
            "c10_ii": 17.694024518807474,
            "slater_b_init": 67.444118808146
        },
        {
            "index": 16,
            "element": "H",
            "charge": 0.19509218686280683,
            "dipole": [
                -0.011251487281103879,
                0.028590993373535486,
                0.031802948780380855
            ],
            "quadrupole": [
                [
                    -0.4265309181712634,
                    -0.4364155600111171,
                    -0.0029524083133859935
                ],
                [
                    -0.4364155600111171,
                    0.0004416870264909398,
                    -0.4390582433476737
                ],
                [
                    -0.0029524083133859935,
                    -0.4390582433476737,
                    0.003835192942591416
                ]
            ],
            "volume_eff": 2.372481887472075,
            "alpha_iso": 0.7571750704698113,
            "c6_ii": 0.18402674408475375,
            "c8_ii": 1.0734384843816538,
            "c10_ii": 8.641985540540425,
            "slater_b_init": 72.45450499210605
        },
        {
            "index": 17,
            "element": "H",
            "charge": 0.1951758602616399,
            "dipole": [
                -0.003360048814685495,
                -0.043882852032688414,
                0.004089621231260831
            ],
            "quadrupole": [
                [
                    -0.43032825019816373,
                    -0.4420761302185759,
                    0.0020600964056296254
                ],
                [
                    -0.4420761302185759,
                    -0.0015401021834624534,
                    -0.43241378952208176
                ],
                [
                    0.0020600964056296254,
                    -0.43241378952208176,
                    0.0030518607963198204
                ]
            ],
            "volume_eff": 2.3693307204548053,
            "alpha_iso": 0.7561693788685548,
            "c6_ii": 0.18353821441975135,
            "c8_ii": 1.0696406712757853,
            "c10_ii": 8.60378340008037,
            "slater_b_init": 72.48661182299423
        },
        {
            "index": 18,
            "element": "H",
            "charge": 0.07131184116953204,
            "dipole": [
                -0.06016823942218828,
                -0.02064301684141764,
                0.021842619250004813
            ],
            "quadrupole": [
                [
                    -0.5479464839457595,
                    -0.5248070012593388,
                    -0.003435099088284376
                ],
                [
                    -0.5248070012593388,
                    -0.007628424475129856,
                    -0.5407131037840635
                ],
                [
                    -0.003435099088284376,
                    -0.5407131037840635,
                    0.0030984462027814365
                ]
            ],
            "volume_eff": 3.0462039148086686,
            "alpha_iso": 0.972192738768724,
            "c6_ii": 0.303384280915808,
            "c8_ii": 2.0905473330419313,
            "c10_ii": 19.882321401853606,
            "slater_b_init": 66.66226078432202
        },
        {
            "index": 19,
            "element": "H",
            "charge": 0.09631263905092269,
            "dipole": [
                0.03050876833566804,
                -0.01575194387600882,
                -0.06046570804123067
            ],
            "quadrupole": [
                [
                    -0.5256603637591031,
                    -0.5019205549807193,
                    -0.005865587640827852
                ],
                [
                    -0.5019205549807193,
                    -0.0036939937426394972,
                    -0.5196436021049036
                ],
                [
                    -0.005865587640827852,
                    -0.5196436021049036,
                    0.005213962845508325
                ]
            ],
            "volume_eff": 2.902495802747818,
            "alpha_iso": 0.9263284476854738,
            "c6_ii": 0.2754344965157515,
            "c8_ii": 1.8377806772552114,
            "c10_ii": 16.924240370167347,
            "slater_b_init": 67.74477875249873
        }
    ]
}