{
    "molecule": "DTD",
    "atoms": [
        {
            "index": 0,
            "element": "O",
            "charge": -0.6157550802455489,
            "dipole": [
                0.15168363181071115,
                -0.12440314150397898,
                -0.17973145065546578
            ],
            "quadrupole": [
                [
                    -4.345126362006587,
                    -4.315444650333368,
                    -0.027300549319755216
                ],
                [
                    -4.315444650333368,
                    0.007040431504529756,
                    -4.335384229629123
                ],
                [
                    -0.027300549319755216,
                    -4.335384229629123,
                    0.012149110276894252
                ]
            ],
            "volume_eff": 24.903218134308844,
            "alpha_iso": 7.429689388136341,
            "c6_ii": 29.531016347918296,
            "c8_ii": 1264.538784437254,
            "c10_ii": 52142.937999149675,
            "slater_b_init": 33.26667725428642
        },
        {
            "index": 1,
            "element": "S",
            "charge": 1.6116057084788373,
            "dipole": [
                -0.0029856381737907176,
                0.00043249981043646445,
                -0.0012548487697158367
            ],
            "quadrupole": [
                [
                    -6.82928773827336,
                    -6.711293456954135,
                    -0.15847746466772616
                ],
                [
                    -6.711293456954135,
                    0.0010550071134022147,
                    -6.8009676306637825
                ],
                [
                    -0.15847746466772616,
                    -6.8009676306637825,
                    0.009481369183789327
                ]
            ],
            "volume_eff": 50.32584628187705,
            "alpha_iso": 13.116842913893487,
            "c6_ii": 60.013822666908425,
            "c8_ii": 1370.6355158728518,
            "c10_ii": 31460.001080717015,
            "slater_b_init": 38.870593193066576
        },
        {
            "index": 2,
            "element": "O",
            "charge": -0.6165436921484364,
            "dipole": [
                0.11176163802835128,
                0.14132172512339802,
                0.19779402894016684
            ],
            "quadrupole": [
                [
                    -4.342851876712209,
                    -4.31464311009251,
                    -0.028999175755172676
                ],
                [
                    -4.31464311009251,
                    -0.005164525751224374,
                    -4.3445268221389135
                ],
                [
                    -0.028999175755172676,
                    -4.3445268221389135,
                    -0.011406986998303222
                ]
            ],
            "volume_eff": 24.920893196520815,
            "alpha_iso": 7.434962611116707,
            "c6_ii": 29.572950509182867,
            "c8_ii": 1266.9335510594015,
            "c10_ii": 52266.40170261248,
            "slater_b_init": 33.25881063342399
        },
        {
            "index": 3,
            "element": "O",
            "charge": -0.42567826201662484,
            "dipole": [
                -0.10646812999003613,
                -0.08260230481619626,
                0.032030456147770406
            ],
            "quadrupole": [
                [
                    -4.02054371035314,
                    -4.08628094353812,
                    0.00508811225571437
                ],
                [
                    -4.08628094353812,
                    -0.003735746776608978,
                    -4.090828200255667
                ],
                [
                    0.00508811225571437,
                    -4.090828200255667,
                    0.02192212814915658
                ]
            ],
            "volume_eff": 22.983771575583038,
            "alpha_iso": 6.8570368236546075,
            "c6_ii": 25.15417292232175,
            "c8_ii": 1021.0359138801897,
            "c10_ii": 39909.98624387843,
            "slater_b_init": 34.16809900043622
        },
        {
            "index": 4,
            "element": "C",
            "charge": -0.01593357737556378,
            "dipole": [
                0.12805198854598138,
                -0.02768352736572528,
                0.07800710436267973
            ],
            "quadrupole": [
                [
                    -4.248685641618903,
                    -4.377924719613058,
                    -0.024446548036314658
                ],
                [
                    -4.377924719613058,
                    -0.06543171736973966,
                    -4.269312479926005
                ],
                [
                    -0.024446548036314658,
                    -4.269312479926005,
                    0.05264636925372799
                ]
            ],
            "volume_eff": 30.977667972194475,
            "alpha_iso": 9.731204598595124,
            "c6_ii": 30.644788756881244,
            "c8_ii": 772.019118667814,
            "c10_ii": 24367.66631193861,
            "slater_b_init": 37.532393286252635
        },
        {
            "index": 5,
            "element": "C",
            "charge": -0.008438197268739955,
            "dipole": [
                0.1305956823323892,
                0.044235045099175536,
                -0.06317235490717305
            ],
            "quadrupole": [
                [
                    -4.24185137155873,
                    -4.338950495468461,
                    -0.021944477262065297
                ],
                [
                    -4.338950495468461,
                    0.08459049279858204,
                    -4.265478769100986
                ],
                [
                    -0.021944477262065297,
                    -4.265478769100986,
                    -0.048605508273854445
                ]
            ],
            "volume_eff": 30.819232502612625,
            "alpha_iso": 9.681434294014435,
            "c6_ii": 30.332124454876777,
            "c8_ii": 761.5346207193213,
            "c10_ii": 23954.71092288039,
            "slater_b_init": 37.59659888148635
        },
        {
            "index": 6,
            "element": "O",
            "charge": -0.4282590281761838,
            "dipole": [
                -0.11213445973532463,
                0.07032851030387863,
                -0.04800218266260105
            ],
            "quadrupole": [
                [
                    -4.022778934432104,
                    -4.0898507261117665,
                    0.007953358566477418
                ],
                [
                    -4.0898507261117665,
                    0.011839125173778591,
                    -4.102978184366642
                ],
                [
                    0.007953358566477418,
                    -4.102978184366642,
                    -0.016492877748623715
                ]
            ],
            "volume_eff": 23.039966692812623,
            "alpha_iso": 6.873802217745203,
            "c6_ii": 25.27732675196811,
            "c8_ii": 1027.7066150607636,
            "c10_ii": 40236.180273461076,
            "slater_b_init": 34.14029740511582
        },
        {
            "index": 7,
            "element": "H",
            "charge": 0.1361562010692865,
            "dipole": [
                -0.04309062244157402,
                -0.01438237084535307,
                0.04321654382708758
            ],
            "quadrupole": [
                [
                    -0.46487742269398113,
                    -0.47635566610504854,
                    -0.0031487075159696105
                ],
                [
                    -0.47635566610504854,
                    -0.006253987238671263,
                    -0.47518173246657586
                ],
                [
                    -0.0031487075159696105,
                    -0.47518173246657586,
                    0.009860950287633015
                ]
            ],
            "volume_eff": 2.581101532463582,
            "alpha_iso": 0.8237558082330582,
            "c6_ii": 0.21781375829061936,
            "c8_ii": 1.343949602112503,
            "c10_ii": 11.44513217361386,
            "slater_b_init": 70.4473508082895
        },
        {
            "index": 8,
            "element": "H",
            "charge": 0.11546569969819243,
            "dipole": [
                0.008454009596601171,
                -0.03403101505730543,
                -0.05260502869312482
            ],
            "quadrupole": [
                [
                    -0.48452173718532493,
                    -0.4968255787841183,
                    -0.005621098714867895
                ],
                [
                    -0.4968255787841183,
                    -0.005500807417106933,
                    -0.4965966248316205
                ],
                [
                    -0.005621098714867895,
                    -0.4965966248316205,
                    0.0060435232295587464
                ]
            ],
            "volume_eff": 2.726592594098622,
            "alpha_iso": 0.8701891257761559,
            "c6_ii": 0.24306119728513373,
            "c8_ii": 1.555571873313913,
            "c10_ii": 13.740568012157235,
            "slater_b_init": 69.17135427630359
        },
        {
            "index": 9,
            "element": "H",
            "charge": 0.13490011396636858,
            "dipole": [
                -0.03946053934933582,
                0.00891607639948115,
                -0.048333310562812745
            ],
            "quadrupole": [
                [
                    -0.4663382458967817,
                    -0.47577884448954766,
                    -0.00336534512515688
                ],
                [
                    -0.47577884448954766,
                    0.008271482423206968,
                    -0.4783650122349513
                ],
                [
                    -0.00336534512515688,
                    -0.4783650122349513,
                    -0.00780392047719826
                ]
            ],
            "volume_eff": 2.590798724908359,
            "alpha_iso": 0.8268506568856466,
            "c6_ii": 0.21945348430367723,
            "c8_ii": 1.357456367341459,
            "c10_ii": 11.589092583133658,
            "slater_b_init": 70.35934762399535
        },
        {
            "index": 10,
            "element": "H",
            "charge": 0.11393699314325634,
            "dipole": [
                -0.0026156482580869814,
                0.034846030802903306,
                0.05352536582445639
            ],
            "quadrupole": [
                [
                    -0.48656916790584653,
                    -0.49715511060893236,
                    -0.005648243860457234
                ],
                [
                    -0.49715511060893236,
                    0.007775086617477587,
                    -0.49957891519892833
                ],
                [
                    -0.005648243860457234,
                    -0.49957891519892833,
                    -0.0037520739688302563
                ]
            ],
            "volume_eff": 2.7396222991275723,
            "alpha_iso": 0.8743475422747572,
            "c6_ii": 0.24538980545345207,
            "c8_ii": 1.5754740706934252,
            "c10_ii": 13.960666692436044,
            "slater_b_init": 69.06151979656849
        }
    ]
}