{
    "molecule": "EGDMC",
    "atoms": [
        {
            "index": 0,
            "element": "C",
            "charge": -0.11622752816820814,
            "dipole": [
                -0.14923566553138595,
                -0.0768402390399927,
                0.0031262663575930406
            ],
            "quadrupole": [
                [
                    -4.451656395409858,
                    -4.541443583997184,
                    -0.0029721292879341336
                ],
                [
                    -4.541443583997184,
                    0.08175635716424055,
                    -4.5451995439554915
                ],
                [
                    -0.0029721292879341336,
                    -4.5451995439554915,
                    -0.0009059127760925988
                ]
            ],
            "volume_eff": 33.052066560957336,
            "alpha_iso": 10.382848134332146,
            "c6_ii": 34.88642186622341,
            "c8_ii": 917.6867274684289,
            "c10_ii": 30244.536450062686,
            "slater_b_init": 36.7301717489477
        },
        {
            "index": 1,
            "element": "O",
            "charge": -0.4077968727852621,
            "dipole": [
                0.10837859786558222,
                -0.01384338664215377,
                -0.004724233168115235
            ],
            "quadrupole": [
                [
                    -4.023854567279322,
                    -4.111112358411894,
                    -0.0018912655600357151
                ],
                [
                    -4.111112358411894,
                    -0.006024473497920546,
                    -4.066804268057936
                ],
                [
                    -0.0018912655600357151,
                    -4.066804268057936,
                    -0.0009886390606682783
                ]
            ],
            "volume_eff": 23.125222072371418,
            "alpha_iso": 6.899237524353904,
            "c6_ii": 25.464741540201185,
            "c8_ii": 1037.8788424313168,
            "c10_ii": 40734.616203460035,
            "slater_b_init": 34.09829091507237
        },
        {
            "index": 2,
            "element": "C",
            "charge": 1.001140978494865,
            "dipole": [
                -0.004682550225842592,
                -0.04147019928118239,
                -0.000825340244015151
            ],
            "quadrupole": [
                [
                    -2.8665189623520253,
                    -2.9112353283772077,
                    -0.003887026427382472
                ],
                [
                    -2.9112353283772077,
                    -0.005154906280257951,
                    -2.7370739576886094
                ],
                [
                    -0.003887026427382472,
                    -2.7370739576886094,
                    0.0049731918797163875
                ]
            ],
            "volume_eff": 19.032894669029144,
            "alpha_iso": 5.978919791318056,
            "c6_ii": 11.56828232770338,
            "c8_ii": 210.62554977498436,
            "c10_ii": 4804.715579020329,
            "slater_b_init": 44.14900131421809
        },
        {
            "index": 3,
            "element": "O",
            "charge": -0.6450934372130845,
            "dipole": [
                0.030265187331602748,
                0.16446144326990714,
                0.0026022920644435633
            ],
            "quadrupole": [
                [
                    -4.490758728877324,
                    -4.464236415756173,
                    -0.001727190060922931
                ],
                [
                    -4.464236415756173,
                    0.004875442129802365,
                    -4.382081575465605
                ],
                [
                    -0.001727190060922931,
                    -4.382081575465605,
                    0.004245162119242242
                ]
            ],
            "volume_eff": 26.123890360124644,
            "alpha_iso": 7.793867842247132,
            "c6_ii": 32.49699124491281,
            "c8_ii": 1436.652831751183,
            "c10_ii": 61160.36898104989,
            "slater_b_init": 32.740248009125885
        },
        {
            "index": 4,
            "element": "O",
            "charge": -0.41566661440910657,
            "dipole": [
                -0.10843117730871515,
                0.01296449421239357,
                0.003599501117146789
            ],
            "quadrupole": [
                [
                    -4.023093280131107,
                    -4.1167625660997125,
                    -0.0001263240356851392
                ],
                [
                    -4.1167625660997125,
                    -0.02714459876706828,
                    -4.086702805222033
                ],
                [
                    -0.0001263240356851392,
                    -4.086702805222033,
                    -0.002993829067613592
                ]
            ],
            "volume_eff": 23.205173910453087,
            "alpha_iso": 6.923090558919706,
            "c6_ii": 25.641126647367944,
            "c8_ii": 1047.4752425017357,
            "c10_ii": 41205.957865659206,
            "slater_b_init": 34.05908474415227
        },
        {
            "index": 5,
            "element": "C",
            "charge": 0.0060550635694784916,
            "dipole": [
                0.08332688100408377,
                -0.1260841007537954,
                -0.005611124837181465
            ],
            "quadrupole": [
                [
                    -4.279731143093579,
                    -4.313621690036905,
                    0.0033885006765505456
                ],
                [
                    -4.313621690036905,
                    -0.12305497947673524,
                    -4.299753710730546
                ],
                [
                    0.0033885006765505456,
                    -4.299753710730546,
                    -0.0041375533790678
                ]
            ],
            "volume_eff": 31.23065914912078,
            "alpha_iso": 9.810678266739512,
            "c6_ii": 31.147377883971764,
            "c8_ii": 788.9470718883169,
            "c10_ii": 25037.36987838205,
            "slater_b_init": 37.43077177687234
        },
        {
            "index": 6,
            "element": "C",
            "charge": 0.00605515416836333,
            "dipole": [
                -0.08332700437697992,
                0.1260841714078001,
                0.005611089450112827
            ],
            "quadrupole": [
                [
                    -4.279731138124419,
                    -4.313621682023744,
                    0.0033884263617048795
                ],
                [
                    -4.313621682023744,
                    -0.12305491280689773,
                    -4.29975393023933
                ],
                [
                    0.0033884263617048795,
                    -4.29975393023933,
                    -0.004137469054468292
                ]
            ],
            "volume_eff": 31.230660263302152,
            "alpha_iso": 9.81067861674413,
            "c6_ii": 31.147380106392283,
            "c8_ii": 788.9471469453438,
            "c10_ii": 25037.37285581652,
            "slater_b_init": 37.43077133174706
        },
        {
            "index": 7,
            "element": "O",
            "charge": -0.4156667579308735,
            "dipole": [
                0.10843127075206933,
                -0.012964580570981805,
                -0.00359945630320198
            ],
            "quadrupole": [
                [
                    -4.02309291370356,
                    -4.116762386605946,
                    -0.0001263044508054989
                ],
                [
                    -4.116762386605946,
                    -0.027144609611034674,
                    -4.086702316883566
                ],
                [
                    -0.0001263044508054989,
                    -4.086702316883566,
                    -0.0029937163306087105
                ]
            ],
            "volume_eff": 23.205170489770495,
            "alpha_iso": 6.923089538384567,
            "c6_ii": 25.641119087834067,
            "c8_ii": 1047.4748307452999,
            "c10_ii": 41205.937618381715,
            "slater_b_init": 34.0590864177062
        },
        {
            "index": 8,
            "element": "C",
            "charge": 1.0011417806115315,
            "dipole": [
                0.004682503064562664,
                0.0414701654551923,
                0.0008252617788814081
            ],
            "quadrupole": [
                [
                    -2.8665170556772024,
                    -2.9112334633825325,
                    -0.0038870362055902323
                ],
                [
                    -2.9112334633825325,
                    -0.005154884838449372,
                    -2.7370721991102367
                ],
                [
                    -0.0038870362055902323,
                    -2.7370721991102367,
                    0.0049731513713428726
                ]
            ],
            "volume_eff": 19.03287812102924,
            "alpha_iso": 5.978914592993477,
            "c6_ii": 11.56826221180877,
            "c8_ii": 210.62506143741743,
            "c10_ii": 4804.701654294446,
            "slater_b_init": 44.14901410922564
        },
        {
            "index": 9,
            "element": "O",
            "charge": -0.6450941324429564,
            "dipole": [
                -0.030264957634511955,
                -0.1644614134642781,
                -0.002602698073509923
            ],
            "quadrupole": [
                [
                    -4.490759437835915,
                    -4.464237180687628,
                    -0.001727167321653506
                ],
                [
                    -4.464237180687628,
                    0.00487539989673414,
                    -4.382082587380302
                ],
                [
                    -0.001727167321653506,
                    -4.382082587380302,
                    0.004245233533566085
                ]
            ],
            "volume_eff": 26.123896688373204,
            "alpha_iso": 7.79386973023289,
            "c6_ii": 32.49700698905047,
            "c8_ii": 1436.6537597904016,
            "c10_ii": 61160.418366002516,
            "slater_b_init": 32.740245365461526
        },
        {
            "index": 10,
            "element": "O",
            "charge": -0.40779691220449976,
            "dipole": [
                -0.10837862306916309,
                0.01384337953241022,
                0.004723900061159232
            ],
            "quadrupole": [
                [
                    -4.0238541962989895,
                    -4.111112213963551,
                    -0.0018913195330466598
                ],
                [
                    -4.111112213963551,
                    -0.006024398765873954,
                    -4.066803946922112
                ],
                [
                    -0.0018913195330466598,
                    -4.066803946922112,
                    -0.000988508423979412
                ]
            ],
            "volume_eff": 23.125219575150332,
            "alpha_iso": 6.8992367793266185,
            "c6_ii": 25.464736040484386,
            "c8_ii": 1037.8785435584882,
            "c10_ii": 40734.60154077853,
            "slater_b_init": 34.09829214246206
        },
        {
            "index": 11,
            "element": "C",
            "charge": -0.11622763956198767,
            "dipole": [
                0.14923557302404286,
                0.07684043964414099,
                -0.00312615412089614
            ],
            "quadrupole": [
                [
                    -4.451657246935587,
                    -4.541443972740523,
                    -0.0029722269916108114
                ],
                [
                    -4.541443972740523,
                    0.08175664865546844,
                    -4.545200346598482
                ],
                [
                    -0.0029722269916108114,
                    -4.545200346598482,
                    -0.0009058569424709126
                ]
            ],
            "volume_eff": 33.05207355335628,
            "alpha_iso": 10.38285033089726,
            "c6_ii": 34.8864366271646,
            "c8_ii": 917.6872451835375,
            "c10_ii": 30244.557778221457,
            "slater_b_init": 36.73016915877201
        },
        {
            "index": 12,
            "element": "H",
            "charge": 0.11439861066193124,
            "dipole": [
                0.006259815574387604,
                0.03134635499461617,
                0.05403190910818459
            ],
            "quadrupole": [
                [
                    -0.4950398697890523,
                    -0.5169214181843654,
                    -0.0004931287610324688
                ],
                [
                    -0.5169214181843654,
                    0.009110585321607889,
                    -0.5133927476261707
                ],
                [
                    -0.0004931287610324688,
                    -0.5133927476261707,
                    -0.005554063627732973
                ]
            ],
            "volume_eff": 2.8676018425604335,
            "alpha_iso": 0.9151920774129043,
            "c6_ii": 0.2688517284264572,
            "c8_ii": 1.7794522912150699,
            "c10_ii": 16.255488286353092,
            "slater_b_init": 68.01845223266666
        },
        {
            "index": 13,
            "element": "H",
            "charge": 0.11450179171193198,
            "dipole": [
                0.0025897179738823186,
                0.03390680622243385,
                -0.05266431508181918
            ],
            "quadrupole": [
                [
                    -0.4942854371139343,
                    -0.5169014092649167,
                    -0.00019873138289074548
                ],
                [
                    -0.5169014092649167,
                    0.00879015489612312,
                    -0.5138113327427355
                ],
                [
                    -0.00019873138289074548,
                    -0.5138113327427355,
                    0.004617240208299016
                ]
            ],
            "volume_eff": 2.867033345259055,
            "alpha_iso": 0.9150106421039537,
            "c6_ii": 0.268745140175935,
            "c8_ii": 1.7785117173950875,
            "c10_ii": 16.244748692174127,
            "slater_b_init": 68.02294767520807
        },
        {
            "index": 14,
            "element": "H",
            "charge": 0.11943898840823852,
            "dipole": [
                0.03531191446308664,
                -0.05030615025568587,
                -0.002489786243136874
            ],
            "quadrupole": [
                [
                    -0.48370151294515956,
                    -0.49890764437309415,
                    -0.0002895304227866833
                ],
                [
                    -0.49890764437309415,
                    0.010668160668831911,
                    -0.5078643015546797
                ],
                [
                    -0.0002895304227866833,
                    -0.5078643015546797,
                    -0.0004323262698819241
                ]
            ],
            "volume_eff": 2.7683556112536833,
            "alpha_iso": 0.8835177482724522,
            "c6_ii": 0.2505641222138646,
            "c8_ii": 1.6199231751186693,
            "c10_ii": 14.454734094618502,
            "slater_b_init": 68.82175394227414
        },
        {
            "index": 15,
            "element": "H",
            "charge": 0.1124914891332689,
            "dipole": [
                -0.0029253756232582844,
                0.03322100558273807,
                -0.05341423652926924
            ],
            "quadrupole": [
                [
                    -0.492920030087703,
                    -0.506573637815614,
                    0.004005617032630516
                ],
                [
                    -0.506573637815614,
                    -0.008470001288398393,
                    -0.5090734120583215
                ],
                [
                    0.004005617032630516,
                    -0.5090734120583215,
                    -0.001999010338077825
                ]
            ],
            "volume_eff": 2.8190779615422508,
            "alpha_iso": 0.8997057324071014,
            "c6_ii": 0.2598300065195206,
            "c8_ii": 1.7002846880437108,
            "c10_ii": 15.356566981986466,
            "slater_b_init": 68.4064941665804
        },
        {
            "index": 16,
            "element": "H",
            "charge": 0.11256816294425864,
            "dipole": [
                0.0008534846603731658,
                0.030512035710977933,
                0.05497130932226861
            ],
            "quadrupole": [
                [
                    -0.4926590568260492,
                    -0.5060341436561829,
                    -0.0031046965481554938
                ],
                [
                    -0.5060341436561829,
                    -0.008904707472603322,
                    -0.5095825749004306
                ],
                [
                    -0.0031046965481554938,
                    -0.5095825749004306,
                    0.00036200160814835587
                ]
            ],
            "volume_eff": 2.818527590741077,
            "alpha_iso": 0.8995300821514075,
            "c6_ii": 0.25972856279108975,
            "c8_ii": 1.6993996376170717,
            "c10_ii": 15.346575675970875,
            "slater_b_init": 68.41094643057264
        },
        {
            "index": 17,
            "element": "H",
            "charge": 0.11249143592871047,
            "dipole": [
                0.0029252317081224755,
                -0.03322105005710722,
                0.053414217880146046
            ],
            "quadrupole": [
                [
                    -0.4929200707953696,
                    -0.5065736957008923,
                    0.00400559142913467
                ],
                [
                    -0.5065736957008923,
                    -0.008469997399212418,
                    -0.5090735014738152
                ],
                [
                    0.00400559142913467,
                    -0.5090735014738152,
                    -0.00199899895492776
                ]
            ],
            "volume_eff": 2.819078416206757,
            "alpha_iso": 0.8997058775127948,
            "c6_ii": 0.25983009033096016,
            "c8_ii": 1.7002854193080579,
            "c10_ii": 15.356575237744027,
            "slater_b_init": 68.40649048901844
        },
        {
            "index": 18,
            "element": "H",
            "charge": 0.11256812540217676,
            "dipole": [
                -0.0008534073475696038,
                -0.030512138103115913,
                -0.05497128259448311
            ],
            "quadrupole": [
                [
                    -0.4926593645106393,
                    -0.506034469465709,
                    -0.0031047072936692156
                ],
                [
                    -0.506034469465709,
                    -0.008904685919703592,
                    -0.5095829072731656
                ],
                [
                    -0.0031047072936692156,
                    -0.5095829072731656,
                    0.00036201226485845287
                ]
            ],
            "volume_eff": 2.818530297587038,
            "alpha_iso": 0.8995309460384164,
            "c6_ii": 0.25972906166543186,
            "c8_ii": 1.6994039897870885,
            "c10_ii": 15.346624804297155,
            "slater_b_init": 68.41092453051199
        },
        {
            "index": 19,
            "element": "H",
            "charge": 0.11439866604327631,
            "dipole": [
                -0.006259891425031837,
                -0.03134571530118878,
                -0.054032226032788476
            ],
            "quadrupole": [
                [
                    -0.4950395329034415,
                    -0.5169209677757921,
                    -0.0004931205902274892
                ],
                [
                    -0.5169209677757921,
                    0.009110650568337382,
                    -0.5133924644428716
                ],
                [
                    -0.0004931205902274892,
                    -0.5133924644428716,
                    -0.005554031355973845
                ]
            ],
            "volume_eff": 2.867598776435777,
            "alpha_iso": 0.9151910988624821,
            "c6_ii": 0.268851153498334,
            "c8_ii": 1.7794472175049494,
            "c10_ii": 16.2554303502634,
            "slater_b_init": 68.01847647513053
        },
        {
            "index": 20,
            "element": "H",
            "charge": 0.11943902724487943,
            "dipole": [
                -0.035312040270771415,
                0.050306056402936526,
                0.002490863361723711
            ],
            "quadrupole": [
                [
                    -0.48370172986208687,
                    -0.4989078185866384,
                    -0.0002894070298887379
                ],
                [
                    -0.4989078185866384,
                    0.010668173058770039,
                    -0.5078645019520499
                ],
                [
                    -0.0002894070298887379,
                    -0.5078645019520499,
                    -0.0004322673147858003
                ]
            ],
            "volume_eff": 2.7683573128204597,
            "alpha_iso": 0.8835182913256786,
            "c6_ii": 0.25056443023189157,
            "c8_ii": 1.6199258302774262,
            "c10_ii": 14.454763709928553,
            "slater_b_init": 68.82173984187443
        },
        {
            "index": 21,
            "element": "H",
            "charge": 0.11450181112883984,
            "dipole": [
                -0.0025896256386184423,
                -0.03390761102153721,
                0.05266393468683497
            ],
            "quadrupole": [
                [
                    -0.49428585993161367,
                    -0.5169018124997962,
                    -0.00019872742680792093
                ],
                [
                    -0.5169018124997962,
                    0.00879011940825838,
                    -0.513811746000362
                ],
                [
                    -0.00019872742680792093,
                    -0.513811746000362,
                    0.004617306300045553
                ]
            ],
            "volume_eff": 2.8670370087974857,
            "alpha_iso": 0.9150118113183465,
            "c6_ii": 0.26874582698955696,
            "c8_ii": 1.7785177776924332,
            "c10_ii": 16.244817884893205,
            "slater_b_init": 68.02291870165008
        }
    ]
}