{
    "molecule": "FRAG_CCOCC",
    "atoms": [
        {
            "index": 0,
            "element": "C",
            "charge": -0.4883738296677569,
            "dipole": [
                -0.046114903004356854,
                -0.02761390965269972,
                -0.004202799728568532
            ],
            "quadrupole": [
                [
                    -5.175988669911299,
                    -5.217192445683006,
                    -0.011861869056737785
                ],
                [
                    -5.217192445683006,
                    -0.05503155577757057,
                    -5.165196326534089
                ],
                [
                    -0.011861869056737785,
                    -5.165196326534089,
                    -0.007375589790148887
                ]
            ],
            "volume_eff": 39.304403535105166,
            "alpha_iso": 12.346933047677012,
            "c6_ii": 49.333463992124685,
            "c8_ii": 1456.60353893326,
            "c10_ii": 53883.471814961136,
            "slater_b_init": 34.66906229495335
        },
        {
            "index": 1,
            "element": "C",
            "charge": 0.10583309887203729,
            "dipole": [
                -0.07544115457675606,
                0.11247727833242821,
                0.008302951316520483
            ],
            "quadrupole": [
                [
                    -4.15444992525877,
                    -4.2807497966314845,
                    -0.01880790568744519
                ],
                [
                    -4.2807497966314845,
                    -0.071377260030013,
                    -4.157836747229383
                ],
                [
                    -0.01880790568744519,
                    -4.157836747229383,
                    -0.009363529645963492
                ]
            ],
            "volume_eff": 30.648371886715655,
            "alpha_iso": 9.627760802109629,
            "c6_ii": 29.99673651193723,
            "c8_ii": 750.3281221095777,
            "c10_ii": 23514.8871794552,
            "slater_b_init": 37.66633480591962
        },
        {
            "index": 2,
            "element": "O",
            "charge": -0.36843246203341806,
            "dipole": [
                0.00718775647544566,
                -0.05468289701921333,
                -0.0048986221710129955
            ],
            "quadrupole": [
                [
                    -3.9429995109979283,
                    -4.118294468235169,
                    0.00034025282354738104
                ],
                [
                    -4.118294468235169,
                    0.026446047086287002,
                    -4.120289525235541
                ],
                [
                    0.00034025282354738104,
                    -4.120289525235541,
                    0.008843010150143374
                ]
            ],
            "volume_eff": 23.2063227669487,
            "alpha_iso": 6.923433311686352,
            "c6_ii": 25.643665624600295,
            "c8_ii": 1047.6135390604127,
            "c10_ii": 41212.758427600136,
            "slater_b_init": 34.05852268976645
        },
        {
            "index": 3,
            "element": "C",
            "charge": 0.1152135975437858,
            "dipole": [
                0.04089370741635139,
                0.13091992805518002,
                0.015067543649945081
            ],
            "quadrupole": [
                [
                    -4.177837352246501,
                    -4.206893149968655,
                    -0.004002462541128937
                ],
                [
                    -4.206893149968655,
                    0.09417183360554866,
                    -4.136830681506693
                ],
                [
                    -0.004002462541128937,
                    -4.136830681506693,
                    0.006865474397009903
                ]
            ],
            "volume_eff": 30.413553784001362,
            "alpha_iso": 9.553995953089432,
            "c6_ii": 29.53884640346427,
            "c8_ii": 735.0957643493222,
            "c10_ii": 22919.69161164526,
            "slater_b_init": 37.763024936800704
        },
        {
            "index": 4,
            "element": "C",
            "charge": -0.4900309880670486,
            "dipole": [
                0.05390817618708667,
                -0.01309326181293296,
                0.00045097562521303016
            ],
            "quadrupole": [
                [
                    -5.20801756008917,
                    -5.189646896880209,
                    -0.0004438638264339531
                ],
                [
                    -5.189646896880209,
                    0.054187760440596026,
                    -5.165861778194557
                ],
                [
                    -0.0004438638264339531,
                    -5.165861778194557,
                    0.00454805107579347
                ]
            ],
            "volume_eff": 39.316133513251216,
            "alpha_iso": 12.350617857565826,
            "c6_ii": 49.362914473644956,
            "c8_ii": 1457.7630478387186,
            "c10_ii": 53937.09363053958,
            "slater_b_init": 34.66561411090839
        },
        {
            "index": 5,
            "element": "H",
            "charge": 0.14466674894779963,
            "dipole": [
                0.039688374551256476,
                -0.02356371501538623,
                -0.0008157006908445073
            ],
            "quadrupole": [
                [
                    -0.49687810296617907,
                    -0.48507531562701733,
                    0.0011314027923599258
                ],
                [
                    -0.48507531562701733,
                    0.006230161827520572,
                    -0.4931160926033454
                ],
                [
                    0.0011314027923599258,
                    -0.4931160926033454,
                    0.00046146239197444156
                ]
            ],
            "volume_eff": 2.7764509575560834,
            "alpha_iso": 0.8861013694327926,
            "c6_ii": 0.2520316859219436,
            "c8_ii": 1.6325861114466833,
            "c10_ii": 14.596112621289052,
            "slater_b_init": 68.75480056638861
        },
        {
            "index": 6,
            "element": "H",
            "charge": 0.1492070792570679,
            "dipole": [
                -0.015508170843515658,
                0.019414743708872192,
                0.03865104720549257
            ],
            "quadrupole": [
                [
                    -0.48133255871466146,
                    -0.4852871435076283,
                    -0.004956058092807339
                ],
                [
                    -0.4852871435076283,
                    0.005411455168699652,
                    -0.4914256470707424
                ],
                [
                    -0.004956058092807339,
                    -0.4914256470707424,
                    -0.001231720437105283
                ]
            ],
            "volume_eff": 2.737713933165939,
            "alpha_iso": 0.8737384893082785,
            "c6_ii": 0.2450480572860065,
            "c8_ii": 1.5725492528297904,
            "c10_ii": 13.928277292811044,
            "slater_b_init": 69.07756287064896
        },
        {
            "index": 7,
            "element": "H",
            "charge": 0.14878339093128767,
            "dipole": [
                -0.01265025146061426,
                0.027547353468384675,
                -0.03514028100276725
            ],
            "quadrupole": [
                [
                    -0.48227385980365817,
                    -0.4889272028414262,
                    0.0065838888977400945
                ],
                [
                    -0.4889272028414262,
                    0.004667879837302556,
                    -0.4890374436950054
                ],
                [
                    0.0065838888977400945,
                    -0.4890374436950054,
                    0.002765470488609949
                ]
            ],
            "volume_eff": 2.7439287904537584,
            "alpha_iso": 0.8757219544001357,
            "c6_ii": 0.2461618824305954,
            "c8_ii": 1.5820868130575578,
            "c10_ii": 14.033951520664626,
            "slater_b_init": 69.02537107367269
        },
        {
            "index": 8,
            "element": "H",
            "charge": 0.059347395455082275,
            "dipole": [
                0.011524101654175516,
                -0.011240846220393924,
                -0.05865905762902022
            ],
            "quadrupole": [
                [
                    -0.5467532574064577,
                    -0.5730651461488739,
                    -0.010738910899849088
                ],
                [
                    -0.5730651461488739,
                    -0.004592620650221815,
                    -0.57826341161966
                ],
                [
                    -0.010738910899849088,
                    -0.57826341161966,
                    0.0004873203936309333
                ]
            ],
            "volume_eff": 3.2934288930919684,
            "alpha_iso": 1.051094327582543,
            "c6_ii": 0.35462693114050814,
            "c8_ii": 2.5741362065171667,
            "c10_ii": 25.788820995734422,
            "slater_b_init": 64.95066447620026
        },
        {
            "index": 9,
            "element": "H",
            "charge": 0.05899829966255954,
            "dipole": [
                0.007100722127097975,
                -0.023623479458471305,
                0.05593665048185288
            ],
            "quadrupole": [
                [
                    -0.5474669324153423,
                    -0.5789278938764589,
                    0.010948461762923677
                ],
                [
                    -0.5789278938764589,
                    -0.005265939488793125,
                    -0.5739030654528278
                ],
                [
                    0.010948461762923677,
                    -0.5739030654528278,
                    0.00048109719709754764
                ]
            ],
            "volume_eff": 3.3002864589659433,
            "alpha_iso": 1.0532829124359395,
            "c6_ii": 0.3561052744983692,
            "c8_ii": 2.5884539711682537,
            "c10_ii": 25.968247512199103,
            "slater_b_init": 64.9056469381599
        },
        {
            "index": 10,
            "element": "H",
            "charge": 0.05727808303165083,
            "dipole": [
                -0.006047633863995097,
                -0.025535392681045568,
                0.05555634411948919
            ],
            "quadrupole": [
                [
                    -0.5541086358238628,
                    -0.5753729187353103,
                    0.011453662128233072
                ],
                [
                    -0.5753729187353103,
                    0.012003472029774448,
                    -0.5760368039200137
                ],
                [
                    0.011453662128233072,
                    -0.5760368039200137,
                    -0.001247945137284711
                ]
            ],
            "volume_eff": 3.3117800192138285,
            "alpha_iso": 1.0569510699618603,
            "c6_ii": 0.35858993421767343,
            "c8_ii": 2.612562552664275,
            "c10_ii": 26.27093050718791,
            "slater_b_init": 64.83047471222903
        },
        {
            "index": 11,
            "element": "H",
            "charge": 0.05750283729744776,
            "dipole": [
                -0.0014871076841155991,
                -0.013192991292854095,
                -0.059818164278006014
            ],
            "quadrupole": [
                [
                    -0.5544458385279094,
                    -0.5705545538167806,
                    -0.008931922877452945
                ],
                [
                    -0.5705545538167806,
                    0.012082920345283448,
                    -0.5798240045985094
                ],
                [
                    -0.008931922877452945,
                    -0.5798240045985094,
                    0.005426338299657887
                ]
            ],
            "volume_eff": 3.3106440715620677,
            "alpha_iso": 1.0565885334772558,
            "c6_ii": 0.3583439821724206,
            "c8_ii": 2.6101735968266033,
            "c10_ii": 26.24090590666348,
            "slater_b_init": 64.83788873828325
        },
        {
            "index": 12,
            "element": "H",
            "charge": 0.14450259261095066,
            "dipole": [
                -0.03125414722590155,
                -0.03379609194014294,
                -0.0049043973807667025
            ],
            "quadrupole": [
                [
                    -0.4923501603777397,
                    -0.4900162387147631,
                    -0.00020983099456746196
                ],
                [
                    -0.4900162387147631,
                    -0.008505436851192502,
                    -0.493765742524922
                ],
                [
                    -0.00020983099456746196,
                    -0.493765742524922,
                    -0.0009711953010843259
                ]
            ],
            "volume_eff": 2.7790359159569116,
            "alpha_iso": 0.8869263561564612,
            "c6_ii": 0.2525012023749311,
            "c8_ii": 1.6366425534553215,
            "c10_ii": 14.641459894033636,
            "slater_b_init": 68.73347621282811
        },
        {
            "index": 13,
            "element": "H",
            "charge": 0.14875921023276473,
            "dipole": [
                0.008013791140482797,
                0.030480963547294983,
                -0.034012693662727383
            ],
            "quadrupole": [
                [
                    -0.479590682801996,
                    -0.490811310385645,
                    0.005299673297917798
                ],
                [
                    -0.490811310385645,
                    -0.002498308810573719,
                    -0.4899713784658114
                ],
                [
                    0.005299673297917798,
                    -0.4899713784658114,
                    -0.003620631256970557
                ]
            ],
            "volume_eff": 2.743942782447648,
            "alpha_iso": 0.8757264199301005,
            "c6_ii": 0.2461643929216464,
            "c8_ii": 1.5821083263885307,
            "c10_ii": 14.034190064430534,
            "slater_b_init": 69.02525374807124
        },
        {
            "index": 14,
            "element": "H",
            "charge": 0.1490859032237185,
            "dipole": [
                0.005120314569093594,
                0.022480837449344874,
                0.0398641678936345
            ],
            "quadrupole": [
                [
                    -0.4798520351305927,
                    -0.48815891693510244,
                    -0.004850306737025761
                ],
                [
                    -0.48815891693510244,
                    -0.0029341201149957158,
                    -0.49122610661183963
                ],
                [
                    -0.004850306737025761,
                    -0.49122610661183963,
                    0.0037434006447138084
                ]
            ],
            "volume_eff": 2.741611952450116,
            "alpha_iso": 0.8749825380159945,
            "c6_ii": 0.24574636404513203,
            "c8_ii": 1.5785270897353718,
            "c10_ii": 13.994491829124087,
            "slater_b_init": 69.04480922163157
        }
    ]
}