{
    "molecule": "DMC",
    "atoms": [
        {
            "index": 0,
            "element": "C",
            "charge": -0.0990768353234035,
            "dipole": [
                0.14332283461153478,
                0.0038321123018729497,
                0.09719178684866712
            ],
            "quadrupole": [
                [
                    -4.428320524362839,
                    -4.515397371031839,
                    -0.0028650883061221806
                ],
                [
                    -4.515397371031839,
                    0.007789180422308979,
                    -4.48516921359549
                ],
                [
                    -0.0028650883061221806,
                    -4.48516921359549,
                    0.0912560226756664
                ]
            ],
            "volume_eff": 32.7162787865403,
            "alpha_iso": 10.27736506383465,
            "c6_ii": 34.18117528984952,
            "c8_ii": 893.0351124862188,
            "c10_ii": 29232.404396254286,
            "slater_b_init": 36.8554058975027
        },
        {
            "index": 1,
            "element": "O",
            "charge": -0.41334330093028804,
            "dipole": [
                -0.10829528532989918,
                0.009377423724310848,
                -0.0011721945619646912
            ],
            "quadrupole": [
                [
                    -4.026452729588146,
                    -4.0795059416922905,
                    -0.007908899976460996
                ],
                [
                    -4.0795059416922905,
                    -0.003037010871659945,
                    -4.120904379581295
                ],
                [
                    -0.007908899976460996,
                    -4.120904379581295,
                    0.009577163209179992
                ]
            ],
            "volume_eff": 23.19404015753194,
            "alpha_iso": 6.919768886777485,
            "c6_ii": 25.61652752277276,
            "c8_ii": 1046.1355794154247,
            "c10_ii": 41140.09321491315,
            "slater_b_init": 34.064533626302584
        },
        {
            "index": 2,
            "element": "C",
            "charge": 1.0083523278421458,
            "dipole": [
                2.006696231063133e-07,
                0.006568055071156023,
                0.03862157283471476
            ],
            "quadrupole": [
                [
                    -2.846919220742889,
                    -2.7303306225639377,
                    -0.027179765642034375
                ],
                [
                    -2.7303306225639377,
                    0.011313325936483465,
                    -2.885057183497193
                ],
                [
                    -0.027179765642034375,
                    -2.885057183497193,
                    -0.003993664109914087
                ]
            ],
            "volume_eff": 18.87337771520321,
            "alpha_iso": 5.928809753466976,
            "c6_ii": 11.375184620310554,
            "c8_ii": 205.95095886244732,
            "c10_ii": 4671.793544844325,
            "slater_b_init": 44.27303432950934
        },
        {
            "index": 3,
            "element": "O",
            "charge": -0.6521248850778427,
            "dipole": [
                -0.005103656114381901,
                -0.02700692385868863,
                -0.16422190194820374
            ],
            "quadrupole": [
                [
                    -4.499824421012338,
                    -4.397807692968349,
                    -0.012742881523960845
                ],
                [
                    -4.397807692968349,
                    0.009919210453683916,
                    -4.4754247471502335
                ],
                [
                    -0.012742881523960845,
                    -4.4754247471502335,
                    0.0007079967154846723
                ]
            ],
            "volume_eff": 26.22129761436244,
            "alpha_iso": 7.8229285700307845,
            "c6_ii": 32.73978388285804,
            "c8_ii": 1450.982049614042,
            "c10_ii": 61923.83645730138,
            "slater_b_init": 32.69965638907537
        },
        {
            "index": 4,
            "element": "O",
            "charge": -0.40557141516644535,
            "dipole": [
                0.11008771393866351,
                -0.012247396191684702,
                -0.013377694057798848
            ],
            "quadrupole": [
                [
                    -3.999648180672534,
                    -4.071173599597001,
                    -0.003465799365949866
                ],
                [
                    -4.071173599597001,
                    -0.009373748219917188,
                    -4.103723564850662
                ],
                [
                    -0.003465799365949866,
                    -4.103723564850662,
                    -0.01625413151685948
                ]
            ],
            "volume_eff": 23.044022112993176,
            "alpha_iso": 6.875012122108461,
            "c6_ii": 25.28622600118509,
            "c8_ii": 1028.1890687099728,
            "c10_ii": 40259.79259470046,
            "slater_b_init": 34.138294552009754
        },
        {
            "index": 5,
            "element": "C",
            "charge": -0.10161226108245991,
            "dipole": [
                -0.13709214653717408,
                0.028954968702707702,
                0.10128959051665083
            ],
            "quadrupole": [
                [
                    -4.444935508855942,
                    -4.514232036637358,
                    0.014302902195076147
                ],
                [
                    -4.514232036637358,
                    -0.021153479936941368,
                    -4.483766302214582
                ],
                [
                    0.014302902195076147,
                    -4.483766302214582,
                    -0.09231222539720153
                ]
            ],
            "volume_eff": 32.760618980915886,
            "alpha_iso": 10.291293920706561,
            "c6_ii": 34.27388919587865,
            "c8_ii": 896.2662937931073,
            "c10_ii": 29364.67506300238,
            "slater_b_init": 36.83877094847942
        },
        {
            "index": 6,
            "element": "H",
            "charge": 0.1090758058975575,
            "dipole": [
                0.004371160540936626,
                0.048218035638639266,
                -0.04226105737989018
            ],
            "quadrupole": [
                [
                    -0.5032308954027301,
                    -0.521607767980463,
                    9.751693818182824e-05
                ],
                [
                    -0.521607767980463,
                    0.005549382577165937,
                    -0.520813404361964
                ],
                [
                    9.751693818182824e-05,
                    -0.520813404361964,
                    0.010633208602520277
                ]
            ],
            "volume_eff": 2.9184602212719453,
            "alpha_iso": 0.9314234748740251,
            "c6_ii": 0.2784727398544012,
            "c8_ii": 1.8648596629584138,
            "c10_ii": 17.236527543664817,
            "slater_b_init": 67.62102810616356
        },
        {
            "index": 7,
            "element": "H",
            "charge": 0.10914793924713584,
            "dipole": [
                -0.005008294103058397,
                -0.05940750306112698,
                -0.023854441376994384
            ],
            "quadrupole": [
                [
                    -0.5047298602453373,
                    -0.5206131753960404,
                    -0.0018283531401706516
                ],
                [
                    -0.5206131753960404,
                    -0.0044005553772801425,
                    -0.519980638257621
                ],
                [
                    -0.0018283531401706516,
                    -0.519980638257621,
                    0.012420330232417747
                ]
            ],
            "volume_eff": 2.9175889932445904,
            "alpha_iso": 0.9311454233759332,
            "c6_ii": 0.2783065035348468,
            "c8_ii": 1.8633754886755158,
            "c10_ii": 17.219381839665083,
            "slater_b_init": 67.62775826040519
        },
        {
            "index": 8,
            "element": "H",
            "charge": 0.11482134446201586,
            "dipole": [
                -0.040764065745684995,
                0.011323877451676907,
                0.04507043954903615
            ],
            "quadrupole": [
                [
                    -0.49110094821880523,
                    -0.5131445155790355,
                    0.0007646567684396667
                ],
                [
                    -0.5131445155790355,
                    0.00021221890780751535,
                    -0.5017840822930922
                ],
                [
                    0.0007646567684396667,
                    -0.5017840822930922,
                    0.012263088180709503
                ]
            ],
            "volume_eff": 2.8062313600242863,
            "alpha_iso": 0.8956057531992403,
            "c6_ii": 0.25746729992904993,
            "c8_ii": 1.6797011114857978,
            "c10_ii": 15.124537242515425,
            "slater_b_init": 68.51072094600434
        },
        {
            "index": 9,
            "element": "H",
            "charge": 0.1149560787791215,
            "dipole": [
                0.0439788352061245,
                0.003483679856171678,
                0.04325522343900442
            ],
            "quadrupole": [
                [
                    -0.4926645732743892,
                    -0.5124350346315496,
                    0.003074228832378434
                ],
                [
                    -0.5124350346315496,
                    -0.0038504216471248413,
                    -0.5007891787705427
                ],
                [
                    0.003074228832378434,
                    -0.5007891787705427,
                    -0.012088316183120592
                ]
            ],
            "volume_eff": 2.8057638202690396,
            "alpha_iso": 0.8954565383837361,
            "c6_ii": 0.2573815150060342,
            "c8_ii": 1.6789549453859167,
            "c10_ii": 15.116139327135416,
            "slater_b_init": 68.51452617323484
        },
        {
            "index": 10,
            "element": "H",
            "charge": 0.10994767872335487,
            "dipole": [
                0.0027418191776289904,
                0.04790309836895111,
                -0.041696724569436745
            ],
            "quadrupole": [
                [
                    -0.5055351023516084,
                    -0.5178785053964472,
                    0.0020681568891035705
                ],
                [
                    -0.5178785053964472,
                    -0.008401528074003232,
                    -0.518385355177836
                ],
                [
                    0.0020681568891035705,
                    -0.518385355177836,
                    -0.011115473244488104
                ]
            ],
            "volume_eff": 2.908721113317409,
            "alpha_iso": 0.9283152489310881,
            "c6_ii": 0.27661727452281093,
            "c8_ii": 1.8483106620822451,
            "c10_ii": 17.04554119542137,
            "slater_b_init": 67.696414597945
        },
        {
            "index": 11,
            "element": "H",
            "charge": 0.11005980865388709,
            "dipole": [
                -0.006814568814168122,
                -0.05855766283251553,
                -0.023468749936946906
            ],
            "quadrupole": [
                [
                    -0.5036137703799193,
                    -0.5201262129057665,
                    0.0007615086331971815
                ],
                [
                    -0.5201262129057665,
                    0.0014654613231014594,
                    -0.5177104386385661
                ],
                [
                    0.0007615086331971815,
                    -0.5177104386385661,
                    -0.013094306126110001
                ]
            ],
            "volume_eff": 2.908259626962355,
            "alpha_iso": 0.9281679660518155,
            "c6_ii": 0.2765295074484428,
            "c8_ii": 1.8475287767591284,
            "c10_ii": 17.036528266792004,
            "slater_b_init": 67.6999951264309
        }
    ]
}