{
    "molecule": "CCarb_1029",
    "atoms": [
        {
            "index": 0,
            "element": "C",
            "charge": -0.09505264866427332,
            "dipole": [
                -0.1458610424388218,
                -0.05425284529198918,
                0.025935634557783922
            ],
            "quadrupole": [
                [
                    -4.447928398544487,
                    -4.524293559261024,
                    0.009969334582720812
                ],
                [
                    -4.524293559261024,
                    0.038310065834836995,
                    -4.5630575922664205
                ],
                [
                    0.009969334582720812,
                    -4.5630575922664205,
                    -0.022486846331755416
                ]
            ],
            "volume_eff": 33.27607993851947,
            "alpha_iso": 10.453218828854283,
            "c6_ii": 35.360916173544304,
            "c8_ii": 934.3664253765933,
            "c10_ii": 30933.23921259425,
            "slater_b_init": 36.64756403335741
        },
        {
            "index": 1,
            "element": "O",
            "charge": -0.33681299223562533,
            "dipole": [
                0.03601408338644335,
                0.042374106365497946,
                -0.07467661237756748
            ],
            "quadrupole": [
                [
                    -3.9331238460890656,
                    -4.064800069730722,
                    -0.007965478114705195
                ],
                [
                    -4.064800069730722,
                    0.0019730433509030513,
                    -4.050415205592187
                ],
                [
                    -0.007965478114705195,
                    -4.050415205592187,
                    0.06697625061917196
                ]
            ],
            "volume_eff": 22.850832804179927,
            "alpha_iso": 6.817375532738763,
            "c6_ii": 24.864029588765703,
            "c8_ii": 1005.3631912080145,
            "c10_ii": 39145.69707917417,
            "slater_b_init": 34.23423057972473
        },
        {
            "index": 2,
            "element": "C",
            "charge": -0.030308500172083974,
            "dipole": [
                0.0736441032343696,
                -0.07349426953482158,
                0.11417638946486214
            ],
            "quadrupole": [
                [
                    -4.456593371259437,
                    -4.406328573259657,
                    0.0259066457207159
                ],
                [
                    -4.406328573259657,
                    -0.043699116185467506,
                    -4.4069636645560735
                ],
                [
                    0.0259066457207159,
                    -4.4069636645560735,
                    0.05310863523887041
                ]
            ],
            "volume_eff": 32.65809873821279,
            "alpha_iso": 10.259088608862656,
            "c6_ii": 34.0597131759548,
            "c8_ii": 888.8064441282572,
            "c10_ii": 29059.481618205155,
            "slater_b_init": 36.87727874904465
        },
        {
            "index": 3,
            "element": "C",
            "charge": 0.07529206177448167,
            "dipole": [
                0.019496904943302164,
                -0.13090248584890982,
                -0.008160260489921743
            ],
            "quadrupole": [
                [
                    -4.214425207183588,
                    -4.070119167926054,
                    0.024036035588453183
                ],
                [
                    -4.070119167926054,
                    -0.04211059044939051,
                    -4.202723287663491
                ],
                [
                    0.024036035588453183,
                    -4.202723287663491,
                    0.008258882358178066
                ]
            ],
            "volume_eff": 30.037364351584955,
            "alpha_iso": 9.435821262277996,
            "c6_ii": 28.812625603086392,
            "c8_ii": 711.0983335146656,
            "c10_ii": 21988.26414377145,
            "slater_b_init": 37.92002000706232
        },
        {
            "index": 4,
            "element": "O",
            "charge": -0.39307626442866983,
            "dipole": [
                0.03092871331132519,
                0.04119790716260962,
                0.07682197669154071
            ],
            "quadrupole": [
                [
                    -4.043455304426571,
                    -4.030380413683712,
                    0.04947819598175018
                ],
                [
                    -4.030380413683712,
                    0.015446868874853406,
                    -4.048881148744411
                ],
                [
                    0.04947819598175018,
                    -4.048881148744411,
                    0.007332077745074156
                ]
            ],
            "volume_eff": 22.946906029777775,
            "alpha_iso": 6.846038263027624,
            "c6_ii": 25.073543978802373,
            "c8_ii": 1016.6744885604875,
            "c10_ii": 39697.00232518501,
            "slater_b_init": 34.18638689314097
        },
        {
            "index": 5,
            "element": "C",
            "charge": 0.9560811116711179,
            "dipole": [
                -0.004046117896628835,
                0.025651648124392055,
                0.01949150030525363
            ],
            "quadrupole": [
                [
                    -2.871407870190044,
                    -2.9821591354328265,
                    -0.03988751101759401
                ],
                [
                    -2.9821591354328265,
                    0.026125958152302904,
                    -2.9633444742852846
                ],
                [
                    -0.03988751101759401,
                    -2.9633444742852846,
                    -0.029757939726407476
                ]
            ],
            "volume_eff": 20.01852101073074,
            "alpha_iso": 6.288540631643164,
            "c6_ii": 12.79744192120513,
            "c8_ii": 240.98135161835134,
            "c10_ii": 5685.362548371638,
            "slater_b_init": 43.41220407680716
        },
        {
            "index": 6,
            "element": "O",
            "charge": -0.6042502629840527,
            "dipole": [
                0.010806611478376187,
                -0.13454143800516352,
                -0.09595398347087862
            ],
            "quadrupole": [
                [
                    -4.353362781258877,
                    -4.401713725092159,
                    0.013861591403660249
                ],
                [
                    -4.401713725092159,
                    0.03617257970747766,
                    -4.418894683944246
                ],
                [
                    0.013861591403660249,
                    -4.418894683944246,
                    -0.04545389172138436
                ]
            ],
            "volume_eff": 25.7245484460015,
            "alpha_iso": 7.67472716068553,
            "c6_ii": 31.511056826441738,
            "c8_ii": 1378.8327405210641,
            "c10_ii": 58099.15143367496,
            "slater_b_init": 32.908796162065194
        },
        {
            "index": 7,
            "element": "O",
            "charge": -0.4074063124996563,
            "dipole": [
                -0.04160682842500812,
                0.07796103529718533,
                0.021684254690084486
            ],
            "quadrupole": [
                [
                    -4.075548806325464,
                    -4.041737886613623,
                    0.043282208730671436
                ],
                [
                    -4.041737886613623,
                    -0.010905545520581943,
                    -4.079047873190765
                ],
                [
                    0.043282208730671436,
                    -4.079047873190765,
                    -0.025612601040941
                ]
            ],
            "volume_eff": 23.14649248678864,
            "alpha_iso": 6.905583393848545,
            "c6_ii": 25.511607659348073,
            "c8_ii": 1040.4264835817098,
            "c10_ii": 40859.64164351291,
            "slater_b_init": 34.087842866138956
        },
        {
            "index": 8,
            "element": "C",
            "charge": 0.1062030982889155,
            "dipole": [
                -0.020012552156519398,
                -0.0712688790707945,
                -0.09207263583891909
            ],
            "quadrupole": [
                [
                    -4.238936752531837,
                    -4.114908854407072,
                    0.055092848481131176
                ],
                [
                    -4.114908854407072,
                    0.029752830463418027,
                    -4.042477331395471
                ],
                [
                    0.055092848481131176,
                    -4.042477331395471,
                    0.0018682036507458553
                ]
            ],
            "volume_eff": 29.841329750902663,
            "alpha_iso": 9.374239712325442,
            "c6_ii": 28.437769795700667,
            "c8_ii": 698.7898560462314,
            "c10_ii": 21513.55144194971,
            "slater_b_init": 38.00287397091588
        },
        {
            "index": 9,
            "element": "C",
            "charge": -0.08464750124099396,
            "dipole": [
                -0.012842844959109418,
                -0.02350030813506926,
                0.05401389759930833
            ],
            "quadrupole": [
                [
                    -4.479884676156894,
                    -4.488103231469474,
                    0.009738821662378902
                ],
                [
                    -4.488103231469474,
                    -0.02872024347475876,
                    -4.459751992576235
                ],
                [
                    0.009738821662378902,
                    -4.459751992576235,
                    0.03130734004023943
                ]
            ],
            "volume_eff": 32.90517719638445,
            "alpha_iso": 10.336704878445376,
            "c6_ii": 34.57702775606918,
            "c8_ii": 906.8513231178072,
            "c10_ii": 29798.81425683445,
            "slater_b_init": 36.78474536216996
        },
        {
            "index": 10,
            "element": "C",
            "charge": -0.44484315371897587,
            "dipole": [
                0.001661326707279454,
                -0.05530347617412784,
                -0.0389509122985068
            ],
            "quadrupole": [
                [
                    -5.123129577138379,
                    -5.13294371583761,
                    -0.04094258443021047
                ],
                [
                    -5.13294371583761,
                    0.0056289848684878884,
                    -5.173431542947686
                ],
                [
                    -0.04094258443021047,
                    -5.173431542947686,
                    0.0138082071047845
                ]
            ],
            "volume_eff": 39.08093810814227,
            "alpha_iso": 12.276734484233174,
            "c6_ii": 48.77408727215538,
            "c8_ii": 1434.6239637232711,
            "c10_ii": 52869.04560769378,
            "slater_b_init": 34.735016162725856
        },
        {
            "index": 11,
            "element": "C",
            "charge": -0.4500341885917649,
            "dipole": [
                0.028879176427747986,
                0.06351715268021915,
                -0.01155356104036779
            ],
            "quadrupole": [
                [
                    -5.107510808254298,
                    -5.157607622211478,
                    0.03053469211914724
                ],
                [
                    -5.157607622211478,
                    -0.02026090363849074,
                    -5.116951757881264
                ],
                [
                    0.03053469211914724,
                    -5.116951757881264,
                    0.008454550283303735
                ]
            ],
            "volume_eff": 38.81384267793424,
            "alpha_iso": 12.192830160607613,
            "c6_ii": 48.109680565032626,
            "c8_ii": 1408.626466376512,
            "c10_ii": 51674.18960491408,
            "slater_b_init": 34.814509829667244
        },
        {
            "index": 12,
            "element": "H",
            "charge": 0.08443976431475275,
            "dipole": [
                0.015744892339839108,
                -0.029775862764598166,
                -0.048392712342287474
            ],
            "quadrupole": [
                [
                    -0.5293572871787521,
                    -0.5465690719266298,
                    0.001309495314852417
                ],
                [
                    -0.5465690719266298,
                    0.01008193894667157,
                    -0.55953989639088
                ],
                [
                    0.001309495314852417,
                    -0.55953989639088,
                    0.0007862354203451919
                ]
            ],
            "volume_eff": 3.1462479982025333,
            "alpha_iso": 1.004121701554,
            "c6_ii": 0.3236391380225211,
            "c8_ii": 2.2786832112401005,
            "c10_ii": 22.1435386406891,
            "slater_b_init": 65.94806309931064
        },
        {
            "index": 13,
            "element": "H",
            "charge": 0.11701657504441132,
            "dipole": [
                0.024928224775556385,
                -0.02656448908375788,
                0.04888927366507383
            ],
            "quadrupole": [
                [
                    -0.4886649413352783,
                    -0.5050467646409762,
                    -0.0027726092610637497
                ],
                [
                    -0.5050467646409762,
                    0.007770269781025457,
                    -0.5070128299921938
                ],
                [
                    -0.0027726092610637497,
                    -0.5070128299921938,
                    -0.00464005951188722
                ]
            ],
            "volume_eff": 2.7954118254906373,
            "alpha_iso": 0.8921527102629694,
            "c6_ii": 0.25548577677985934,
            "c8_ii": 1.6624868088858242,
            "c10_ii": 14.931032600916568,
            "slater_b_init": 68.59899652954257
        },
        {
            "index": 14,
            "element": "H",
            "charge": 0.07647078128960294,
            "dipole": [
                -0.004471481303463892,
                0.057484187823260036,
                0.006437148428700682
            ],
            "quadrupole": [
                [
                    -0.5354725841917435,
                    -0.5698519658030288,
                    0.002410349802048878
                ],
                [
                    -0.5698519658030288,
                    0.004137806475919957,
                    -0.5630072718332237
                ],
                [
                    0.002410349802048878,
                    -0.5630072718332237,
                    -0.004450782681780326
                ]
            ],
            "volume_eff": 3.2330234570331235,
            "alpha_iso": 1.031815996925465,
            "c6_ii": 0.341737660978933,
            "c8_ii": 2.4501520042767764,
            "c10_ii": 24.245624174977316,
            "slater_b_init": 65.35268126307321
        },
        {
            "index": 15,
            "element": "H",
            "charge": 0.08333270758245337,
            "dipole": [
                0.0012946750227500092,
                0.054385221260826906,
                0.01965050558530146
            ],
            "quadrupole": [
                [
                    -0.5346300623659975,
                    -0.5602993821437021,
                    0.00039195497171165035
                ],
                [
                    -0.5602993821437021,
                    -0.0025963648586679136,
                    -0.5373045180482975
                ],
                [
                    0.00039195497171165035,
                    -0.5373045180482975,
                    0.00585195400549545
                ]
            ],
            "volume_eff": 3.144878565823277,
            "alpha_iso": 1.0036846486670032,
            "c6_ii": 0.3233574657187031,
            "c8_ii": 2.2760393248692647,
            "c10_ii": 22.111427712399006,
            "slater_b_init": 65.95763403669173
        },
        {
            "index": 16,
            "element": "H",
            "charge": 0.1063824828515364,
            "dipole": [
                0.025114886016777645,
                -0.028635447275492613,
                -0.04477696231199905
            ],
            "quadrupole": [
                [
                    -0.5078853889403239,
                    -0.5140443829528819,
                    -0.0038483261269162384
                ],
                [
                    -0.5140443829528819,
                    -0.0014177529129973379,
                    -0.5175754713737994
                ],
                [
                    -0.0038483261269162384,
                    -0.5175754713737994,
                    0.013328586041051154
                ]
            ],
            "volume_eff": 2.906220886551381,
            "alpha_iso": 0.927517304218526,
            "c6_ii": 0.2761419393857388,
            "c8_ii": 1.8440770615220665,
            "c10_ii": 16.996751143029456,
            "slater_b_init": 67.715822147055
        },
        {
            "index": 17,
            "element": "H",
            "charge": 0.13715200121808468,
            "dipole": [
                -0.012155060508460254,
                0.0011017442027159968,
                0.05638532733454142
            ],
            "quadrupole": [
                [
                    -0.4671511896275556,
                    -0.45918596981925475,
                    0.0023318777005353853
                ],
                [
                    -0.45918596981925475,
                    -0.0013889502199633046,
                    -0.4829396378483782
                ],
                [
                    0.0023318777005353853,
                    -0.4829396378483782,
                    0.004236011688146536
                ]
            ],
            "volume_eff": 2.577793196548529,
            "alpha_iso": 0.8226999563452752,
            "c6_ii": 0.21725574904238837,
            "c8_ii": 1.339360875029257,
            "c10_ii": 11.396305794573237,
            "slater_b_init": 70.47747526612562
        },
        {
            "index": 18,
            "element": "H",
            "charge": 0.1089025474591333,
            "dipole": [
                0.012407166130173791,
                0.05264246813421809,
                -0.01892262122486101
            ],
            "quadrupole": [
                [
                    -0.4957583584919341,
                    -0.5094662705103448,
                    0.008066180674855627
                ],
                [
                    -0.5094662705103448,
                    -0.007534861159737458,
                    -0.48900571562308565
                ],
                [
                    0.008066180674855627,
                    -0.48900571562308565,
                    0.00033955470359423143
                ]
            ],
            "volume_eff": 2.775559806108627,
            "alpha_iso": 0.8858169593963703,
            "c6_ii": 0.25186992375814815,
            "c8_ii": 1.631189131504055,
            "c10_ii": 14.580502192699933,
            "slater_b_init": 68.76215816726375
        },
        {
            "index": 19,
            "element": "H",
            "charge": 0.13149305196758232,
            "dipole": [
                -0.03467848277994009,
                0.010906706236336812,
                -0.03400136491541867
            ],
            "quadrupole": [
                [
                    -0.47902789576351756,
                    -0.4751956132368801,
                    0.0068529692039893024
                ],
                [
                    -0.4751956132368801,
                    0.004213011939054413,
                    -0.49004038264869343
                ],
                [
                    0.0068529692039893024,
                    -0.49004038264869343,
                    -0.011619913119205965
                ]
            ],
            "volume_eff": 2.662236645498456,
            "alpha_iso": 0.8496499932441881,
            "c6_ii": 0.2317226282285935,
            "c8_ii": 1.459577519578415,
            "c10_ii": 12.688960364919161,
            "slater_b_init": 69.72429683925581
        },
        {
            "index": 20,
            "element": "H",
            "charge": 0.13454557068123307,
            "dipole": [
                0.021452298319882043,
                -0.018355699666339858,
                0.03507124795692521
            ],
            "quadrupole": [
                [
                    -0.5055649011878117,
                    -0.49777132976807525,
                    0.007667368647610964
                ],
                [
                    -0.49777132976807525,
                    0.0011418622527768537,
                    -0.5043263630820389
                ],
                [
                    0.007667368647610964,
                    -0.5043263630820389,
                    -0.004891690998821834
                ]
            ],
            "volume_eff": 2.857908775025249,
            "alpha_iso": 0.9120985452208241,
            "c6_ii": 0.26703725507459924,
            "c8_ii": 1.7634576932154866,
            "c10_ii": 16.073053488449276,
            "slater_b_init": 68.09526404637248
        },
        {
            "index": 21,
            "element": "H",
            "charge": 0.13099640993722228,
            "dipole": [
                0.015218815740133748,
                0.039116493748004126,
                -0.02139662479724591
            ],
            "quadrupole": [
                [
                    -0.5104774854153808,
                    -0.5099874708243927,
                    0.005240786718911681
                ],
                [
                    -0.5099874708243927,
                    -0.00494044500880493,
                    -0.4999835171078871
                ],
                [
                    0.005240786718911681,
                    -0.4999835171078871,
                    0.0007153924091579058
                ]
            ],
            "volume_eff": 2.889274309851297,
            "alpha_iso": 0.9221088222929671,
            "c6_ii": 0.2729308849865876,
            "c8_ii": 1.8155413697275744,
            "c10_ii": 16.66862477622991,
            "slater_b_init": 67.8479562564393
        },
        {
            "index": 22,
            "element": "H",
            "charge": 0.15245465340337172,
            "dipole": [
                -0.046988421382300145,
                -0.0005229303744054719,
                0.005768234307069849
            ],
            "quadrupole": [
                [
                    -0.48625777429130773,
                    -0.47680703669794533,
                    0.004853446350802539
                ],
                [
                    -0.47680703669794533,
                    0.0009745263001560637,
                    -0.47802995275737603
                ],
                [
                    0.004853446350802539,
                    -0.47802995275737603,
                    0.004275657440477858
                ]
            ],
            "volume_eff": 2.692288388641464,
            "alpha_iso": 0.8592409750983395,
            "c6_ii": 0.23698359735168617,
            "c8_ii": 1.5039276883211603,
            "c10_ii": 13.172729613326327,
            "slater_b_init": 69.46390106902248
        },
        {
            "index": 23,
            "element": "H",
            "charge": 0.14611853621624782,
            "dipole": [
                -0.04356990046802735,
                0.01233135204408789,
                0.011535231182258097
            ],
            "quadrupole": [
                [
                    -0.4949230805214612,
                    -0.4791331009791364,
                    -0.0030435505953258436
                ],
                [
                    -0.4791331009791364,
                    0.0018686923020049752,
                    -0.49088973220758786
                ],
                [
                    -0.0030435505953258436,
                    -0.49088973220758786,
                    0.002818925241348692
                ]
            ],
            "volume_eff": 2.7506148116515106,
            "alpha_iso": 0.8778557909526098,
            "c6_ii": 0.24736296953623252,
            "c8_ii": 1.5923877183564368,
            "c10_ii": 14.148262464635485,
            "slater_b_init": 68.9693981895367
        },
        {
            "index": 24,
            "element": "H",
            "charge": 0.14232250198334384,
            "dipole": [
                0.0273771026459472,
                -0.013012277198330644,
                0.035252216478419134
            ],
            "quadrupole": [
                [
                    -0.4911376881440521,
                    -0.4862348281548139,
                    -0.001002214346716207
                ],
                [
                    -0.4862348281548139,
                    0.005326282647402859,
                    -0.49966392569689105
                ],
                [
                    -0.001002214346716207,
                    -0.49966392569689105,
                    -0.003114362162955234
                ]
            ],
            "volume_eff": 2.781536196320993,
            "alpha_iso": 0.887724317974785,
            "c6_ii": 0.25295575410887317,
            "c8_ii": 1.6405721021478745,
            "c10_ii": 14.685415419376415,
            "slater_b_init": 68.71287554871947
        },
        {
            "index": 25,
            "element": "H",
            "charge": 0.15238587605287623,
            "dipole": [
                0.0026036678064336152,
                -0.028403979158413386,
                -0.04153101061439756
            ],
            "quadrupole": [
                [
                    -0.4783808741232668,
                    -0.4765300124736058,
                    -0.005154642370352151
                ],
                [
                    -0.4765300124736058,
                    0.0029644627473922173,
                    -0.47815388524741587
                ],
                [
                    -0.005154642370352151,
                    -0.47815388524741587,
                    -0.001965208657249166
                ]
            ],
            "volume_eff": 2.6651648645191663,
            "alpha_iso": 0.8505845312295213,
            "c6_ii": 0.23223265634494514,
            "c8_ii": 1.4638625191567436,
            "c10_ii": 12.73554244737221,
            "slater_b_init": 69.69875209919161
        }
    ]
}