{
    "molecule": "Phos_741",
    "atoms": [
        {
            "index": 0,
            "element": "C",
            "charge": -0.4832657316412554,
            "dipole": [
                -0.04143049773054533,
                0.028901376615131733,
                0.018069170007508784
            ],
            "quadrupole": [
                [
                    -5.0450013598853065,
                    -5.133449679452243,
                    -0.01486423625684391
                ],
                [
                    -5.133449679452243,
                    0.01661146260690178,
                    -5.097414315305148
                ],
                [
                    -0.01486423625684391,
                    -5.097414315305148,
                    -0.0025414150992803413
                ]
            ],
            "volume_eff": 38.0149002830942,
            "alpha_iso": 11.941853492071477,
            "c6_ii": 46.14948958955727,
            "c8_ii": 1332.626409585551,
            "c10_ii": 48213.02589576162,
            "slater_b_init": 35.05671463480657
        },
        {
            "index": 1,
            "element": "C",
            "charge": 0.14683608311177032,
            "dipole": [
                -0.12904586219166916,
                -0.11691228464575217,
                -0.029629042120460778
            ],
            "quadrupole": [
                [
                    -3.9515797123352665,
                    -4.11101608492863,
                    -0.056897110831079026
                ],
                [
                    -4.11101608492863,
                    0.08003932134106445,
                    -4.03111342988549
                ],
                [
                    -0.056897110831079026,
                    -4.03111342988549,
                    0.012764880991471567
                ]
            ],
            "volume_eff": 28.6878197215574,
            "alpha_iso": 9.011880540803372,
            "c6_ii": 26.281749826997967,
            "c8_ii": 629.0592925838102,
            "c10_ii": 18864.415227547055,
            "slater_b_init": 38.505548807595545
        },
        {
            "index": 2,
            "element": "O",
            "charge": -0.5607781063411146,
            "dipole": [
                0.16558307431738783,
                -0.14873323108307085,
                -0.04404417815221287
            ],
            "quadrupole": [
                [
                    -4.242389713157093,
                    -4.256487437553306,
                    -0.030970308253194623
                ],
                [
                    -4.256487437553306,
                    0.004596648688420092,
                    -4.22804369260025
                ],
                [
                    -0.030970308253194623,
                    -4.22804369260025,
                    -0.00014685029890475977
                ]
            ],
            "volume_eff": 24.31821282351105,
            "alpha_iso": 7.255157416959097,
            "c6_ii": 28.159877320293653,
            "c8_ii": 1186.8667773506102,
            "c10_ii": 48170.67943088963,
            "slater_b_init": 33.5313236368201
        },
        {
            "index": 3,
            "element": "P",
            "charge": 1.7439999040378051,
            "dipole": [
                -0.03901250037297827,
                -0.050167786402681186,
                -0.041568816983741735
            ],
            "quadrupole": [
                [
                    -6.168877600604396,
                    -6.191605145745932,
                    -0.0787535605823075
                ],
                [
                    -6.191605145745932,
                    0.007860601049962012,
                    -6.154041493794337
                ],
                [
                    -0.0787535605823075,
                    -6.154041493794337,
                    -0.0775025350096888
                ]
            ],
            "volume_eff": 48.480381388446446,
            "alpha_iso": 18.646300534017865,
            "c6_ii": 102.91461898705481,
            "c8_ii": 3202.6181668109652,
            "c10_ii": 56441.709949332355,
            "slater_b_init": 36.38840749647898
        },
        {
            "index": 4,
            "element": "O",
            "charge": -0.7887019563438464,
            "dipole": [
                0.110374123551157,
                0.16703404039457848,
                0.30835359935856543
            ],
            "quadrupole": [
                [
                    -4.629926652200245,
                    -4.641343164463958,
                    -0.01786444530086684
                ],
                [
                    -4.641343164463958,
                    0.00957608076915513,
                    -4.664112975937746
                ],
                [
                    -0.01786444530086684,
                    -4.664112975937746,
                    -0.010488917143080026
                ]
            ],
            "volume_eff": 27.41363158346954,
            "alpha_iso": 8.178652516615223,
            "c6_ii": 35.784964643538046,
            "c8_ii": 1633.6602875322874,
            "c10_ii": 71817.86582486381,
            "slater_b_init": 32.21853026700567
        },
        {
            "index": 5,
            "element": "O",
            "charge": -0.4929941249195018,
            "dipole": [
                0.03233475096732793,
                0.07913022354093424,
                -0.17304219169794907
            ],
            "quadrupole": [
                [
                    -4.070117565562032,
                    -4.072821384681311,
                    0.02387367474298137
                ],
                [
                    -4.072821384681311,
                    -0.0019504408278373424,
                    -4.121248153855253
                ],
                [
                    0.02387367474298137,
                    -4.121248153855253,
                    -0.0017142504505816398
                ]
            ],
            "volume_eff": 23.015665457121774,
            "alpha_iso": 6.8665521253291475,
            "c6_ii": 25.22403272297156,
            "c8_ii": 1024.8185791274846,
            "c10_ii": 40094.89154743704,
            "slater_b_init": 34.1523089281506
        },
        {
            "index": 6,
            "element": "C",
            "charge": 0.5995014750716745,
            "dipole": [
                0.14345407545126432,
                -0.14066441365929197,
                -0.058884230443539506
            ],
            "quadrupole": [
                [
                    -3.2459189785118956,
                    -3.346959504883515,
                    0.03572411152257577
                ],
                [
                    -3.346959504883515,
                    0.0917712025790394,
                    -3.2097802175768932
                ],
                [
                    0.03572411152257577,
                    -3.2097802175768932,
                    -0.02203069960988626
                ]
            ],
            "volume_eff": 22.040610121226596,
            "alpha_iso": 6.923751870542386,
            "c6_ii": 15.513379460843792,
            "c8_ii": 311.47827939896155,
            "c10_ii": 7835.4434064558645,
            "slater_b_init": 42.04179929026918
        },
        {
            "index": 7,
            "element": "N",
            "charge": -0.4742964416972901,
            "dipole": [
                -0.11573386462419613,
                0.1583001053669101,
                0.017596295162098877
            ],
            "quadrupole": [
                [
                    -4.717090459884286,
                    -4.807199508277379,
                    -0.02185326703170171
                ],
                [
                    -4.807199508277379,
                    0.16367769751641412,
                    -4.5653483451376
                ],
                [
                    -0.02185326703170171,
                    -4.5653483451376,
                    0.001268089368209627
                ]
            ],
            "volume_eff": 30.609899961549612,
            "alpha_iso": 8.917844870687683,
            "c6_ii": 35.14566403818745,
            "c8_ii": 1249.9388744416594,
            "c10_ii": 48424.743248689665,
            "slater_b_init": 33.82930712613021
        },
        {
            "index": 8,
            "element": "O",
            "charge": -0.46417498453843997,
            "dipole": [
                -0.16094551912883293,
                -0.07111290395037255,
                0.07379442261405117
            ],
            "quadrupole": [
                [
                    -4.061787668413456,
                    -4.023570444396496,
                    0.004343721107911088
                ],
                [
                    -4.023570444396496,
                    -0.03141131567866207,
                    -4.007056727681984
                ],
                [
                    0.004343721107911088,
                    -4.007056727681984,
                    0.004920024324919814
                ]
            ],
            "volume_eff": 22.50405680880887,
            "alpha_iso": 6.713917500970601,
            "c6_ii": 24.115100688391408,
            "c8_ii": 965.190565480061,
            "c10_ii": 37200.316980675394,
            "slater_b_init": 34.409179001012845
        },
        {
            "index": 9,
            "element": "C",
            "charge": 0.6020599648678733,
            "dipole": [
                0.015021428572546737,
                0.08758838541606859,
                0.1879879624885311
            ],
            "quadrupole": [
                [
                    -3.233552549883201,
                    -3.259656814934781,
                    -0.0791781224167293
                ],
                [
                    -3.259656814934781,
                    -0.06254721297624465,
                    -3.2629100321288744
                ],
                [
                    -0.0791781224167293,
                    -3.2629100321288744,
                    -0.06174401857871951
                ]
            ],
            "volume_eff": 21.864265221986834,
            "alpha_iso": 6.868355567116282,
            "c6_ii": 15.266130291314688,
            "c8_ii": 304.8768854011374,
            "c10_ii": 7628.418193297798,
            "slater_b_init": 42.15452529340591
        },
        {
            "index": 10,
            "element": "N",
            "charge": -0.48346353730477354,
            "dipole": [
                -0.06051322742687043,
                -0.10782700229812353,
                -0.15675893871609947
            ],
            "quadrupole": [
                [
                    -4.6227575719608005,
                    -4.709470967214276,
                    -0.14676364649165227
                ],
                [
                    -4.709470967214276,
                    -0.04537338021868472,
                    -4.814416093556408
                ],
                [
                    -0.14676364649165227,
                    -4.814416093556408,
                    -0.09298636287472965
                ]
            ],
            "volume_eff": 30.787319546389856,
            "alpha_iso": 8.96953404107421,
            "c6_ii": 35.55426388090824,
            "c8_ii": 1269.3518671120908,
            "c10_ii": 49366.67650174749,
            "slater_b_init": 33.764198632633295
        },
        {
            "index": 11,
            "element": "H",
            "charge": 0.15746246304656752,
            "dipole": [
                -0.013504227817111216,
                -0.03542425897263488,
                0.02864178624309847
            ],
            "quadrupole": [
                [
                    -0.47196544654021033,
                    -0.4763054620687833,
                    0.005486048847971537
                ],
                [
                    -0.4763054620687833,
                    -0.004543179530781666,
                    -0.4734646746704392
                ],
                [
                    0.005486048847971537,
                    -0.4734646746704392,
                    -0.004091984109141137
                ]
            ],
            "volume_eff": 2.6402604161846743,
            "alpha_iso": 0.8426363030376621,
            "c6_ii": 0.22791277060643764,
            "c8_ii": 1.4276687464203774,
            "c10_ii": 12.343161149370363,
            "slater_b_init": 69.91721283218114
        },
        {
            "index": 12,
            "element": "H",
            "charge": 0.15488293019240418,
            "dipole": [
                -0.02182510867869236,
                -0.007955007251306247,
                -0.04219377527411988
            ],
            "quadrupole": [
                [
                    -0.47473742373026795,
                    -0.4738866388899246,
                    -0.0012097227879454765
                ],
                [
                    -0.4738866388899246,
                    -0.006384006673423644,
                    -0.48303933598923826
                ],
                [
                    -0.0012097227879454765,
                    -0.48303933598923826,
                    -0.0018551850467652365
                ]
            ],
            "volume_eff": 2.6653726632129713,
            "alpha_iso": 0.8506508499615866,
            "c6_ii": 0.23226887138332855,
            "c8_ii": 1.4641668990601353,
            "c10_ii": 12.738852648874287,
            "slater_b_init": 69.69694075948085
        },
        {
            "index": 13,
            "element": "H",
            "charge": 0.16061332380140714,
            "dipole": [
                0.04767420709023059,
                0.011324853378713636,
                -0.0008270889158329325
            ],
            "quadrupole": [
                [
                    -0.4781518021670041,
                    -0.4669408960906386,
                    0.003975122310545504
                ],
                [
                    -0.4669408960906386,
                    -0.002753719029498061,
                    -0.47442036204828003
                ],
                [
                    0.003975122310545504,
                    -0.47442036204828003,
                    -0.00102124903609962
                ]
            ],
            "volume_eff": 2.6383393313817636,
            "alpha_iso": 0.8420231908665203,
            "c6_ii": 0.22758122719608578,
            "c8_ii": 1.4249003225346826,
            "c10_ii": 12.313249785586041,
            "slater_b_init": 69.93417859369151
        },
        {
            "index": 14,
            "element": "H",
            "charge": 0.08648682955492903,
            "dipole": [
                0.012235359761229891,
                0.045708867424936184,
                -0.05067064083472118
            ],
            "quadrupole": [
                [
                    -0.504234844790575,
                    -0.5258019785686009,
                    0.0014154722970715333
                ],
                [
                    -0.5258019785686009,
                    -0.0018070199871679862,
                    -0.5276051197189988
                ],
                [
                    0.0014154722970715333,
                    -0.5276051197189988,
                    0.0004897338364193893
                ]
            ],
            "volume_eff": 2.9021552847367595,
            "alpha_iso": 0.9262197717244978,
            "c6_ii": 0.275369872887258,
            "c8_ii": 1.8372057823753327,
            "c10_ii": 16.91762282408916,
            "slater_b_init": 67.74742821044666
        },
        {
            "index": 15,
            "element": "H",
            "charge": 0.10336497816236612,
            "dipole": [
                0.021986141678570072,
                0.000704138087512175,
                0.06773255737306047
            ],
            "quadrupole": [
                [
                    -0.4907076468239084,
                    -0.5090624800333975,
                    -0.00029990265430449405
                ],
                [
                    -0.5090624800333975,
                    0.0019774316120300477,
                    -0.5096337637005003
                ],
                [
                    -0.00029990265430449405,
                    -0.5096337637005003,
                    -0.005164786186883593
                ]
            ],
            "volume_eff": 2.7946653874157494,
            "alpha_iso": 0.8919144853454519,
            "c6_ii": 0.2553493540542605,
            "c8_ii": 1.6613032815787268,
            "c10_ii": 14.917746997758265,
            "slater_b_init": 68.60510344368652
        }
    ]
}