{
    "molecule": "Phos_557",
    "atoms": [
        {
            "index": 0,
            "element": "C",
            "charge": -0.48914672897904765,
            "dipole": [
                0.016071480292437726,
                -0.05147652842856928,
                -0.007592418335094858
            ],
            "quadrupole": [
                [
                    -5.166685533503783,
                    -5.1357604928248834,
                    0.026133460217068923
                ],
                [
                    -5.1357604928248834,
                    0.047919184206053164,
                    -5.129954715724078
                ],
                [
                    0.026133460217068923,
                    -5.129954715724078,
                    0.0013831786363649125
                ]
            ],
            "volume_eff": 38.70725027976705,
            "alpha_iso": 12.159345637623158,
            "c6_ii": 47.84580127235858,
            "c8_ii": 1398.3342303414506,
            "c10_ii": 51202.66971033039,
            "slater_b_init": 34.84643805018738
        },
        {
            "index": 1,
            "element": "C",
            "charge": 0.1477519898156654,
            "dipole": [
                -0.1370347498577102,
                -0.06670762466441123,
                -0.08263769886885079
            ],
            "quadrupole": [
                [
                    -4.087110811178034,
                    -4.060334922767464,
                    0.03962648130638022
                ],
                [
                    -4.060334922767464,
                    0.08841621659188734,
                    -4.006555548417079
                ],
                [
                    0.03962648130638022,
                    -4.006555548417079,
                    0.00629094668510628
                ]
            ],
            "volume_eff": 28.99190729700656,
            "alpha_iso": 9.107405433614625,
            "c6_ii": 26.841869805014355,
            "c8_ii": 646.9979435012461,
            "c10_ii": 19539.23223342666,
            "slater_b_init": 38.37045091391731
        },
        {
            "index": 2,
            "element": "O",
            "charge": -0.5669804555303912,
            "dipole": [
                -0.059239633676188896,
                0.19908699482274725,
                -0.022677709790424102
            ],
            "quadrupole": [
                [
                    -4.248345124498288,
                    -4.2691548761021,
                    0.016797558930523062
                ],
                [
                    -4.2691548761021,
                    0.0201947127098882,
                    -4.242652213943136
                ],
                [
                    0.016797558930523062,
                    -4.242652213943136,
                    -0.005939465427576105
                ]
            ],
            "volume_eff": 24.43115689999956,
            "alpha_iso": 7.288853439778874,
            "c6_ii": 28.422057533559347,
            "c8_ii": 1201.6232264874818,
            "c10_ii": 48920.47871877896,
            "slater_b_init": 33.479572568948186
        },
        {
            "index": 3,
            "element": "P",
            "charge": 1.754162693352452,
            "dipole": [
                0.028377164616499667,
                0.04953903710732731,
                0.010400104024173245
            ],
            "quadrupole": [
                [
                    -6.246889169217361,
                    -6.3282050988566345,
                    -0.046526686909529574
                ],
                [
                    -6.3282050988566345,
                    -0.03509588136627148,
                    -6.248185781248775
                ],
                [
                    -0.046526686909529574,
                    -6.248185781248775,
                    0.008215230568419165
                ]
            ],
            "volume_eff": 50.34270373522168,
            "alpha_iso": 19.362578359700645,
            "c6_ii": 110.97319445772214,
            "c8_ii": 3541.2766225940436,
            "c10_ii": 63998.3127838776,
            "slater_b_init": 35.934053769511
        },
        {
            "index": 4,
            "element": "O",
            "charge": -0.849680933800828,
            "dipole": [
                -0.16281563045286843,
                -0.23594497998282543,
                -0.17517509303020104
            ],
            "quadrupole": [
                [
                    -4.748930037974449,
                    -4.756881436761054,
                    -0.017424748145895105
                ],
                [
                    -4.756881436761054,
                    -0.024877859544927966,
                    -4.759176129405099
                ],
                [
                    -0.017424748145895105,
                    -4.759176129405099,
                    -0.0065211820405585985
                ]
            ],
            "volume_eff": 28.39364282851933,
            "alpha_iso": 8.47103156209969,
            "c6_ii": 38.38925450366905,
            "c8_ii": 1794.0747473696035,
            "c10_ii": 80738.55490519913,
            "slater_b_init": 31.843505959896344
        },
        {
            "index": 5,
            "element": "O",
            "charge": -0.5910532214504229,
            "dipole": [
                -0.03152286741184045,
                -0.03234134789705437,
                0.20670492480207064
            ],
            "quadrupole": [
                [
                    -4.282552623095199,
                    -4.286991534218491,
                    -0.009799669879765393
                ],
                [
                    -4.286991534218491,
                    -0.006155214491588887,
                    -4.322263990957369
                ],
                [
                    -0.009799669879765393,
                    -4.322263990957369,
                    -0.029089921666592355
                ]
            ],
            "volume_eff": 24.836295762251197,
            "alpha_iso": 7.409723597577705,
            "c6_ii": 29.372512316975246,
            "c8_ii": 1255.4972182528238,
            "c10_ii": 51677.321890696585,
            "slater_b_init": 33.29652991236914
        },
        {
            "index": 6,
            "element": "C",
            "charge": 0.1396958940107229,
            "dipole": [
                0.16602431849705127,
                0.039797295588546985,
                0.013606218430042543
            ],
            "quadrupole": [
                [
                    -3.99905830965653,
                    -4.057593759913074,
                    -0.016286434834211563
                ],
                [
                    -4.057593759913074,
                    0.006488577419394921,
                    -4.18773672778051
                ],
                [
                    -0.016286434834211563,
                    -4.18773672778051,
                    -0.05615771518635488
                ]
            ],
            "volume_eff": 29.31897279755016,
            "alpha_iso": 9.210148522790625,
            "c6_ii": 27.450906589116563,
            "c8_ii": 666.6452702307955,
            "c10_ii": 20283.709038627385,
            "slater_b_init": 38.227237532994806
        },
        {
            "index": 7,
            "element": "C",
            "charge": -0.4915409297364324,
            "dipole": [
                0.0128209513300205,
                0.0036740853229120197,
                -0.04924832891303598
            ],
            "quadrupole": [
                [
                    -5.120854961244719,
                    -5.145834369049462,
                    -0.009723165737633177
                ],
                [
                    -5.145834369049462,
                    0.008148893129431903,
                    -5.207976034609384
                ],
                [
                    -0.009723165737633177,
                    -5.207976034609384,
                    -0.0359658100525287
                ]
            ],
            "volume_eff": 38.887696696830005,
            "alpha_iso": 12.216030375967538,
            "c6_ii": 48.29293856687342,
            "c8_ii": 1415.7852700262629,
            "c10_ii": 52002.665684753156,
            "slater_b_init": 34.792456403111935
        },
        {
            "index": 8,
            "element": "O",
            "charge": -0.5249449205399799,
            "dipole": [
                0.18747302296088147,
                -0.03801577643723819,
                -0.04267720705710872
            ],
            "quadrupole": [
                [
                    -4.239449430978465,
                    -4.171489577102692,
                    -0.0059380010548755035
                ],
                [
                    -4.171489577102692,
                    -0.04198995061588976,
                    -4.174300136372399
                ],
                [
                    -0.0059380010548755035,
                    -4.174300136372399,
                    -0.0044871493280960175
                ]
            ],
            "volume_eff": 23.99328812511073,
            "alpha_iso": 7.158218556662869,
            "c6_ii": 27.412395381250388,
            "c8_ii": 1145.0477867283205,
            "c10_ii": 46058.50316045102,
            "slater_b_init": 33.682009389658155
        },
        {
            "index": 9,
            "element": "C",
            "charge": -0.17548980204482323,
            "dipole": [
                -0.0898904347365195,
                0.2076115193827812,
                -0.010005179948824909
            ],
            "quadrupole": [
                [
                    -4.624453395899524,
                    -4.529924094267957,
                    0.036459769141456204
                ],
                [
                    -4.529924094267957,
                    -0.020998909361182982,
                    -4.646657067842296
                ],
                [
                    0.036459769141456204,
                    -4.646657067842296,
                    0.0011115507080219698
                ]
            ],
            "volume_eff": 33.80945698185924,
            "alpha_iso": 10.620771826762065,
            "c6_ii": 36.50359034402954,
            "c8_ii": 974.8399578321801,
            "c10_ii": 32617.11329904295,
            "slater_b_init": 36.453824643989165
        },
        {
            "index": 10,
            "element": "C",
            "charge": 0.7934463077549019,
            "dipole": [
                -0.00038744484747469554,
                -0.07903491201978403,
                0.11981477353902241
            ],
            "quadrupole": [
                [
                    -3.2402693521016586,
                    -3.271329423934678,
                    0.07597563957501863
                ],
                [
                    -3.271329423934678,
                    -0.015805887817309842,
                    -3.343785166396232
                ],
                [
                    0.07597563957501863,
                    -3.343785166396232,
                    -0.005112158725360432
                ]
            ],
            "volume_eff": 23.21995264348643,
            "alpha_iso": 7.294225961304637,
            "c6_ii": 17.217966171215192,
            "c8_ii": 357.9274556164048,
            "c10_ii": 9322.290578486798,
            "slater_b_init": 41.31762872053949
        },
        {
            "index": 11,
            "element": "F",
            "charge": -0.24719230887755117,
            "dipole": [
                0.0075265072237331344,
                0.03439355583867732,
                0.04000650318880926
            ],
            "quadrupole": [
                [
                    -3.5686373838244325,
                    -3.545350025193755,
                    0.029705016248378718
                ],
                [
                    -3.545350025193755,
                    0.0077671751673552645,
                    -3.5341146065050415
                ],
                [
                    0.029705016248378718,
                    -3.5341146065050415,
                    0.01798966139788129
                ]
            ],
            "volume_eff": 17.898115029103696,
            "alpha_iso": 5.620895628974715,
            "c6_ii": 20.78583399462306,
            "c8_ii": 908.9537322738211,
            "c10_ii": 36875.655466637676,
            "slater_b_init": 33.351058468334955
        },
        {
            "index": 12,
            "element": "F",
            "charge": -0.23136765989449515,
            "dipole": [
                -0.06302174751740008,
                -0.008704559593254387,
                0.008806362391809852
            ],
            "quadrupole": [
                [
                    -3.4738568396349896,
                    -3.5367342469070953,
                    0.002891639857844799
                ],
                [
                    -3.5367342469070953,
                    0.012011854708409512,
                    -3.5506696207537787
                ],
                [
                    0.002891639857844799,
                    -3.5506696207537787,
                    -0.010247030599024315
                ]
            ],
            "volume_eff": 17.671965793357113,
            "alpha_iso": 5.549873554938597,
            "c6_ii": 20.263879260399204,
            "c8_ii": 878.6487389738274,
            "c10_ii": 35345.297356834395,
            "slater_b_init": 33.492721071320894
        },
        {
            "index": 13,
            "element": "F",
            "charge": -0.25639410381944927,
            "dipole": [
                0.032722388582159215,
                -0.043102275980816604,
                -0.007431303866993535
            ],
            "quadrupole": [
                [
                    -3.566977775996551,
                    -3.5545803471561337,
                    0.0074383658383558645
                ],
                [
                    -3.5545803471561337,
                    -0.035626830991113696,
                    -3.584545546910212
                ],
                [
                    0.0074383658383558645,
                    -3.584545546910212,
                    -0.007528298213455729
                ]
            ],
            "volume_eff": 18.05998135760993,
            "alpha_iso": 5.671729682555186,
            "c6_ii": 21.1634984157747,
            "c8_ii": 931.0402388928005,
            "c10_ii": 37999.08080611449,
            "slater_b_init": 33.25112070720467
        },
        {
            "index": 14,
            "element": "H",
            "charge": 0.14778544531439808,
            "dipole": [
                -0.037684469305214886,
                -0.014915867743431161,
                0.02196373440638665
            ],
            "quadrupole": [
                [
                    -0.4927673486289774,
                    -0.47922268174056,
                    -0.0017069425236594202
                ],
                [
                    -0.47922268174056,
                    -0.00411141012631338,
                    -0.4886382745948497
                ],
                [
                    -0.0017069425236594202,
                    -0.4886382745948497,
                    0.0033809056913538314
                ]
            ],
            "volume_eff": 2.7414375702321303,
            "alpha_iso": 0.8749268841166373,
            "c6_ii": 0.24571510328766966,
            "c8_ii": 1.5782593616303286,
            "c10_ii": 13.991524949931712,
            "slater_b_init": 69.0462731654423
        },
        {
            "index": 15,
            "element": "H",
            "charge": 0.1521144156560017,
            "dipole": [
                0.024859581454556846,
                0.035722587048548214,
                0.018345761430279186
            ],
            "quadrupole": [
                [
                    -0.4790857774918654,
                    -0.4842303304601679,
                    -0.0024851191329778232
                ],
                [
                    -0.4842303304601679,
                    -0.006481902071347915,
                    -0.4855796305941938
                ],
                [
                    -0.0024851191329778232,
                    -0.4855796305941938,
                    0.0009052587401677315
                ]
            ],
            "volume_eff": 2.7112389027001207,
            "alpha_iso": 0.8652890115000386,
            "c6_ii": 0.2403315050492662,
            "c8_ii": 1.5323225039252941,
            "c10_ii": 13.48434353522848,
            "slater_b_init": 69.30168056950396
        },
        {
            "index": 16,
            "element": "H",
            "charge": 0.15533397474104405,
            "dipole": [
                -0.010768212192597115,
                6.414664247310756e-05,
                -0.04527444402359534
            ],
            "quadrupole": [
                [
                    -0.47672075632601774,
                    -0.47190372175472095,
                    0.004281538488216389
                ],
                [
                    -0.47190372175472095,
                    -0.0039399335305643855,
                    -0.4818943735871484
                ],
                [
                    0.004281538488216389,
                    -0.4818943735871484,
                    -0.003936420411436909
                ]
            ],
            "volume_eff": 2.664688461411549,
            "alpha_iso": 0.8504324876845369,
            "c6_ii": 0.23214963973879088,
            "c8_ii": 1.4631648414670884,
            "c10_ii": 12.72795569117991,
            "slater_b_init": 69.70290552074584
        },
        {
            "index": 17,
            "element": "H",
            "charge": 0.08390448297400355,
            "dipole": [
                0.046909147642008854,
                0.014910991282452438,
                -0.046126687800702185
            ],
            "quadrupole": [
                [
                    -0.5336424917902224,
                    -0.5144391925826676,
                    0.007872690027592956
                ],
                [
                    -0.5144391925826676,
                    0.0036928223914739315,
                    -0.5280825044789307
                ],
                [
                    0.007872690027592956,
                    -0.5280825044789307,
                    0.004445560254406646
                ]
            ],
            "volume_eff": 2.9574813007589134,
            "alpha_iso": 0.9438770108805044,
            "c6_ii": 0.285969124733168,
            "c8_ii": 1.9320933230474437,
            "c10_ii": 18.016781359274262,
            "slater_b_init": 67.3223126513454
        },
        {
            "index": 18,
            "element": "H",
            "charge": 0.08522434241424004,
            "dipole": [
                0.0029075101111685066,
                -0.009082609239246387,
                0.06752258492480538
            ],
            "quadrupole": [
                [
                    -0.5281730925081496,
                    -0.5153425974539684,
                    0.005562317448248945
                ],
                [
                    -0.5153425974539684,
                    0.005099485906164853,
                    -0.531537930255768
                ],
                [
                    0.005562317448248945,
                    -0.531537930255768,
                    7.977496979774585e-05
                ]
            ],
            "volume_eff": 2.9554620628549415,
            "alpha_iso": 0.9432325732515771,
            "c6_ii": 0.2855787638063282,
            "c8_ii": 1.9285775957251208,
            "c10_ii": 17.97581046281073,
            "slater_b_init": 67.33764119843468
        },
        {
            "index": 19,
            "element": "H",
            "charge": 0.08116349385107657,
            "dipole": [
                -0.04025909511231533,
                0.05259304681096299,
                -0.009854391969900008
            ],
            "quadrupole": [
                [
                    -0.5252971426827739,
                    -0.5349144133025707,
                    -0.00236350068075818
                ],
                [
                    -0.5349144133025707,
                    0.007196849306018436,
                    -0.5252934304940413
                ],
                [
                    -0.00236350068075818,
                    -0.5252934304940413,
                    -0.009302738109339986
                ]
            ],
            "volume_eff": 2.979189633537776,
            "alpha_iso": 0.9508052021929072,
            "c6_ii": 0.2901826400672157,
            "c8_ii": 1.970143264559424,
            "c10_ii": 18.461387749091433,
            "slater_b_init": 67.15839567010114
        },
        {
            "index": 20,
            "element": "H",
            "charge": 0.09992469068332754,
            "dipole": [
                -0.0092238147350456,
                -0.06682491065975134,
                -0.014320861072443486
            ],
            "quadrupole": [
                [
                    -0.5031381660199754,
                    -0.5172466537237107,
                    -0.0023573206484990734
                ],
                [
                    -0.5172466537237107,
                    0.0011665053233566546,
                    -0.5077849550012319
                ],
                [
                    -0.0023573206484990734,
                    -0.5077849550012319,
                    -0.0090789445488755
                ]
            ],
            "volume_eff": 2.848021575133859,
            "alpha_iso": 0.9089430558937848,
            "c6_ii": 0.26519277099130656,
            "c8_ii": 1.7472356401065638,
            "c10_ii": 15.888446409490466,
            "slater_b_init": 68.17397293934823
        },
        {
            "index": 21,
            "element": "H",
            "charge": 0.14427551219948886,
            "dipole": [
                0.01687364841674601,
                0.04185720837833191,
                0.006907477331395179
            ],
            "quadrupole": [
                [
                    -0.49361148531914867,
                    -0.49734015511627466,
                    -0.005725472806607114
                ],
                [
                    -0.49734015511627466,
                    -0.0028874716658475186,
                    -0.4836932171329508
                ],
                [
                    -0.005725472806607114,
                    -0.4836932171329508,
                    -0.001282906312450561
                ]
            ],
            "volume_eff": 2.7771841351614626,
            "alpha_iso": 0.8863353622855731,
            "c6_ii": 0.2521648115479673,
            "c8_ii": 1.6337360101377794,
            "c10_ii": 14.608964568373288,
            "slater_b_init": 68.74874960322171
        },
        {
            "index": 22,
            "element": "H",
            "charge": 0.15387657488721707,
            "dipole": [
                -0.042487036759561066,
                -0.011740946548739917,
                0.01695076193688499
            ],
            "quadrupole": [
                [
                    -0.4845933887268843,
                    -0.48285809630492305,
                    0.001331379897352997
                ],
                [
                    -0.48285809630492305,
                    -0.00027371285170830616,
                    -0.4743495771145917
                ],
                [
                    0.001331379897352997,
                    -0.4743495771145917,
                    0.0056669495609885075
                ]
            ],
            "volume_eff": 2.6929871858276986,
            "alpha_iso": 0.8594639954769251,
            "c6_ii": 0.23710663392037232,
            "c8_ii": 1.5049688524288112,
            "c10_ii": 13.184129895424421,
            "slater_b_init": 69.45789220544694
        },
        {
            "index": 23,
            "element": "H",
            "charge": 0.15674688561944994,
            "dipole": [
                0.03555152837532145,
                -0.030245557877665866,
                0.004864905226285198
            ],
            "quadrupole": [
                [
                    -0.4809900305686217,
                    -0.47917896884877176,
                    0.0034755026685606215
                ],
                [
                    -0.47917896884877176,
                    0.002525030311848892,
                    -0.4686752693065631
                ],
                [
                    0.0034755026685606215,
                    -0.4686752693065631,
                    -0.0028824118546916877
                ]
            ],
            "volume_eff": 2.664609767006091,
            "alpha_iso": 0.8504073724487524,
            "c6_ii": 0.23213592811104905,
            "c8_ii": 1.4630496159360733,
            "c10_ii": 12.72670278124237,
            "slater_b_init": 69.70359169685796
        },
        {
            "index": 24,
            "element": "H",
            "charge": 0.16935151350513045,
            "dipole": [
                -0.0296783214537304,
                -0.021237843845507958,
                -0.05101531168513987
            ],
            "quadrupole": [
                [
                    -0.44927714641658717,
                    -0.4361536733946292,
                    -0.0024441716187100808
                ],
                [
                    -0.4361536733946292,
                    -0.006835896694726298,
                    -0.4490415149144366
                ],
                [
                    -0.0024441716187100808,
                    -0.4490415149144366,
                    0.0015031139781530873
                ]
            ],
            "volume_eff": 2.413207709792712,
            "alpha_iso": 0.7701726733380996,
            "c6_ii": 0.19039894587253867,
            "c8_ii": 1.1232815466604347,
            "c10_ii": 9.14645630671415,
            "slater_b_init": 72.04460437677248
        },
        {
            "index": 25,
            "element": "H",
            "charge": 0.16240486010536603,
            "dipole": [
                0.050699527523752126,
                0.025447007339636615,
                -0.014819182285655336
            ],
            "quadrupole": [
                [
                    -0.4510625169441131,
                    -0.438827549725964,
                    -0.0007574859270498554
                ],
                [
                    -0.438827549725964,
                    -0.008957527837813334,
                    -0.4532655321389691
                ],
                [
                    -0.0007574859270498554,
                    -0.4532655321389691,
                    0.0001686023102968393
                ]
            ],
            "volume_eff": 2.4247474133585323,
            "alpha_iso": 0.7738555574548508,
            "c6_ii": 0.1922242348012062,
            "c8_ii": 1.1376624551350172,
            "c10_ii": 9.293062670566995,
            "slater_b_init": 71.93013255664493
        }
    ]
}