{
    "molecule": "Sulf_456",
    "atoms": [
        {
            "index": 0,
            "element": "C",
            "charge": -0.3911597787754788,
            "dipole": [
                0.027166090937292057,
                0.05455015511726871,
                -3.511432130104632e-05
            ],
            "quadrupole": [
                [
                    -5.113245470091233,
                    -5.126627194650547,
                    -0.060235529719577754
                ],
                [
                    -5.126627194650547,
                    -0.07422315919207789,
                    -4.98231076155226
                ],
                [
                    -0.060235529719577754,
                    -4.98231076155226,
                    0.00966864461410784
                ]
            ],
            "volume_eff": 38.31061276746796,
            "alpha_iso": 12.0347474662203,
            "c6_ii": 46.8702627113016,
            "c8_ii": 1360.4494099315118,
            "c10_ii": 49474.551417663206,
            "slater_b_init": 34.966282808429064
        },
        {
            "index": 1,
            "element": "C",
            "charge": -0.03639479268071888,
            "dipole": [
                -0.10719826181054261,
                0.010679174308087774,
                0.01909780803492153
            ],
            "quadrupole": [
                [
                    -4.482020358744804,
                    -4.415644097069247,
                    -0.053913385663251386
                ],
                [
                    -4.415644097069247,
                    -0.05710716879201491,
                    -4.291579013842585
                ],
                [
                    -0.053913385663251386,
                    -4.291579013842585,
                    0.01735822643144341
                ]
            ],
            "volume_eff": 32.1291565207473,
            "alpha_iso": 10.092928749972973,
            "c6_ii": 32.96536125725448,
            "c8_ii": 850.9348922883562,
            "c10_ii": 27520.054178375445,
            "slater_b_init": 37.07854843642094
        },
        {
            "index": 2,
            "element": "C",
            "charge": -0.4772061146507962,
            "dipole": [
                0.11988324314330351,
                0.009206801698847522,
                0.012361326295503785
            ],
            "quadrupole": [
                [
                    -5.196713693796196,
                    -5.05145436815255,
                    -0.04922512711018588
                ],
                [
                    -5.05145436815255,
                    0.00305942442589028,
                    -5.151760593141228
                ],
                [
                    -0.04922512711018588,
                    -5.151760593141228,
                    -0.011445734940866252
                ]
            ],
            "volume_eff": 38.675759765182775,
            "alpha_iso": 12.149453329376787,
            "c6_ii": 47.76798246559749,
            "c8_ii": 1395.3026249143427,
            "c10_ii": 51063.94733031131,
            "slater_b_init": 34.855893021330665
        },
        {
            "index": 3,
            "element": "S",
            "charge": 1.1834064907571573,
            "dipole": [
                0.0339692271772138,
                -0.009077915826413095,
                -0.15369519582043167
            ],
            "quadrupole": [
                [
                    -7.69714717052438,
                    -7.729872903841248,
                    0.015949355719995284
                ],
                [
                    -7.729872903841248,
                    -0.016720961565228898,
                    -7.738553691537217
                ],
                [
                    0.015949355719995284,
                    -7.738553691537217,
                    -0.0024702240912509057
                ]
            ],
            "volume_eff": 59.88315691782136,
            "alpha_iso": 15.607844090283226,
            "c6_ii": 84.97251878811674,
            "c8_ii": 2179.172365010758,
            "c10_ii": 56165.64302759192,
            "slater_b_init": 36.6817433652808
        },
        {
            "index": 4,
            "element": "O",
            "charge": -0.6101377909930008,
            "dipole": [
                0.006427034585447714,
                -0.159004838510351,
                -0.06971615125059026
            ],
            "quadrupole": [
                [
                    -4.3463227529496535,
                    -4.36450838006522,
                    -0.02170689954629618
                ],
                [
                    -4.36450838006522,
                    0.00922934359616945,
                    -4.341842333665694
                ],
                [
                    -0.02170689954629618,
                    -4.341842333665694,
                    0.008078838606385539
                ]
            ],
            "volume_eff": 25.194940375270395,
            "alpha_iso": 7.51672254289835,
            "c6_ii": 30.226935441560123,
            "c8_ii": 1304.4270211655917,
            "c10_ii": 54206.95831072074,
            "slater_b_init": 33.13778460550742
        },
        {
            "index": 5,
            "element": "O",
            "charge": -0.5968977609065753,
            "dipole": [
                0.013074063987046048,
                0.12203072820660345,
                -0.1214660840399656
            ],
            "quadrupole": [
                [
                    -4.308076188828103,
                    -4.334128193819338,
                    0.027845757463155586
                ],
                [
                    -4.334128193819338,
                    -0.004326219064019695,
                    -4.332495145154515
                ],
                [
                    0.027845757463155586,
                    -4.332495145154515,
                    0.007035541209902698
                ]
            ],
            "volume_eff": 24.969905193791867,
            "alpha_iso": 7.449584974943429,
            "c6_ii": 29.68938732040072,
            "c8_ii": 1273.5889312203137,
            "c10_ii": 52609.83021977877,
            "slater_b_init": 33.23703577526838
        },
        {
            "index": 6,
            "element": "C",
            "charge": -0.4478508638807135,
            "dipole": [
                -0.07258992855233524,
                0.08814836882713728,
                0.052778472762079746
            ],
            "quadrupole": [
                [
                    -5.112098275140481,
                    -5.084811561382341,
                    -0.03374927711445392
                ],
                [
                    -5.084811561382341,
                    -0.003272267007699888,
                    -5.003794476780128
                ],
                [
                    -0.03374927711445392,
                    -5.003794476780128,
                    0.04477907395263793
                ]
            ],
            "volume_eff": 37.93701828802901,
            "alpha_iso": 11.917387943883458,
            "c6_ii": 45.96058826301302,
            "c8_ii": 1325.3583478514665,
            "c10_ii": 47884.561719028585,
            "slater_b_init": 35.080687882800525
        },
        {
            "index": 7,
            "element": "C",
            "charge": -0.3563576103300843,
            "dipole": [
                0.01750481845232746,
                -0.09907673642080352,
                -0.04113789896885017
            ],
            "quadrupole": [
                [
                    -4.885639748670054,
                    -4.9382980563085965,
                    -0.01703163267492007
                ],
                [
                    -4.9382980563085965,
                    0.0176019680857268,
                    -4.880443991440208
                ],
                [
                    -0.01703163267492007,
                    -4.880443991440208,
                    0.019617431593252053
                ]
            ],
            "volume_eff": 36.4851347554581,
            "alpha_iso": 11.461298876060134,
            "c6_ii": 42.50999952617488,
            "c8_ii": 1194.3749321934986,
            "c10_ii": 42044.0669609118,
            "slater_b_init": 35.53998011232241
        },
        {
            "index": 8,
            "element": "H",
            "charge": 0.1712515072371361,
            "dipole": [
                -0.008657638846874647,
                0.04207349509240057,
                0.021567159225149863
            ],
            "quadrupole": [
                [
                    -0.44770144399909134,
                    -0.4576559296771292,
                    -0.0009163901182265522
                ],
                [
                    -0.4576559296771292,
                    0.004297455052630723,
                    -0.4578159097769817
                ],
                [
                    -0.0009163901182265522,
                    -0.4578159097769817,
                    -0.0012681399772524443
                ]
            ],
            "volume_eff": 2.4989822662435137,
            "alpha_iso": 0.7975475317798448,
            "c6_ii": 0.2041744901438418,
            "c8_ii": 1.2329284606155944,
            "c10_ii": 10.275771324114302,
            "slater_b_init": 71.21070807439506
        },
        {
            "index": 9,
            "element": "H",
            "charge": 0.17851641876951163,
            "dipole": [
                0.04291734905740646,
                -0.015493973505126917,
                -0.023649097889391242
            ],
            "quadrupole": [
                [
                    -0.44828909264596595,
                    -0.4409280093408781,
                    0.004436303020824207
                ],
                [
                    -0.4409280093408781,
                    0.003160395538897798,
                    -0.44961773317020903
                ],
                [
                    0.004436303020824207,
                    -0.44961773317020903,
                    0.00031850126933236365
                ]
            ],
            "volume_eff": 2.438466004970756,
            "alpha_iso": 0.7782338313736455,
            "c6_ii": 0.19440549757601355,
            "c8_ii": 1.154907746447483,
            "c10_ii": 9.469481536337764,
            "slater_b_init": 71.79498797135693
        },
        {
            "index": 10,
            "element": "H",
            "charge": 0.15597094542823697,
            "dipole": [
                0.010320712194486128,
                -0.05026100060869235,
                -0.03214246832177817
            ],
            "quadrupole": [
                [
                    -0.4517989952317185,
                    -0.4674927312815315,
                    0.0017319185727801955
                ],
                [
                    -0.4674927312815315,
                    0.0018464759754004234,
                    -0.4691826279349568
                ],
                [
                    0.0017319185727801955,
                    -0.4691826279349568,
                    -0.006807148077310269
                ]
            ],
            "volume_eff": 2.5420339113622674,
            "alpha_iso": 0.8112874185198726,
            "c6_ii": 0.2112699896501804,
            "c8_ii": 1.2903860307161872,
            "c10_ii": 10.87781453163923,
            "slater_b_init": 70.80641110099222
        },
        {
            "index": 11,
            "element": "H",
            "charge": 0.2043415112392235,
            "dipole": [
                0.004091822199581546,
                0.04514860432454454,
                0.007982048221912787
            ],
            "quadrupole": [
                [
                    -0.4101781517675535,
                    -0.4257238718071944,
                    -0.006172036773171608
                ],
                [
                    -0.4257238718071944,
                    -0.0015273571089513519,
                    -0.4209811855895131
                ],
                [
                    -0.006172036773171608,
                    -0.4209811855895131,
                    0.000996090416174618
                ]
            ],
            "volume_eff": 2.257289714331636,
            "alpha_iso": 0.7204116109569052,
            "c6_ii": 0.16659031011406922,
            "c8_ii": 0.9400166664658925,
            "c10_ii": 7.320850291186755,
            "slater_b_init": 73.66659469447741
        },
        {
            "index": 12,
            "element": "H",
            "charge": 0.20158383638606536,
            "dipole": [
                0.00044448580164186584,
                -0.03626315523956527,
                0.03013442715288461
            ],
            "quadrupole": [
                [
                    -0.4155643175676411,
                    -0.42275754045092595,
                    0.004903281760671029
                ],
                [
                    -0.42275754045092595,
                    -0.0011858271079648753,
                    -0.42839158060427135
                ],
                [
                    0.004903281760671029,
                    -0.42839158060427135,
                    0.002030239889702384
                ]
            ],
            "volume_eff": 2.275248191123166,
            "alpha_iso": 0.7261430397201595,
            "c6_ii": 0.1692515625615415,
            "c8_ii": 0.9600919330469092,
            "c10_ii": 7.516801979474008,
            "slater_b_init": 73.47226632431355
        },
        {
            "index": 13,
            "element": "H",
            "charge": 0.2101820636931665,
            "dipole": [
                -0.03544437745056589,
                -0.0009368774588408412,
                -0.031833693416432565
            ],
            "quadrupole": [
                [
                    -0.41594085093821287,
                    -0.4084830776440155,
                    0.0011185491599546246
                ],
                [
                    -0.4084830776440155,
                    -0.005220166202096724,
                    -0.4104695814205029
                ],
                [
                    0.0011185491599546246,
                    -0.4104695814205029,
                    -0.005948462784478585
                ]
            ],
            "volume_eff": 2.1960295893092217,
            "alpha_iso": 0.7008605072263473,
            "c6_ii": 0.1576708853744308,
            "c8_ii": 0.8735167690300593,
            "c10_ii": 6.679302948789787,
            "slater_b_init": 74.34531964793992
        },
        {
            "index": 14,
            "element": "H",
            "charge": 0.18580154702023477,
            "dipole": [
                -0.0016606674385174769,
                -0.02788847209384348,
                0.03816122818742592
            ],
            "quadrupole": [
                [
                    -0.4352000427067903,
                    -0.43651598337995207,
                    0.008634660605881717
                ],
                [
                    -0.43651598337995207,
                    -0.00474816702214003,
                    -0.44020106841694434
                ],
                [
                    0.008634660605881717,
                    -0.44020106841694434,
                    -0.0012282429372407774
                ]
            ],
            "volume_eff": 2.3776395026704944,
            "alpha_iso": 0.758821117873562,
            "c6_ii": 0.1848277371876906,
            "c8_ii": 1.0796726504204976,
            "c10_ii": 8.704768164189606,
            "slater_b_init": 72.40207722520292
        },
        {
            "index": 15,
            "element": "H",
            "charge": 0.15708883850154964,
            "dipole": [
                0.004984313500762837,
                0.029843202292310442,
                -0.04532629053590145
            ],
            "quadrupole": [
                [
                    -0.4786724118971279,
                    -0.47126115316503076,
                    0.006554778105063741
                ],
                [
                    -0.47126115316503076,
                    -0.0011925305491899854,
                    -0.4730395066368641
                ],
                [
                    0.006554778105063741,
                    -0.4730395066368641,
                    0.0007968285131495665
                ]
            ],
            "volume_eff": 2.645582519208899,
            "alpha_iso": 0.8443348465560316,
            "c6_ii": 0.22883252667689802,
            "c8_ii": 1.435355835882014,
            "c10_ii": 12.426292091901916,
            "slater_b_init": 69.87029734092127
        },
        {
            "index": 16,
            "element": "H",
            "charge": 0.12610004943355824,
            "dipole": [
                0.0369861333473314,
                0.0034685266709313187,
                0.03353684006322154
            ],
            "quadrupole": [
                [
                    -0.5115538801318038,
                    -0.49850007012650155,
                    0.0013558983921653658
                ],
                [
                    -0.49850007012650155,
                    -0.0061913206320695505,
                    -0.5107624924401366
                ],
                [
                    0.0013558983921653658,
                    -0.5107624924401366,
                    -0.0023931329537767
                ]
            ],
            "volume_eff": 2.877156746018669,
            "alpha_iso": 0.9182415146868093,
            "c6_ii": 0.2706463513784255,
            "c8_ii": 1.7953073424739745,
            "c10_ii": 16.436736482293085,
            "slater_b_init": 67.94307335782821
        },
        {
            "index": 17,
            "element": "H",
            "charge": 0.14135130163886267,
            "dipole": [
                -0.04823757329526527,
                -0.00723490769528743,
                0.017622902515835124
            ],
            "quadrupole": [
                [
                    -0.4962372145461482,
                    -0.4828291740107977,
                    0.0038587108493770145
                ],
                [
                    -0.4828291740107977,
                    0.0022960748814928548,
                    -0.49432807944595536
                ],
                [
                    0.0038587108493770145,
                    -0.49432807944595536,
                    0.002144514955176509
                ]
            ],
            "volume_eff": 2.7600101354940296,
            "alpha_iso": 0.8808542985619244,
            "c6_ii": 0.24905569972432737,
            "c8_ii": 1.60693342743909,
            "c10_ii": 14.309993614273392,
            "slater_b_init": 68.89104986652052
        }
    ]
}