{
    "molecule": "LEth_160",
    "atoms": [
        {
            "index": 0,
            "element": "C",
            "charge": -0.41510585247881693,
            "dipole": [
                0.012440612368518058,
                -0.08242907830404163,
                -0.030052661419009266
            ],
            "quadrupole": [
                [
                    -5.042928231455286,
                    -5.131116496672096,
                    -0.04164220324626742
                ],
                [
                    -5.131116496672096,
                    -0.012546395344391682,
                    -5.060906000345508
                ],
                [
                    -0.04164220324626742,
                    -5.060906000345508,
                    0.000773992053097975
                ]
            ],
            "volume_eff": 38.43081541083856,
            "alpha_iso": 12.072507458902166,
            "c6_ii": 47.16484259505957,
            "c8_ii": 1371.8619124045736,
            "c10_ii": 49993.8828116464,
            "slater_b_init": 34.9297892701843
        },
        {
            "index": 1,
            "element": "C",
            "charge": -0.24422935091818143,
            "dipole": [
                0.03328424367835842,
                0.06217349824941773,
                0.046857924753176836
            ],
            "quadrupole": [
                [
                    -4.695597880531436,
                    -4.778797910563767,
                    -0.03634704729437891
                ],
                [
                    -4.778797910563767,
                    0.016836043423553954,
                    -4.744893692661562
                ],
                [
                    -0.03634704729437891,
                    -4.744893692661562,
                    -0.05001833683148577
                ]
            ],
            "volume_eff": 35.26916367286741,
            "alpha_iso": 11.079318431267248,
            "c6_ii": 39.72368358059782,
            "c8_ii": 1091.151945612024,
            "c10_ii": 37552.20201980929,
            "slater_b_init": 35.943810131702165
        },
        {
            "index": 2,
            "element": "C",
            "charge": 0.07684994214442753,
            "dipole": [
                0.0925474468337493,
                0.10665119332280283,
                -0.04090363002773697
            ],
            "quadrupole": [
                [
                    -4.221077240459454,
                    -4.262692423645366,
                    0.055253974377556976
                ],
                [
                    -4.262692423645366,
                    0.055944465115809174,
                    -4.263201615763682
                ],
                [
                    0.055253974377556976,
                    -4.263201615763682,
                    -0.04378850680447873
                ]
            ],
            "volume_eff": 31.16804580634227,
            "alpha_iso": 9.791009153824795,
            "c6_ii": 31.0226103309937,
            "c8_ii": 784.7361569170945,
            "c10_ii": 24870.438842851472,
            "slater_b_init": 37.45581984602176
        },
        {
            "index": 3,
            "element": "O",
            "charge": -0.34743788809553244,
            "dipole": [
                -0.01386951756274241,
                -0.05524262323970307,
                0.051672578060898415
            ],
            "quadrupole": [
                [
                    -3.906631760858932,
                    -4.077290613915933,
                    -0.0011774630780990736
                ],
                [
                    -4.077290613915933,
                    -0.027393255983847637,
                    -4.09743485175263
                ],
                [
                    -0.0011774630780990736,
                    -4.09743485175263,
                    0.03221803987313378
                ]
            ],
            "volume_eff": 22.955237946632415,
            "alpha_iso": 6.848524028277074,
            "c6_ii": 25.091755463232495,
            "c8_ii": 1017.6591860887992,
            "c10_ii": 39745.068682552774,
            "slater_b_init": 34.18225025407658
        },
        {
            "index": 4,
            "element": "C",
            "charge": 0.002679520781425637,
            "dipole": [
                -0.07593443433498667,
                0.11557810619751313,
                -0.0540588025588144
            ],
            "quadrupole": [
                [
                    -4.374727794799223,
                    -4.376461755789267,
                    0.02974900480387369
                ],
                [
                    -4.376461755789267,
                    -0.06766437335282614,
                    -4.355222572034609
                ],
                [
                    0.02974900480387369,
                    -4.355222572034609,
                    0.04733981316733731
                ]
            ],
            "volume_eff": 32.205300409845535,
            "alpha_iso": 10.116848296286555,
            "c6_ii": 33.12179768314965,
            "c8_ii": 856.3232709372901,
            "c10_ii": 27738.058023853042,
            "slater_b_init": 37.04930342763679
        },
        {
            "index": 5,
            "element": "C",
            "charge": 0.019398773000803615,
            "dipole": [
                -0.02808803082931456,
                0.10359388564935834,
                0.10273118754343766
            ],
            "quadrupole": [
                [
                    -4.37864534134645,
                    -4.293485047866501,
                    0.03360221144395658
                ],
                [
                    -4.293485047866501,
                    -0.03057228584701308,
                    -4.313431488014227
                ],
                [
                    0.03360221144395658,
                    -4.313431488014227,
                    0.05716958036301183
                ]
            ],
            "volume_eff": 31.801096120465612,
            "alpha_iso": 9.989873126847836,
            "c6_ii": 32.2956009251255,
            "c8_ii": 827.9619386406184,
            "c10_ii": 26594.500351263003,
            "slater_b_init": 37.2056133808735
        },
        {
            "index": 6,
            "element": "O",
            "charge": -0.34342707093295033,
            "dipole": [
                0.05782819893226352,
                -0.0038564230553523333,
                -0.07143546052079704
            ],
            "quadrupole": [
                [
                    -4.014322249054381,
                    -3.9940682159093335,
                    0.04247667351253616
                ],
                [
                    -3.9940682159093335,
                    0.0753102500556614,
                    -4.075596914055145
                ],
                [
                    0.04247667351253616,
                    -4.075596914055145,
                    0.029254050105660605
                ]
            ],
            "volume_eff": 22.950799756593977,
            "alpha_iso": 6.847199927381629,
            "c6_ii": 25.082053867981674,
            "c8_ii": 1017.1345898049506,
            "c10_ii": 39719.45994741252,
            "slater_b_init": 34.184453482232065
        },
        {
            "index": 7,
            "element": "C",
            "charge": -0.10156768690552731,
            "dipole": [
                -0.13231335280163398,
                -0.07533848179722077,
                0.03274222736184692
            ],
            "quadrupole": [
                [
                    -4.50217471086067,
                    -4.553686890117926,
                    -0.026971234236275097
                ],
                [
                    -4.553686890117926,
                    0.03939110960328462,
                    -4.589598884708063
                ],
                [
                    -0.026971234236275097,
                    -4.589598884708063,
                    -0.010155602719890912
                ]
            ],
            "volume_eff": 33.73039058817836,
            "alpha_iso": 10.595934216181682,
            "c6_ii": 36.333056258167204,
            "c8_ii": 968.7724682236023,
            "c10_ii": 32363.54631261947,
            "slater_b_init": 36.4822858550392
        },
        {
            "index": 8,
            "element": "H",
            "charge": 0.12587130534804825,
            "dipole": [
                -0.006823265216631713,
                -0.01283785183055234,
                0.04409232374785866
            ],
            "quadrupole": [
                [
                    -0.5122173316490651,
                    -0.5016868533101504,
                    0.002283989124508057
                ],
                [
                    -0.5016868533101504,
                    0.0006255948020776647,
                    -0.5230029386636719
                ],
                [
                    0.002283989124508057,
                    -0.5230029386636719,
                    0.000589704533221814
                ]
            ],
            "volume_eff": 2.9293621933910674,
            "alpha_iso": 0.9349028276780003,
            "c6_ii": 0.2805571077433128,
            "c8_ii": 1.8834941363998168,
            "c10_ii": 17.452089209794988,
            "slater_b_init": 67.53703724181555
        },
        {
            "index": 9,
            "element": "H",
            "charge": 0.12515532389913386,
            "dipole": [
                -0.036538048898708445,
                0.017314876077604194,
                -0.026212721467659815
            ],
            "quadrupole": [
                [
                    -0.5161434634082869,
                    -0.509569141194374,
                    0.006601311308475778
                ],
                [
                    -0.509569141194374,
                    0.005067903014043426,
                    -0.5086145609757182
                ],
                [
                    0.006601311308475778,
                    -0.5086145609757182,
                    0.00014989464316653134
                ]
            ],
            "volume_eff": 2.9148626117462397,
            "alpha_iso": 0.9302753016211404,
            "c6_ii": 0.2777866118143691,
            "c8_ii": 1.8587357516132306,
            "c10_ii": 17.165803989520008,
            "slater_b_init": 67.64883662529147
        },
        {
            "index": 10,
            "element": "H",
            "charge": 0.14801398136229538,
            "dipole": [
                0.046449276084863496,
                0.013534675802707985,
                -0.011528611365104446
            ],
            "quadrupole": [
                [
                    -0.4932505302528981,
                    -0.4824833947261371,
                    0.00450179418594676
                ],
                [
                    -0.4824833947261371,
                    -0.002837416561101708,
                    -0.4843507087682122
                ],
                [
                    0.00450179418594676,
                    -0.4843507087682122,
                    -0.001564012121356223
                ]
            ],
            "volume_eff": 2.7425182480476256,
            "alpha_iso": 0.8752717812917955,
            "c6_ii": 0.24590886381812996,
            "c8_ii": 1.5799189777234455,
            "c10_ii": 14.009918323614098,
            "slater_b_init": 69.03720284249356
        },
        {
            "index": 11,
            "element": "H",
            "charge": 0.11821066104437672,
            "dipole": [
                -0.04550435973986599,
                -0.013695758965532639,
                0.015737157258098933
            ],
            "quadrupole": [
                [
                    -0.517093563347118,
                    -0.503048807716381,
                    0.000311485421420703
                ],
                [
                    -0.503048807716381,
                    -0.011420022462301529,
                    -0.5098784074625022
                ],
                [
                    0.000311485421420703,
                    -0.5098784074625022,
                    0.00021086819671618166
                ]
            ],
            "volume_eff": 2.890257766950439,
            "alpha_iso": 0.9224226915799272,
            "c6_ii": 0.27311671815408023,
            "c8_ii": 1.8171897776969435,
            "c10_ii": 16.687544623003294,
            "slater_b_init": 67.84025992746044
        },
        {
            "index": 12,
            "element": "H",
            "charge": 0.12434122826013794,
            "dipole": [
                0.01826226362739526,
                0.016746154015791898,
                -0.04330166717196158
            ],
            "quadrupole": [
                [
                    -0.5019868886036737,
                    -0.4919035695210626,
                    5.532007671278651e-05
                ],
                [
                    -0.4919035695210626,
                    -0.005476396289622218,
                    -0.5167398904642642
                ],
                [
                    5.532007671278651e-05,
                    -0.5167398904642642,
                    0.001743232199600189
                ]
            ],
            "volume_eff": 2.848740728222535,
            "alpha_iso": 0.9091725728369793,
            "c6_ii": 0.2653267153972138,
            "c8_ii": 1.7484124049064131,
            "c10_ii": 15.90182363936837,
            "slater_b_init": 68.16823570851969
        },
        {
            "index": 13,
            "element": "H",
            "charge": 0.06377390866015498,
            "dipole": [
                -0.010477316313314888,
                0.012557456250463872,
                0.05653544821187147
            ],
            "quadrupole": [
                [
                    -0.5447607255744344,
                    -0.5631135531945474,
                    0.0020584451940438295
                ],
                [
                    -0.5631135531945474,
                    0.005313173599866038,
                    -0.5838661651169668
                ],
                [
                    0.0020584451940438295,
                    -0.5838661651169668,
                    -0.0007624273310368611
                ]
            ],
            "volume_eff": 3.2864143952153744,
            "alpha_iso": 1.04885565804746,
            "c6_ii": 0.3531179379860793,
            "c8_ii": 2.5595421032193,
            "c10_ii": 25.606188074091058,
            "slater_b_init": 64.99684170632494
        },
        {
            "index": 14,
            "element": "H",
            "charge": 0.05495064289514007,
            "dipole": [
                -0.0031370961208609252,
                -0.04584129706018878,
                -0.039214483414301185
            ],
            "quadrupole": [
                [
                    -0.5552862943987072,
                    -0.5921863606507067,
                    -0.004458261089863809
                ],
                [
                    -0.5921863606507067,
                    0.00649775317325504,
                    -0.5742005394284871
                ],
                [
                    -0.004458261089863809,
                    -0.5742005394284871,
                    -0.001836083721555327
                ]
            ],
            "volume_eff": 3.3590897330661265,
            "alpha_iso": 1.0720499148083382,
            "c6_ii": 0.3689082285907987,
            "c8_ii": 2.7132742590593897,
            "c10_ii": 27.542870616126596,
            "slater_b_init": 64.52467519096274
        },
        {
            "index": 15,
            "element": "H",
            "charge": 0.0933574009617566,
            "dipole": [
                -0.007210304979782587,
                0.008024583646855444,
                0.05699329625251044
            ],
            "quadrupole": [
                [
                    -0.5215661899679044,
                    -0.532126799898663,
                    -0.00042410091913326555
                ],
                [
                    -0.532126799898663,
                    -0.0084375114120819,
                    -0.5468652954484525
                ],
                [
                    -0.00042410091913326555,
                    -0.5468652954484525,
                    0.008320846388733167
                ]
            ],
            "volume_eff": 3.0718018937010254,
            "alpha_iso": 0.9803623065003273,
            "c6_ii": 0.30850452533546524,
            "c8_ii": 2.1377223116909,
            "c10_ii": 20.444721372568043,
            "slater_b_init": 66.47657376683964
        },
        {
            "index": 16,
            "element": "H",
            "charge": 0.07402494830837036,
            "dipole": [
                0.00027842264683806164,
                -0.042337183140983774,
                -0.04023274052234073
            ],
            "quadrupole": [
                [
                    -0.5422671124447507,
                    -0.5678082999551312,
                    -0.008056369984419281
                ],
                [
                    -0.5678082999551312,
                    -0.008786478093151199,
                    -0.5533137804004223
                ],
                [
                    -0.008056369984419281,
                    -0.5533137804004223,
                    0.004795107240800738
                ]
            ],
            "volume_eff": 3.2201495036514185,
            "alpha_iso": 1.027707288399389,
            "c6_ii": 0.3390214695846894,
            "c8_ii": 2.4242208063115496,
            "c10_ii": 23.92529501120348,
            "slater_b_init": 65.43965741504869
        },
        {
            "index": 17,
            "element": "H",
            "charge": 0.09068368757910883,
            "dipole": [
                -0.010974558271528639,
                0.03116287456581762,
                -0.048699029303743
            ],
            "quadrupole": [
                [
                    -0.536615790731194,
                    -0.5267093939850983,
                    0.015525971378640407
                ],
                [
                    -0.5267093939850983,
                    0.00414958975202908,
                    -0.543575422946019
                ],
                [
                    0.015525971378640407,
                    -0.543575422946019,
                    0.004418432684210914
                ]
            ],
            "volume_eff": 3.0850147569571855,
            "alpha_iso": 0.9845791777522933,
            "c6_ii": 0.31116419862775224,
            "c8_ii": 2.162330472969881,
            "c10_ii": 20.739327492556253,
            "slater_b_init": 66.38153339681742
        },
        {
            "index": 18,
            "element": "H",
            "charge": 0.07234784961282781,
            "dipole": [
                0.03986070964835904,
                -0.03715319291348422,
                0.02273950006369613
            ],
            "quadrupole": [
                [
                    -0.5667691791282138,
                    -0.5503776442709802,
                    0.008398149083015888
                ],
                [
                    -0.5503776442709802,
                    0.012027628422582745,
                    -0.5483345594517806
                ],
                [
                    0.008398149083015888,
                    -0.5483345594517806,
                    0.003376059775255743
                ]
            ],
            "volume_eff": 3.2220939141998213,
            "alpha_iso": 1.0283278449573898,
            "c6_ii": 0.33943101326645,
            "c8_ii": 2.4281262586847525,
            "c10_ii": 23.97348467529103,
            "slater_b_init": 65.42649132210057
        },
        {
            "index": 19,
            "element": "H",
            "charge": 0.11141992709667803,
            "dipole": [
                -0.005633811024558711,
                0.03881064780179482,
                0.04591962668870352
            ],
            "quadrupole": [
                [
                    -0.4973452063569712,
                    -0.5106363095828851,
                    -0.003377413745773015
                ],
                [
                    -0.5106363095828851,
                    0.008819155944698545,
                    -0.5138892936626616
                ],
                [
                    -0.003377413745773015,
                    -0.5138892936626616,
                    -0.005922824497103153
                ]
            ],
            "volume_eff": 2.8485809451355637,
            "alpha_iso": 0.9091215782347544,
            "c6_ii": 0.2652969523989298,
            "c8_ii": 1.748150905808784,
            "c10_ii": 15.898850774688265,
            "slater_b_init": 68.1695102527807
        },
        {
            "index": 20,
            "element": "H",
            "charge": 0.07487357330837119,
            "dipole": [
                0.039741706963479624,
                -0.03899456468397098,
                0.00979362934102329
            ],
            "quadrupole": [
                [
                    -0.5556022767708308,
                    -0.5580602401448985,
                    -0.005804316552407612
                ],
                [
                    -0.5580602401448985,
                    0.017654364717003396,
                    -0.5647040592365524
                ],
                [
                    -0.005804316552407612,
                    -0.5647040592365524,
                    -0.0021436903704116646
                ]
            ],
            "volume_eff": 3.2630060047846663,
            "alpha_iso": 1.0413848951440425,
            "c6_ii": 0.3481054937739306,
            "c8_ii": 2.5112141005960806,
            "c10_ii": 25.003267097548488,
            "slater_b_init": 65.15189787187558
        },
        {
            "index": 21,
            "element": "H",
            "charge": 0.07929676347766224,
            "dipole": [
                -0.013462389622876665,
                0.025856562591792982,
                -0.04985071623477847
            ],
            "quadrupole": [
                [
                    -0.5368358620338213,
                    -0.5538445301605173,
                    -0.0006252617690547934
                ],
                [
                    -0.5538445301605173,
                    0.01023369663694003,
                    -0.5696435160615466
                ],
                [
                    -0.0006252617690547934,
                    -0.5696435160615466,
                    0.000891328250677727
                ]
            ],
            "volume_eff": 3.215174662733917,
            "alpha_iso": 1.0261195732129522,
            "c6_ii": 0.3379747634790002,
            "c8_ii": 2.414246452273834,
            "c10_ii": 23.802308842896622,
            "slater_b_init": 65.47339162389741
        }
    ]
}