{
    "molecule": "Est_258",
    "atoms": [
        {
            "index": 0,
            "element": "C",
            "charge": -0.42316854734917975,
            "dipole": [
                -0.07687070936487739,
                -0.02114417497736596,
                -0.0035283716373966166
            ],
            "quadrupole": [
                [
                    -5.1213433972924784,
                    -5.051135679946393,
                    0.010448246635655125
                ],
                [
                    -5.051135679946393,
                    -0.035670944978403785,
                    -5.053915858920533
                ],
                [
                    0.010448246635655125,
                    -5.053915858920533,
                    0.023746391694378595
                ]
            ],
            "volume_eff": 38.308149380617806,
            "alpha_iso": 12.033973627419204,
            "c6_ii": 46.86423535394872,
            "c8_ii": 1360.216149337184,
            "c10_ii": 49463.94810541016,
            "slater_b_init": 34.96703228894803
        },
        {
            "index": 1,
            "element": "C",
            "charge": -0.1192931144498548,
            "dipole": [
                0.03228220109280087,
                0.035932202002658974,
                -0.08069249843379042
            ],
            "quadrupole": [
                [
                    -4.524654683884097,
                    -4.440770416180516,
                    0.03491141286092455
                ],
                [
                    -4.440770416180516,
                    -0.03526512293995437,
                    -4.513692753653288
                ],
                [
                    0.03491141286092455,
                    -4.513692753653288,
                    0.014151754655075361
                ]
            ],
            "volume_eff": 32.92188311718867,
            "alpha_iso": 10.341952811682305,
            "c6_ii": 34.612146103419164,
            "c8_ii": 908.0795956274728,
            "c10_ii": 29849.273546672186,
            "slater_b_init": 36.77852227731253
        },
        {
            "index": 2,
            "element": "C",
            "charge": -0.4708570799885736,
            "dipole": [
                0.08633797088010359,
                0.008155139714539477,
                0.05332241549765778
            ],
            "quadrupole": [
                [
                    -5.137988830550674,
                    -5.083389283867305,
                    0.0291262890930809
                ],
                [
                    -5.083389283867305,
                    -0.0243095910947646,
                    -5.161461273663293
                ],
                [
                    0.0291262890930809,
                    -5.161461273663293,
                    0.001813389488383754
                ]
            ],
            "volume_eff": 38.75083164195977,
            "alpha_iso": 12.173036117893119,
            "c6_ii": 47.95360325043693,
            "c8_ii": 1402.5366130129632,
            "c10_ii": 51395.08971488934,
            "slater_b_init": 34.83336972923299
        },
        {
            "index": 3,
            "element": "C",
            "charge": 0.8132236999351843,
            "dipole": [
                -0.0784309734720848,
                0.0005137750518883165,
                0.0348916598172665
            ],
            "quadrupole": [
                [
                    -3.121164345913405,
                    -3.1079913847716645,
                    -0.07826906924607717
                ],
                [
                    -3.1079913847716645,
                    -0.061386219616052395,
                    -2.9470909537190306
                ],
                [
                    -0.07826906924607717,
                    -2.9470909537190306,
                    0.04728643399322771
                ]
            ],
            "volume_eff": 20.716009778247656,
            "alpha_iso": 6.507647050758425,
            "c6_ii": 13.704759086080621,
            "c8_ii": 264.0266428660001,
            "c10_ii": 6372.921389462209,
            "slater_b_init": 42.91941523640156
        },
        {
            "index": 4,
            "element": "O",
            "charge": -0.5891702612563208,
            "dipole": [
                -0.04524750002957402,
                -0.09876689560646694,
                -0.03082709922482786
            ],
            "quadrupole": [
                [
                    -4.419615408162747,
                    -4.387978666010755,
                    -0.04723093513716761
                ],
                [
                    -4.387978666010755,
                    -0.029078394789513046,
                    -4.302972794495562
                ],
                [
                    -0.04723093513716761,
                    -4.302972794495562,
                    0.039632344140926826
                ]
            ],
            "volume_eff": 25.54634884770399,
            "alpha_iso": 7.621562639646493,
            "c6_ii": 31.07600090167563,
            "c8_ii": 1353.5089416580877,
            "c10_ii": 56768.40821762857,
            "slater_b_init": 32.985137811444616
        },
        {
            "index": 5,
            "element": "O",
            "charge": -0.4216169424687557,
            "dipole": [
                -0.08086503276986573,
                -0.007681591990684814,
                0.02827794904030366
            ],
            "quadrupole": [
                [
                    -4.054251952907813,
                    -4.098562173586668,
                    -0.006190985852144635
                ],
                [
                    -4.098562173586668,
                    -0.012245712512928721,
                    -4.080985392531255
                ],
                [
                    -0.006190985852144635,
                    -4.080985392531255,
                    -0.0011896332683718135
                ]
            ],
            "volume_eff": 23.228596782065,
            "alpha_iso": 6.930078597964143,
            "c6_ii": 25.692916125987182,
            "c8_ii": 1050.2970867895363,
            "c10_ii": 41344.76296723721,
            "slater_b_init": 34.04763291358379
        },
        {
            "index": 6,
            "element": "C",
            "charge": 0.48034417353246006,
            "dipole": [
                0.09239721518326174,
                0.013089250353956174,
                -0.024690132441197072
            ],
            "quadrupole": [
                [
                    -3.481954793027907,
                    -3.5988973285882517,
                    0.0012677712613933321
                ],
                [
                    -3.5988973285882517,
                    0.022916782935388787,
                    -3.6009100330621795
                ],
                [
                    0.0012677712613933321,
                    -3.6009100330621795,
                    -0.029837539029011373
                ]
            ],
            "volume_eff": 24.965607667714057,
            "alpha_iso": 7.842599267344729,
            "c6_ii": 19.904142557611625,
            "c8_ii": 434.25401676877226,
            "c10_ii": 11870.21744757954,
            "slater_b_init": 40.33125951189425
        },
        {
            "index": 7,
            "element": "C",
            "charge": -0.5511152502807128,
            "dipole": [
                0.013248475599198055,
                0.004631931574673724,
                0.03378514758927215
            ],
            "quadrupole": [
                [
                    -5.2958811583894025,
                    -5.29204928974077,
                    -0.01536176038957017
                ],
                [
                    -5.29204928974077,
                    0.003923825556680768,
                    -5.323914250165371
                ],
                [
                    -0.01536176038957017,
                    -5.323914250165371,
                    -0.036041766733709284
                ]
            ],
            "volume_eff": 40.453274817375046,
            "alpha_iso": 12.707835021164934,
            "c6_ii": 52.25965767438752,
            "c8_ii": 1572.924801464894,
            "c10_ii": 59314.90235822415,
            "slater_b_init": 34.33770540697514
        },
        {
            "index": 8,
            "element": "C",
            "charge": -0.5402956426659955,
            "dipole": [
                0.0065445061538043576,
                -0.02680787804213727,
                -0.01523043805783131
            ],
            "quadrupole": [
                [
                    -5.29089486314909,
                    -5.336814326469422,
                    -0.026867511162606144
                ],
                [
                    -5.336814326469422,
                    0.016390394066922463,
                    -5.307168591799482
                ],
                [
                    -0.026867511162606144,
                    -5.307168591799482,
                    0.005078948977160408
                ]
            ],
            "volume_eff": 40.66929874898229,
            "alpha_iso": 12.775695942088676,
            "c6_ii": 52.81928997985466,
            "c8_ii": 1595.4234022521846,
            "c10_ii": 60377.31794844366,
            "slater_b_init": 34.27680001521894
        },
        {
            "index": 9,
            "element": "C",
            "charge": -0.55352619780881,
            "dipole": [
                -0.004035143348297268,
                0.027896848622060662,
                -0.02059268823824956
            ],
            "quadrupole": [
                [
                    -5.273836948352061,
                    -5.3436042208020975,
                    0.028817109776374566
                ],
                [
                    -5.3436042208020975,
                    -0.0007625734524274612,
                    -5.312284963002604
                ],
                [
                    0.028817109776374566,
                    -5.312284963002604,
                    0.006275371966576448
                ]
            ],
            "volume_eff": 40.51175894871663,
            "alpha_iso": 12.726206999596847,
            "c6_ii": 52.41087262639578,
            "c8_ii": 1578.9961355064454,
            "c10_ii": 59601.22737187443,
            "slater_b_init": 34.321173762218116
        },
        {
            "index": 10,
            "element": "H",
            "charge": 0.13308600003921056,
            "dipole": [
                0.012886065010723601,
                -0.029220354928814703,
                -0.03501367547222898
            ],
            "quadrupole": [
                [
                    -0.4972582085982125,
                    -0.5006462568816573,
                    -0.0016374262893755263
                ],
                [
                    -0.5006462568816573,
                    0.006492673845761333,
                    -0.509342037879622
                ],
                [
                    -0.0016374262893755263,
                    -0.509342037879622,
                    0.004575664381393342
                ]
            ],
            "volume_eff": 2.853233028120719,
            "alpha_iso": 0.9106062855704423,
            "c6_ii": 0.26616418506580675,
            "c8_ii": 1.7557744583790245,
            "c10_ii": 15.985565059123044,
            "slater_b_init": 68.13244087359013
        },
        {
            "index": 11,
            "element": "H",
            "charge": 0.13345948651357542,
            "dipole": [
                0.015723973845491783,
                -0.010823910607318524,
                0.04490375884101037
            ],
            "quadrupole": [
                [
                    -0.4989248451932998,
                    -0.5009531452056929,
                    -0.0016296653096239413
                ],
                [
                    -0.5009531452056929,
                    0.0034460017702752474,
                    -0.5041951399931516
                ],
                [
                    -0.0016296653096239413,
                    -0.5041951399931516,
                    -0.006696055153340022
                ]
            ],
            "volume_eff": 2.839940817916722,
            "alpha_iso": 0.9063640908244857,
            "c6_ii": 0.26369003078442604,
            "c8_ii": 1.7340469529174156,
            "c10_ii": 15.738674353935204,
            "slater_b_init": 68.23857236547059
        },
        {
            "index": 12,
            "element": "H",
            "charge": 0.13179314673472897,
            "dipole": [
                -0.009537228911478178,
                0.04546586334739825,
                -0.00959574011257949
            ],
            "quadrupole": [
                [
                    -0.4932153495398746,
                    -0.5131173537140545,
                    0.0035809066397114184
                ],
                [
                    -0.5131173537140545,
                    -0.0006535056826583337,
                    -0.5062494465270656
                ],
                [
                    0.0035809066397114184,
                    -0.5062494465270656,
                    -0.00046682951558451365
                ]
            ],
            "volume_eff": 2.8670305985918745,
            "alpha_iso": 0.9150097655080451,
            "c6_ii": 0.2687446252512627,
            "c8_ii": 1.7785071738126679,
            "c10_ii": 16.244696816404716,
            "slater_b_init": 68.02296939760596
        },
        {
            "index": 13,
            "element": "H",
            "charge": 0.1088413246299953,
            "dipole": [
                -0.018410430960816796,
                0.037623506489687784,
                0.0347705058235513
            ],
            "quadrupole": [
                [
                    -0.5123229033146053,
                    -0.5185689980687344,
                    -0.0026472680682189872
                ],
                [
                    -0.5185689980687344,
                    0.003965799900116755,
                    -0.5202391230757313
                ],
                [
                    -0.0026472680682189872,
                    -0.5202391230757313,
                    0.010770703368736045
                ]
            ],
            "volume_eff": 2.9348974643090022,
            "alpha_iso": 0.9366694035028731,
            "c6_ii": 0.2816183809619645,
            "c8_ii": 1.8929997996721513,
            "c10_ii": 17.562255604126186,
            "slater_b_init": 67.49455182058712
        },
        {
            "index": 14,
            "element": "H",
            "charge": 0.11150466066575992,
            "dipole": [
                0.008187847970458934,
                -0.05406278607666661,
                0.0030994747368396696
            ],
            "quadrupole": [
                [
                    -0.502608660710957,
                    -0.5234367376082307,
                    0.004463158271656654
                ],
                [
                    -0.5234367376082307,
                    -0.0004173734271508424,
                    -0.5099810380118733
                ],
                [
                    0.004463158271656654,
                    -0.5099810380118733,
                    0.006494615625286294
                ]
            ],
            "volume_eff": 2.8939467950601223,
            "alpha_iso": 0.9236000409766347,
            "c6_ii": 0.273814357135717,
            "c8_ii": 1.8233814251883278,
            "c10_ii": 16.758648480672058,
            "slater_b_init": 67.81142145187975
        },
        {
            "index": 15,
            "element": "H",
            "charge": 0.16229010861041404,
            "dipole": [
                0.0007056430626195686,
                0.04378165255641821,
                -0.005038753158201826
            ],
            "quadrupole": [
                [
                    -0.4605864046902184,
                    -0.47876172502287634,
                    0.0035801666630506795
                ],
                [
                    -0.47876172502287634,
                    -0.0006690500074014695,
                    -0.4630903936512029
                ],
                [
                    0.0035801666630506795,
                    -0.4630903936512029,
                    0.00474636076854325
                ]
            ],
            "volume_eff": 2.603552114670498,
            "alpha_iso": 0.8309208876607972,
            "c6_ii": 0.22161935259661963,
            "c8_ii": 1.3753486768787861,
            "c10_ii": 11.780347487887653,
            "slater_b_init": 70.24427543210537
        },
        {
            "index": 16,
            "element": "H",
            "charge": 0.16969782628689245,
            "dipole": [
                0.02123451014135464,
                -0.02649896361673361,
                -0.028235657145118467
            ],
            "quadrupole": [
                [
                    -0.45332578225710046,
                    -0.4580973872563319,
                    -0.003971336726495106
                ],
                [
                    -0.4580973872563319,
                    0.0029677685299250725,
                    -0.4601167367601261
                ],
                [
                    -0.003971336726495106,
                    -0.4601167367601261,
                    0.009235528790857109
                ]
            ],
            "volume_eff": 2.5271606745756343,
            "alpha_iso": 0.806540640822011,
            "c6_ii": 0.20880497453996402,
            "c8_ii": 1.2703508802761208,
            "c10_ii": 10.667108185945185,
            "slater_b_init": 70.94504642951976
        },
        {
            "index": 17,
            "element": "H",
            "charge": 0.1721568842846296,
            "dipole": [
                0.017241753127380643,
                -0.04096136356852945,
                -0.019204312004985777
            ],
            "quadrupole": [
                [
                    -0.46196709721306584,
                    -0.4658246238457913,
                    -0.002075372679555844
                ],
                [
                    -0.4658246238457913,
                    -1.736874018878458e-05,
                    -0.4589277984908841
                ],
                [
                    -0.002075372679555844,
                    -0.4589277984908841,
                    0.0029120813213209316
                ]
            ],
            "volume_eff": 2.5705104671224785,
            "alpha_iso": 0.8203756809965358,
            "c6_ii": 0.2160299099658491,
            "c8_ii": 1.3292941220051266,
            "c10_ii": 11.289337043184926,
            "slater_b_init": 70.54397106182185
        },
        {
            "index": 18,
            "element": "H",
            "charge": 0.15805877228188425,
            "dipole": [
                -0.041649136263826006,
                -0.0025627799625157965,
                0.012672394499271473
            ],
            "quadrupole": [
                [
                    -0.48512330063780545,
                    -0.47888085543992576,
                    0.000503124887406556
                ],
                [
                    -0.47888085543992576,
                    0.0008440524088548514,
                    -0.47003666090504614
                ],
                [
                    0.000503124887406556,
                    -0.47003666090504614,
                    0.0052993480014293685
                ]
            ],
            "volume_eff": 2.6847364599433,
            "alpha_iso": 0.8568307850882873,
            "c6_ii": 0.23565597347099107,
            "c8_ii": 1.4927044996260097,
            "c10_ii": 13.049966178213607,
            "slater_b_init": 69.52897205222817
        },
        {
            "index": 19,
            "element": "H",
            "charge": 0.15034133157608764,
            "dipole": [
                0.012389649961534244,
                0.03335566626275705,
                -0.025691457907472657
            ],
            "quadrupole": [
                [
                    -0.4853044528261097,
                    -0.49299694710243647,
                    0.006069408903221066
                ],
                [
                    -0.49299694710243647,
                    0.0018379057164024269,
                    -0.4860550373507911
                ],
                [
                    0.006069408903221066,
                    -0.4860550373507911,
                    0.00446698837809088
                ]
            ],
            "volume_eff": 2.7606262727043185,
            "alpha_iso": 0.8810509380971229,
            "c6_ii": 0.24916690917984355,
            "c8_ii": 1.6078902120182907,
            "c10_ii": 14.320644802311554,
            "slater_b_init": 68.88592427866384
        },
        {
            "index": 20,
            "element": "H",
            "charge": 0.15998623037145643,
            "dipole": [
                -0.042014859068721794,
                -0.006446735839993656,
                0.010107515661416277
            ],
            "quadrupole": [
                [
                    -0.48255506247417757,
                    -0.4680478564220615,
                    0.004485251112995846
                ],
                [
                    -0.4680478564220615,
                    -0.0016016573470807312,
                    -0.4747698662565525
                ],
                [
                    0.004485251112995846,
                    -0.4747698662565525,
                    0.0012743754712709308
                ]
            ],
            "volume_eff": 2.664640609508711,
            "alpha_iso": 0.8504172158006524,
            "c6_ii": 0.2321413020269564,
            "c8_ii": 1.463094775316059,
            "c10_ii": 12.72719382083023,
            "slater_b_init": 69.70332276234119
        },
        {
            "index": 21,
            "element": "H",
            "charge": 0.15245798848550263,
            "dipole": [
                0.028310195831456466,
                0.0024474971657941673,
                0.033101340916947705
            ],
            "quadrupole": [
                [
                    -0.4855214233700519,
                    -0.4778488933809991,
                    0.001157298106952425
                ],
                [
                    -0.4778488933809991,
                    -0.004338441041358314,
                    -0.4899521038714799
                ],
                [
                    0.001157298106952425,
                    -0.4899521038714799,
                    -0.00434774481468731
                ]
            ],
            "volume_eff": 2.7345688845073117,
            "alpha_iso": 0.872734750374674,
            "c6_ii": 0.24448536490494022,
            "c8_ii": 1.5677364680728516,
            "c10_ii": 13.875013351895866,
            "slater_b_init": 69.10403493638108
        },
        {
            "index": 22,
            "element": "H",
            "charge": 0.15295614502123833,
            "dipole": [
                0.009116602905572651,
                0.03172925682504319,
                -0.02890192095658498
            ],
            "quadrupole": [
                [
                    -0.48356444405792626,
                    -0.48546002379433645,
                    0.00794830125514373
                ],
                [
                    -0.48546002379433645,
                    -0.002176786403325865,
                    -0.482223632429916
                ],
                [
                    0.00794830125514373,
                    -0.482223632429916,
                    -0.0017422945498899401
                ]
            ],
            "volume_eff": 2.72894978351082,
            "alpha_iso": 0.8709414202694106,
            "c6_ii": 0.24348164069214015,
            "c8_ii": 1.559160645350161,
            "c10_ii": 13.780204543459444,
            "slater_b_init": 69.15143245467613
        },
        {
            "index": 23,
            "element": "H",
            "charge": 0.15867669383645588,
            "dipole": [
                -0.04168598500792202,
                -0.0018657704121444706,
                0.0112434206496769
            ],
            "quadrupole": [
                [
                    -0.4844594625529923,
                    -0.4718373322368033,
                    -0.005014629339760921
                ],
                [
                    -0.4718373322368033,
                    -0.0011097306788661495,
                    -0.4755924947915625
                ],
                [
                    -0.005014629339760921,
                    -0.4755924947915625,
                    0.0038867980154938813
                ]
            ],
            "volume_eff": 2.680288989855868,
            "alpha_iso": 0.8554113797412345,
            "c6_ii": 0.23487585609087483,
            "c8_ii": 1.4861195232497002,
            "c10_ii": 12.978044474835574,
            "slater_b_init": 69.5674078509421
        },
        {
            "index": 24,
            "element": "H",
            "charge": 0.14988532023604906,
            "dipole": [
                0.029861974434788517,
                0.006735540991124399,
                0.03107549757786456
            ],
            "quadrupole": [
                [
                    -0.49173204807431714,
                    -0.4823879135029097,
                    -0.005188458892067732
                ],
                [
                    -0.4823879135029097,
                    0.001050219701205527,
                    -0.49364217280349587
                ],
                [
                    -0.005188458892067732,
                    -0.49364217280349587,
                    -0.004294356779206579
                ]
            ],
            "volume_eff": 2.77147686257356,
            "alpha_iso": 0.8845138923107106,
            "c6_ii": 0.25112945022168803,
            "c8_ii": 1.6247982127247704,
            "c10_ii": 14.509130085234286,
            "slater_b_init": 68.79590843444443
        },
        {
            "index": 25,
            "element": "H",
            "charge": 0.17225825388220806,
            "dipole": [
                0.01453517025000509,
                -0.03708222947862651,
                -0.02742534050133055
            ],
            "quadrupole": [
                [
                    -0.46349002483008733,
                    -0.46339931400964596,
                    -0.004535070618171067
                ],
                [
                    -0.46339931400964596,
                    0.00041687102355562417,
                    -0.45972076258963274
                ],
                [
                    -0.004535070618171067,
                    -0.45972076258963274,
                    0.0003411731798760165
                ]
            ],
            "volume_eff": 2.5703034663696953,
            "alpha_iso": 0.8203096169264985,
            "c6_ii": 0.21599511800215518,
            "c8_ii": 1.3290086830651313,
            "c10_ii": 11.28630692945078,
            "slater_b_init": 70.54586477635944
        }
    ]
}