{
    "molecule": "Phos_541",
    "atoms": [
        {
            "index": 0,
            "element": "C",
            "charge": -0.06516621527250877,
            "dipole": [
                0.06073309374446049,
                0.030818703092800426,
                0.17531885965641872
            ],
            "quadrupole": [
                [
                    -4.444261919180778,
                    -4.419739686348572,
                    0.009898648312152758
                ],
                [
                    -4.419739686348572,
                    -0.018779374580037728,
                    -4.279403448332494
                ],
                [
                    0.009898648312152758,
                    -4.279403448332494,
                    0.05254899606284671
                ]
            ],
            "volume_eff": 31.685375801793935,
            "alpha_iso": 9.953521194280817,
            "c6_ii": 32.060989042283886,
            "c8_ii": 819.9520080975738,
            "c10_ii": 26273.287105847823,
            "slater_b_init": 37.25085207047287
        },
        {
            "index": 1,
            "element": "O",
            "charge": -0.5325790529650956,
            "dipole": [
                -0.1728179798347082,
                -0.12800243790750365,
                -0.023032392494284015
            ],
            "quadrupole": [
                [
                    -4.21494167787276,
                    -4.199823234500611,
                    -7.472212509279655e-05
                ],
                [
                    -4.199823234500611,
                    -0.025397935684397268,
                    -4.174584614079096
                ],
                [
                    -7.472212509279655e-05,
                    -4.174584614079096,
                    0.0038235715372355716
                ]
            ],
            "volume_eff": 23.92655731874879,
            "alpha_iso": 7.1383099183007435,
            "c6_ii": 27.26012717556543,
            "c8_ii": 1136.5750864627867,
            "c10_ii": 45632.88961560096,
            "slater_b_init": 33.713293195834574
        },
        {
            "index": 2,
            "element": "P",
            "charge": 1.7623718440655605,
            "dipole": [
                -0.026669857677158883,
                -0.010188824271100991,
                -0.0601222695697514
            ],
            "quadrupole": [
                [
                    -6.202379311263812,
                    -6.104319024603555,
                    -0.06926209970050203
                ],
                [
                    -6.104319024603555,
                    -0.004357688861686807,
                    -6.170439255339551
                ],
                [
                    -0.06926209970050203,
                    -6.170439255339551,
                    -0.04932811063819109
                ]
            ],
            "volume_eff": 48.5596045097659,
            "alpha_iso": 18.676770965294576,
            "c6_ii": 103.25124501226087,
            "c8_ii": 3216.5931417965567,
            "c10_ii": 56749.73966575051,
            "slater_b_init": 36.36860796419468
        },
        {
            "index": 3,
            "element": "O",
            "charge": -0.8120814024713674,
            "dipole": [
                0.1628380614250678,
                0.011214925876918068,
                0.31577619402098717
            ],
            "quadrupole": [
                [
                    -4.674544679268824,
                    -4.6711783379544425,
                    -0.005730046602756245
                ],
                [
                    -4.6711783379544425,
                    0.004306568000561318,
                    -4.706528889782027
                ],
                [
                    -0.005730046602756245,
                    -4.706528889782027,
                    -0.01702161201317295
                ]
            ],
            "volume_eff": 27.74429560097347,
            "alpha_iso": 8.277303659958935,
            "c6_ii": 36.65344964729236,
            "c8_ii": 1686.7372454279491,
            "c10_ii": 74746.28266236905,
            "slater_b_init": 32.09002198921749
        },
        {
            "index": 4,
            "element": "O",
            "charge": -0.5540151360824588,
            "dipole": [
                0.14986411226561952,
                -0.07652895659680119,
                -0.12254335720462191
            ],
            "quadrupole": [
                [
                    -4.214405749662159,
                    -4.2217478529988135,
                    -0.0369243884334784
                ],
                [
                    -4.2217478529988135,
                    0.0007748717938383699,
                    -4.271519487250894
                ],
                [
                    -0.0369243884334784,
                    -4.271519487250894,
                    0.007557396559429257
                ]
            ],
            "volume_eff": 24.26959911807002,
            "alpha_iso": 7.240653880529178,
            "c6_ii": 28.04740296416004,
            "c8_ii": 1180.550313594154,
            "c10_ii": 47850.43954232887,
            "slater_b_init": 33.55369723410119
        },
        {
            "index": 5,
            "element": "C",
            "charge": -0.06949917816711526,
            "dipole": [
                -0.17035226545685794,
                -0.0771284096881183,
                -0.003973388843609103
            ],
            "quadrupole": [
                [
                    -4.32687721238139,
                    -4.394721562632274,
                    -0.016777842737838094
                ],
                [
                    -4.394721562632274,
                    0.07670947457771848,
                    -4.4740124105548364
                ],
                [
                    -0.016777842737838094,
                    -4.4740124105548364,
                    0.025246414205749756
                ]
            ],
            "volume_eff": 31.882221695826715,
            "alpha_iso": 10.01535760078326,
            "c6_ii": 32.46058524177099,
            "c8_ii": 833.6063362140832,
            "c10_ii": 26821.318797569766,
            "slater_b_init": 37.174029524827915
        },
        {
            "index": 6,
            "element": "O",
            "charge": -0.514128460376309,
            "dipole": [
                -0.011119407805449427,
                0.13740926557563396,
                -0.11064851191107061
            ],
            "quadrupole": [
                [
                    -4.105931940294615,
                    -4.141783665375014,
                    0.032720849572478394
                ],
                [
                    -4.141783665375014,
                    0.016232690720213806,
                    -4.125883159304143
                ],
                [
                    0.032720849572478394,
                    -4.125883159304143,
                    -0.013914285945648076
                ]
            ],
            "volume_eff": 23.323174316742236,
            "alpha_iso": 6.958295100022546,
            "c6_ii": 25.902564571480287,
            "c8_ii": 1061.7395177841495,
            "c10_ii": 41908.564280711646,
            "slater_b_init": 34.001548510955374
        },
        {
            "index": 7,
            "element": "C",
            "charge": 0.6029748489922451,
            "dipole": [
                0.1294839523813323,
                -0.08828519950044647,
                -0.13592093100864505
            ],
            "quadrupole": [
                [
                    -3.2791307988075875,
                    -3.3336215798831645,
                    -0.05701199187579269
                ],
                [
                    -3.3336215798831645,
                    0.10014724614736167,
                    -3.242115924348161
                ],
                [
                    -0.05701199187579269,
                    -3.242115924348161,
                    0.041925676643634106
                ]
            ],
            "volume_eff": 22.266753196707274,
            "alpha_iso": 6.994791580117467,
            "c6_ii": 15.83335618761494,
            "c8_ii": 320.0736005256214,
            "c10_ii": 8106.645622822505,
            "slater_b_init": 41.89898800640809
        },
        {
            "index": 8,
            "element": "N",
            "charge": -0.49727190421762124,
            "dipole": [
                -0.10895081161615683,
                0.11764884905174325,
                0.11677958709318581
            ],
            "quadrupole": [
                [
                    -4.759416011391903,
                    -4.753701398872109,
                    -0.1303497049346287
                ],
                [
                    -4.753701398872109,
                    0.12343692248086668,
                    -4.7137119174425255
                ],
                [
                    -0.1303497049346287,
                    -4.7137119174425255,
                    0.1048442543447647
                ]
            ],
            "volume_eff": 31.024607378986683,
            "alpha_iso": 9.038665141909506,
            "c6_ii": 36.10443233475518,
            "c8_ii": 1295.608531092728,
            "c10_ii": 50646.4029977874,
            "slater_b_init": 33.67789781892759
        },
        {
            "index": 9,
            "element": "H",
            "charge": 0.10969072174447714,
            "dipole": [
                0.04025683016506946,
                -0.04720117557318102,
                -0.02242039241819382
            ],
            "quadrupole": [
                [
                    -0.5089968801080456,
                    -0.5162611771411135,
                    0.0037077984740605586
                ],
                [
                    -0.5162611771411135,
                    -0.0020848909127710816,
                    -0.4991793334129718
                ],
                [
                    0.0037077984740605586,
                    -0.4991793334129718,
                    0.012335779330346026
                ]
            ],
            "volume_eff": 2.8513078249201573,
            "alpha_iso": 0.9099918590170715,
            "c6_ii": 0.26580512062235784,
            "c8_ii": 1.752617036882752,
            "c10_ii": 15.949639448332764,
            "slater_b_init": 68.14777176624568
        },
        {
            "index": 10,
            "element": "H",
            "charge": 0.12284748099253129,
            "dipole": [
                -0.05590735972741539,
                -0.023524942256822556,
                0.021528155120696987
            ],
            "quadrupole": [
                [
                    -0.49543897625505634,
                    -0.5007402047639936,
                    0.0049062981016170975
                ],
                [
                    -0.5007402047639936,
                    0.0035297464224481735,
                    -0.47625631396944434
                ],
                [
                    0.0049062981016170975,
                    -0.47625631396944434,
                    0.008170235275979083
                ]
            ],
            "volume_eff": 2.718756653923915,
            "alpha_iso": 0.8676882938055048,
            "c6_ii": 0.24166614018993587,
            "c8_ii": 1.5436789396516772,
            "c10_ii": 13.609378965742732,
            "slater_b_init": 69.2377452483397
        },
        {
            "index": 11,
            "element": "H",
            "charge": 0.09888455671546559,
            "dipole": [
                -0.007660794236988787,
                0.05544880837260615,
                -0.03416969528590679
            ],
            "quadrupole": [
                [
                    -0.5268563548384407,
                    -0.5183937791501336,
                    0.006950549011909488
                ],
                [
                    -0.5183937791501336,
                    0.004642920156742644,
                    -0.5124629712985449
                ],
                [
                    0.006950549011909488,
                    -0.5124629712985449,
                    0.008597881748748315
                ]
            ],
            "volume_eff": 2.9266556554242436,
            "alpha_iso": 0.9340390389651841,
            "c6_ii": 0.2800389146183472,
            "c8_ii": 1.8788571095220217,
            "c10_ii": 17.39839851490303,
            "slater_b_init": 67.55784998943102
        },
        {
            "index": 12,
            "element": "H",
            "charge": 0.10286643080075952,
            "dipole": [
                -0.00393497433750506,
                0.06469162413155895,
                -0.007830812320008733
            ],
            "quadrupole": [
                [
                    -0.49714788856851655,
                    -0.5188648857403958,
                    0.000735861449371778
                ],
                [
                    -0.5188648857403958,
                    0.001479266310313954,
                    -0.5264144215614875
                ],
                [
                    0.000735861449371778,
                    -0.5264144215614875,
                    -0.0008320370419959604
                ]
            ],
            "volume_eff": 2.8900235091359496,
            "alpha_iso": 0.9223479284476436,
            "c6_ii": 0.2730724472704092,
            "c8_ii": 1.8167970448788542,
            "c10_ii": 16.683036584377255,
            "slater_b_init": 67.84209286314453
        },
        {
            "index": 13,
            "element": "H",
            "charge": 0.12177836063344749,
            "dipole": [
                0.026879162851427336,
                -0.02157699048742389,
                0.05747224974850293
            ],
            "quadrupole": [
                [
                    -0.4851382143345613,
                    -0.5010110005282242,
                    -0.004887051059956569
                ],
                [
                    -0.5010110005282242,
                    0.010670537427375691,
                    -0.4992144808516243
                ],
                [
                    -0.004887051059956569,
                    -0.4992144808516243,
                    -0.0027630247018752673
                ]
            ],
            "volume_eff": 2.759020386031872,
            "alpha_iso": 0.8805384210740016,
            "c6_ii": 0.24887710723055423,
            "c8_ii": 1.6053972144855395,
            "c10_ii": 14.292895387313367,
            "slater_b_init": 68.89928669436371
        },
        {
            "index": 14,
            "element": "H",
            "charge": 0.11775154177944003,
            "dipole": [
                0.019151842691777096,
                -0.03227613291214262,
                -0.0503663038687196
            ],
            "quadrupole": [
                [
                    -0.48179843036694264,
                    -0.5023751588447377,
                    0.0020722304252751038
                ],
                [
                    -0.5023751588447377,
                    0.010348390930754398,
                    -0.5065415322628124
                ],
                [
                    0.0020722304252751038,
                    -0.5065415322628124,
                    -0.0015692802197645821
                ]
            ],
            "volume_eff": 2.764884715114141,
            "alpha_iso": 0.88241001546196,
            "c6_ii": 0.24993621382811093,
            "c8_ii": 1.6145127794696532,
            "c10_ii": 14.394412443019979,
            "slater_b_init": 68.85054034724345
        }
    ]
}