{
    "molecule": "BOB",
    "atoms": [
        {
            "index": 0,
            "element": "B",
            "charge": 1.2524945905460143,
            "dipole": [
                -0.0017966453813801557,
                -0.008073297453484488,
                -0.005796258576325034
            ],
            "quadrupole": [
                [
                    -2.226925626379863,
                    -2.1463646991489806,
                    0.0036186845503966385
                ],
                [
                    -2.1463646991489806,
                    0.009858374429124373,
                    -2.148253918452751
                ],
                [
                    0.0036186845503966385,
                    -2.148253918452751,
                    -0.009968471137702533
                ]
            ],
            "volume_eff": 16.04206973043993,
            "alpha_iso": 7.308053988311524,
            "c6_ii": 12.645000554573608,
            "c8_ii": 223.62949015211578,
            "c10_ii": 2569.9002913936965,
            "slater_b_init": 47.950847602904894
        },
        {
            "index": 1,
            "element": "O",
            "charge": -0.627105038016893,
            "dipole": [
                0.009861354813179686,
                -0.027467574863880247,
                0.13758949209335772
            ],
            "quadrupole": [
                [
                    -4.332446570681402,
                    -4.348451654113982,
                    0.011960044381866677
                ],
                [
                    -4.348451654113982,
                    0.0038355734766091763,
                    -4.476001829959977
                ],
                [
                    0.011960044381866677,
                    -4.476001829959977,
                    0.016239098048323835
                ]
            ],
            "volume_eff": 25.564224361306778,
            "alpha_iso": 7.626895665804232,
            "c6_ii": 31.119505656865176,
            "c8_ii": 1356.035985390474,
            "c10_ii": 56900.924625370164,
            "slater_b_init": 32.9774478491664
        },
        {
            "index": 2,
            "element": "C",
            "charge": 0.5710388447657069,
            "dipole": [
                -0.061403874077463345,
                -0.02314317184914969,
                0.15552815747286902
            ],
            "quadrupole": [
                [
                    -3.533123069371049,
                    -3.293668860194744,
                    -0.026189395492089946
                ],
                [
                    -3.293668860194744,
                    -0.08093616736151923,
                    -3.643530028500958
                ],
                [
                    -0.026189395492089946,
                    -3.643530028500958,
                    -0.04218745749309843
                ]
            ],
            "volume_eff": 24.453179845838385,
            "alpha_iso": 7.681627176703158,
            "c6_ii": 19.0954490098256,
            "c8_ii": 410.8901332864564,
            "c10_ii": 11077.353375568302,
            "slater_b_init": 40.611034383406
        },
        {
            "index": 3,
            "element": "O",
            "charge": -0.5060640196014319,
            "dipole": [
                0.05618538731842413,
                0.026054054451002197,
                0.06781739413365849
            ],
            "quadrupole": [
                [
                    -4.331240469214011,
                    -4.197526113960147,
                    0.009328525142709446
                ],
                [
                    -4.197526113960147,
                    -0.04172189404798128,
                    -4.42301781855451
                ],
                [
                    0.009328525142709446,
                    -4.42301781855451,
                    0.0445975879990963
                ]
            ],
            "volume_eff": 25.25712143233529,
            "alpha_iso": 7.535273797492296,
            "c6_ii": 30.376319573714465,
            "c8_ii": 1313.0295483633379,
            "c10_ii": 54654.18591144512,
            "slater_b_init": 33.110568047166716
        },
        {
            "index": 4,
            "element": "C",
            "charge": 0.5735941039539121,
            "dipole": [
                -0.004686001479502949,
                -0.01293908000474478,
                -0.16165770229990734
            ],
            "quadrupole": [
                [
                    -3.548013095532848,
                    -3.2852900470856032,
                    0.014950578032234577
                ],
                [
                    -3.2852900470856032,
                    -0.08975329325365818,
                    -3.6006290421921805
                ],
                [
                    0.014950578032234577,
                    -3.6006290421921805,
                    0.06114730739258863
                ]
            ],
            "volume_eff": 24.323633119195602,
            "alpha_iso": 7.640931869904376,
            "c6_ii": 18.893659281723963,
            "c8_ii": 405.1109528766254,
            "c10_ii": 10882.94291054263,
            "slater_b_init": 40.683004362486145
        },
        {
            "index": 5,
            "element": "O",
            "charge": -0.5040292098087455,
            "dipole": [
                0.06190592203167173,
                0.02496528306117572,
                -0.05286968815684548
            ],
            "quadrupole": [
                [
                    -4.309575824777156,
                    -4.194439460499704,
                    -0.013273156293710238
                ],
                [
                    -4.194439460499704,
                    -0.04037080935023135,
                    -4.421267460775108
                ],
                [
                    -0.013273156293710238,
                    -4.421267460775108,
                    -0.02242029817710313
                ]
            ],
            "volume_eff": 25.185708228909768,
            "alpha_iso": 7.513968200890207,
            "c6_ii": 30.204787473739078,
            "c8_ii": 1303.1527987507163,
            "c10_ii": 54140.77668068433,
            "slater_b_init": 33.14183313839177
        },
        {
            "index": 6,
            "element": "O",
            "charge": -0.6281498106901662,
            "dipole": [
                0.042272892017598276,
                -0.027638132358373705,
                -0.13007347242109427
            ],
            "quadrupole": [
                [
                    -4.355529594171629,
                    -4.360554198378154,
                    -0.0037028599668600727
                ],
                [
                    -4.360554198378154,
                    0.013823198458282504,
                    -4.494999402695519
                ],
                [
                    -0.0037028599668600727,
                    -4.494999402695519,
                    0.02174610192112194
                ]
            ],
            "volume_eff": 25.7411330663154,
            "alpha_iso": 7.679675058458737,
            "c6_ii": 31.551700289945337,
            "c8_ii": 1381.2045040588025,
            "c10_ii": 58224.10047639813,
            "slater_b_init": 32.9017270981606
        },
        {
            "index": 7,
            "element": "O",
            "charge": -0.6437044078222129,
            "dipole": [
                -0.0423688999211124,
                -0.1090222431675697,
                -0.04794790747605986
            ],
            "quadrupole": [
                [
                    -4.382553060235499,
                    -4.514248495424937,
                    -0.021400341252413226
                ],
                [
                    -4.514248495424937,
                    -0.0167994894062984,
                    -4.367357384662472
                ],
                [
                    -0.021400341252413226,
                    -4.367357384662472,
                    -0.010925236098571732
                ]
            ],
            "volume_eff": 25.88091582633444,
            "alpha_iso": 7.721378202331822,
            "c6_ii": 31.895302776328595,
            "c8_ii": 1401.2961676157606,
            "c10_ii": 59284.713189144284,
            "slater_b_init": 32.84238608814265
        },
        {
            "index": 8,
            "element": "C",
            "charge": 0.5929319145371199,
            "dipole": [
                0.007994873361816549,
                -0.15925634386741075,
                -0.03229981852570434
            ],
            "quadrupole": [
                [
                    -3.517811315672075,
                    -3.562096001200804,
                    -0.017362174052851093
                ],
                [
                    -3.562096001200804,
                    -0.06520318545405798,
                    -3.2458579794132825
                ],
                [
                    -0.017362174052851093,
                    -3.2458579794132825,
                    0.06760260351477501
                ]
            ],
            "volume_eff": 24.004906263142225,
            "alpha_iso": 7.540808250201746,
            "c6_ii": 18.40175396173666,
            "c8_ii": 391.1093266473419,
            "c10_ii": 10414.815603820209,
            "slater_b_init": 40.862270446607496
        },
        {
            "index": 9,
            "element": "O",
            "charge": -0.5040546484842281,
            "dipole": [
                -0.07011389816284577,
                -0.05012450924361626,
                0.018039396423532028
            ],
            "quadrupole": [
                [
                    -4.305811229087326,
                    -4.4249890579604045,
                    -0.03456618381650461
                ],
                [
                    -4.4249890579604045,
                    0.020983090235579354,
                    -4.199136780024673
                ],
                [
                    -0.03456618381650461,
                    -4.199136780024673,
                    0.030563727334546664
                ]
            ],
            "volume_eff": 25.198846069095445,
            "alpha_iso": 7.517887777520188,
            "c6_ii": 30.236307665022075,
            "c8_ii": 1304.9663199987262,
            "c10_ii": 54234.97373389571,
            "slater_b_init": 33.1360724539837
        },
        {
            "index": 10,
            "element": "C",
            "charge": 0.5699342760950827,
            "dipole": [
                0.06382115851392328,
                0.15027121791068676,
                -0.008508748075461389
            ],
            "quadrupole": [
                [
                    -3.5300749663205657,
                    -3.6252692140381155,
                    -0.052650747276764845
                ],
                [
                    -3.6252692140381155,
                    0.024055492735349814,
                    -3.2888092605310475
                ],
                [
                    -0.052650747276764845,
                    -3.2888092605310475,
                    0.06932416496420869
                ]
            ],
            "volume_eff": 24.36318848042615,
            "alpha_iso": 7.653357637830203,
            "c6_ii": 18.955159402611667,
            "c8_ii": 406.87012359546463,
            "c10_ii": 10942.048123225673,
            "slater_b_init": 40.660975190328884
        },
        {
            "index": 11,
            "element": "O",
            "charge": -0.5182426671076925,
            "dipole": [
                -0.0386033866637854,
                0.07476228467213612,
                0.023979174886905083
            ],
            "quadrupole": [
                [
                    -4.372506433234374,
                    -4.430618394604401,
                    -0.009637226930234591
                ],
                [
                    -4.430618394604401,
                    -0.05510675501146365,
                    -4.218995316637594
                ],
                [
                    -0.009637226930234591,
                    -4.218995316637594,
                    0.03186905361565876
                ]
            ],
            "volume_eff": 25.46634400560348,
            "alpha_iso": 7.597693791727005,
            "c6_ii": 30.88166100358074,
            "c8_ii": 1342.2348078245195,
            "c10_ii": 56177.955100442785,
            "slater_b_init": 33.01964364173377
        },
        {
            "index": 12,
            "element": "O",
            "charge": -0.6302070320509578,
            "dipole": [
                -0.017061113556670095,
                0.1304685907584933,
                -0.017138850172689235
            ],
            "quadrupole": [
                [
                    -4.338959416631146,
                    -4.486645842861126,
                    -0.0015218010316779696
                ],
                [
                    -4.486645842861126,
                    -0.010257460010803384,
                    -4.3536543778572225
                ],
                [
                    -0.0015218010316779696,
                    -4.3536543778572225,
                    -0.004811207790368402
                ]
            ],
            "volume_eff": 25.63803838553325,
            "alpha_iso": 7.648917529385611,
            "c6_ii": 31.29947373775523,
            "c8_ii": 1366.5022233914472,
            "c10_ii": 57450.423390811695,
            "slater_b_init": 32.945769164975864
        }
    ]
}