{
    "molecule": "CCarb_999",
    "atoms": [
        {
            "index": 0,
            "element": "C",
            "charge": -0.3634806650630562,
            "dipole": [
                0.01485583856574418,
                0.035770973527414505,
                -0.03229227029040285
            ],
            "quadrupole": [
                [
                    -5.053235712220218,
                    -4.960950265094237,
                    0.09363207390954585
                ],
                [
                    -4.960950265094237,
                    0.012573282648835298,
                    -5.1003591897496925
                ],
                [
                    0.09363207390954585,
                    -5.1003591897496925,
                    0.03622793798983775
                ]
            ],
            "volume_eff": 38.06231740941756,
            "alpha_iso": 11.956748924424364,
            "c6_ii": 46.26468867794653,
            "c8_ii": 1337.0636180938554,
            "c10_ii": 48413.77628355777,
            "slater_b_init": 35.0421509793989
        },
        {
            "index": 1,
            "element": "C",
            "charge": -0.1917372550661094,
            "dipole": [
                -0.03574934529839092,
                0.018313905306797336,
                0.042641692084599774
            ],
            "quadrupole": [
                [
                    -4.733447047240458,
                    -4.597297564487261,
                    0.09573262020459906
                ],
                [
                    -4.597297564487261,
                    0.014268962732679967,
                    -4.742020481572097
                ],
                [
                    0.09573262020459906,
                    -4.742020481572097,
                    0.07353855682125106
                ]
            ],
            "volume_eff": 34.87264378868704,
            "alpha_iso": 10.954757211105877,
            "c6_ii": 38.83550332520327,
            "c8_ii": 1058.7444103278458,
            "c10_ii": 36163.277378479725,
            "slater_b_init": 36.07953022044866
        },
        {
            "index": 2,
            "element": "C",
            "charge": 0.13706949957682202,
            "dipole": [
                0.048058747192127896,
                0.05128080741792621,
                0.09092444157330665
            ],
            "quadrupole": [
                [
                    -4.124058637370085,
                    -4.045939115759627,
                    0.04509458126626424
                ],
                [
                    -4.045939115759627,
                    0.04763726492192919,
                    -3.9463414635375345
                ],
                [
                    0.04509458126626424,
                    -3.9463414635375345,
                    0.020967808034487764
                ]
            ],
            "volume_eff": 28.83283862027704,
            "alpha_iso": 9.057436215793835,
            "c6_ii": 26.548133523804836,
            "c8_ii": 637.5748889422664,
            "c10_ii": 19184.163817951994,
            "slater_b_init": 38.4408838781262
        },
        {
            "index": 3,
            "element": "O",
            "charge": -0.40615665092894915,
            "dipole": [
                0.03076373768063299,
                -0.07433334668789243,
                -0.02435811159140997
            ],
            "quadrupole": [
                [
                    -4.080799677077434,
                    -4.027492800239383,
                    0.04367512388449181
                ],
                [
                    -4.027492800239383,
                    -0.0074122245624254875,
                    -4.072499026853607
                ],
                [
                    0.04367512388449181,
                    -4.072499026853607,
                    -0.014970967873211819
                ]
            ],
            "volume_eff": 23.102391276622434,
            "alpha_iso": 6.892426126727135,
            "c6_ii": 25.41448530292512,
            "c8_ii": 1035.1486506501553,
            "c10_ii": 40600.71723962169,
            "slater_b_init": 34.10951969221939
        },
        {
            "index": 4,
            "element": "C",
            "charge": 0.9678806871600525,
            "dipole": [
                0.0033849134856029773,
                -0.026058876696377967,
                -0.022585373849458926
            ],
            "quadrupole": [
                [
                    -2.832872515743982,
                    -2.963657083965677,
                    -0.04120011379453201
                ],
                [
                    -2.963657083965677,
                    0.0021258506686081136,
                    -2.934079109980276
                ],
                [
                    -0.04120011379453201,
                    -2.934079109980276,
                    -0.047319211376985554
                ]
            ],
            "volume_eff": 19.736230532705488,
            "alpha_iso": 6.199862994567169,
            "c6_ii": 12.43906134482915,
            "c8_ii": 232.0256648144905,
            "c10_ii": 5422.491770204836,
            "slater_b_init": 43.61820227915785
        },
        {
            "index": 5,
            "element": "O",
            "charge": -0.6073872219558307,
            "dipole": [
                0.025062625244625318,
                0.13146054092247708,
                0.1073444762886299
            ],
            "quadrupole": [
                [
                    -4.346786360078241,
                    -4.420613768287069,
                    0.014038506364469345
                ],
                [
                    -4.420613768287069,
                    0.029560342611213687,
                    -4.412711173482519
                ],
                [
                    0.014038506364469345,
                    -4.412711173482519,
                    -0.052588562478463774
                ]
            ],
            "volume_eff": 25.71502619075155,
            "alpha_iso": 7.671886266854053,
            "c6_ii": 31.48773274033209,
            "c8_ii": 1377.4721156589574,
            "c10_ii": 58027.49535615428,
            "slater_b_init": 32.91285769510204
        },
        {
            "index": 6,
            "element": "O",
            "charge": -0.402773843277096,
            "dipole": [
                -0.04611847557802433,
                -0.03519573448885271,
                -0.07410291783700895
            ],
            "quadrupole": [
                [
                    -4.045776363734008,
                    -4.057898386392222,
                    0.047478624078903464
                ],
                [
                    -4.057898386392222,
                    0.025165537506678475,
                    -4.0611815956650466
                ],
                [
                    0.047478624078903464,
                    -4.0611815956650466,
                    0.015013077419312097
                ]
            ],
            "volume_eff": 23.054072965837534,
            "alpha_iso": 6.878010719089651,
            "c6_ii": 25.3082884310641,
            "c8_ii": 1029.3853799508497,
            "c10_ii": 40318.35459302966,
            "slater_b_init": 34.133332755591304
        },
        {
            "index": 7,
            "element": "C",
            "charge": 0.10208339054005489,
            "dipole": [
                -0.009863350050794646,
                0.11982680449439195,
                0.012445257392485934
            ],
            "quadrupole": [
                [
                    -4.186609883539111,
                    -4.012848971399491,
                    0.04196485705379938
                ],
                [
                    -4.012848971399491,
                    0.003975381589185101,
                    -4.176958004742896
                ],
                [
                    0.04196485705379938,
                    -4.176958004742896,
                    -0.003176471398502592
                ]
            ],
            "volume_eff": 29.718740802161665,
            "alpha_iso": 9.335730094919894,
            "c6_ii": 28.204603531124963,
            "c8_ii": 691.1609803093827,
            "c10_ii": 21220.36669285917,
            "slater_b_init": 38.05505587332091
        },
        {
            "index": 8,
            "element": "C",
            "charge": -0.06386777053054615,
            "dipole": [
                -0.03906835938486878,
                -0.0014909344279167755,
                -0.04508208244656125
            ],
            "quadrupole": [
                [
                    -4.438913716101645,
                    -4.40403523033504,
                    0.004678478852146723
                ],
                [
                    -4.40403523033504,
                    0.011607589043290102,
                    -4.401858706007038
                ],
                [
                    0.004678478852146723,
                    -4.401858706007038,
                    -0.022233552553039646
                ]
            ],
            "volume_eff": 32.282688427925244,
            "alpha_iso": 10.141158668458191,
            "c6_ii": 33.28116958243169,
            "c8_ii": 861.8214907962317,
            "c10_ii": 27960.859613299446,
            "slater_b_init": 37.01967489276004
        },
        {
            "index": 9,
            "element": "C",
            "charge": -0.44236308162079574,
            "dipole": [
                0.009596953613657653,
                0.06642320475997951,
                0.01670142298631119
            ],
            "quadrupole": [
                [
                    -5.116262521125339,
                    -5.1475682973776005,
                    -0.02929802430812965
                ],
                [
                    -5.1475682973776005,
                    -0.02484303270140294,
                    -5.122656426422834
                ],
                [
                    -0.02929802430812965,
                    -5.122656426422834,
                    -0.012003647988770839
                ]
            ],
            "volume_eff": 38.905566228612244,
            "alpha_iso": 12.22164384144887,
            "c6_ii": 48.33733155225479,
            "c8_ii": 1417.5208049765574,
            "c10_ii": 52082.36197674307,
            "slater_b_init": 34.78712880111538
        },
        {
            "index": 10,
            "element": "C",
            "charge": -0.43463520063639827,
            "dipole": [
                0.04884802311466843,
                -0.05567381767947422,
                0.019620345399730402
            ],
            "quadrupole": [
                [
                    -5.0978368599623725,
                    -5.095035106195492,
                    0.01494538986558155
                ],
                [
                    -5.095035106195492,
                    0.02355507257238175,
                    -5.094080512172134
                ],
                [
                    0.01494538986558155,
                    -5.094080512172134,
                    -0.02276148552322225
                ]
            ],
            "volume_eff": 38.525848526988824,
            "alpha_iso": 12.102360793818477,
            "c6_ii": 47.398392875853915,
            "c8_ii": 1380.9269377143416,
            "c10_ii": 50407.16194913595,
            "slater_b_init": 34.90104476030808
        },
        {
            "index": 11,
            "element": "H",
            "charge": 0.17956240293575998,
            "dipole": [
                0.04974699200390506,
                -0.010536170763043123,
                -0.006636383665582935
            ],
            "quadrupole": [
                [
                    -0.4462268517973458,
                    -0.4455437570991246,
                    -0.00563122744451896
                ],
                [
                    -0.4455437570991246,
                    -0.0019191888711133913,
                    -0.44004098661005153
                ],
                [
                    -0.00563122744451896,
                    -0.44004098661005153,
                    0.0012790427917583874
                ]
            ],
            "volume_eff": 2.419557241693963,
            "alpha_iso": 0.7721991196895626,
            "c6_ii": 0.19140220360102125,
            "c8_ii": 1.1311802558221768,
            "c10_ii": 9.22692209578849,
            "slater_b_init": 71.9815280633536
        },
        {
            "index": 12,
            "element": "H",
            "charge": 0.16915717192162782,
            "dipole": [
                -0.027049302636703354,
                0.030179739353789304,
                -0.028941113911368877
            ],
            "quadrupole": [
                [
                    -0.45798586556251347,
                    -0.4590670256227584,
                    -0.002283786084625264
                ],
                [
                    -0.4590670256227584,
                    0.0008223634408979935,
                    -0.45309707678786604
                ],
                [
                    -0.002283786084625264,
                    -0.45309707678786604,
                    -0.006406419727374099
                ]
            ],
            "volume_eff": 2.5160031087227956,
            "alpha_iso": 0.8029797155498284,
            "c6_ii": 0.20696527176785884,
            "c8_ii": 1.2554493869381689,
            "c10_ii": 10.51092881489662,
            "slater_b_init": 71.04976368046164
        },
        {
            "index": 13,
            "element": "H",
            "charge": 0.1594519498077056,
            "dipole": [
                0.038887550430123104,
                -0.024710401676996566,
                0.0279765541515383
            ],
            "quadrupole": [
                [
                    -0.45459323322611006,
                    -0.46843108886326995,
                    -0.0023489228101216324
                ],
                [
                    -0.46843108886326995,
                    0.0003512866081076292,
                    -0.4605868347051959
                ],
                [
                    -0.0023489228101216324,
                    -0.4605868347051959,
                    -0.009921719014970586
                ]
            ],
            "volume_eff": 2.536839249597303,
            "alpha_iso": 0.80962954774382,
            "c6_ii": 0.21040740887748674,
            "c8_ii": 1.2833662352750523,
            "c10_ii": 10.803894756155623,
            "slater_b_init": 70.85470802328645
        },
        {
            "index": 14,
            "element": "H",
            "charge": 0.11799415833551508,
            "dipole": [
                -0.017115056939580046,
                -0.056185842728304014,
                0.01198938686607917
            ],
            "quadrupole": [
                [
                    -0.48081248188047854,
                    -0.4935030934212807,
                    0.007682560840671408
                ],
                [
                    -0.4935030934212807,
                    -0.005617359716459291,
                    -0.47599818272553385
                ],
                [
                    0.007682560840671408,
                    -0.47599818272553385,
                    0.0031427152303079076
                ]
            ],
            "volume_eff": 2.6549088610323985,
            "alpha_iso": 0.8473113386273613,
            "c6_ii": 0.23044875455220698,
            "c8_ii": 1.4488888110521316,
            "c10_ii": 12.572912899656892,
            "slater_b_init": 69.78838633029328
        },
        {
            "index": 15,
            "element": "H",
            "charge": 0.11800497385455322,
            "dipole": [
                0.004934005217007675,
                -0.0030093992554372046,
                -0.05671895070251146
            ],
            "quadrupole": [
                [
                    -0.48401122280825754,
                    -0.4777808987894874,
                    0.002914277776039168
                ],
                [
                    -0.4777808987894874,
                    6.548645508087087e-05,
                    -0.5051072370501586
                ],
                [
                    0.002914277776039168,
                    -0.5051072370501586,
                    0.002021925508573217
                ]
            ],
            "volume_eff": 2.7110868513095743,
            "alpha_iso": 0.8652404844605025,
            "c6_ii": 0.24030454931710582,
            "c8_ii": 1.532093353206491,
            "c10_ii": 13.481822942106797,
            "slater_b_init": 69.3029761409217
        },
        {
            "index": 16,
            "element": "H",
            "charge": 0.12474441363442246,
            "dipole": [
                -0.017347922822145454,
                0.0013689816839942178,
                0.04879215325562522
            ],
            "quadrupole": [
                [
                    -0.4796121558425961,
                    -0.4791129113830559,
                    0.00030066749637039
                ],
                [
                    -0.4791129113830559,
                    0.000634957901988601,
                    -0.5043912882867573
                ],
                [
                    0.00030066749637039,
                    -0.5043912882867573,
                    0.0015537216306981654
                ]
            ],
            "volume_eff": 2.703212595953173,
            "alpha_iso": 0.8627274242403745,
            "c6_ii": 0.23891066446848405,
            "c8_ii": 1.5202556275741153,
            "c10_ii": 13.351739742662856,
            "slater_b_init": 69.37020236372865
        },
        {
            "index": 17,
            "element": "H",
            "charge": 0.15219886404412197,
            "dipole": [
                -0.04524992333263775,
                -0.0017144698842841203,
                0.011300429252044827
            ],
            "quadrupole": [
                [
                    -0.48811807364592613,
                    -0.4744191044771243,
                    0.0038351354817176163
                ],
                [
                    -0.4744191044771243,
                    -0.0011299097690764027,
                    -0.48052027600532976
                ],
                [
                    0.0038351354817176163,
                    -0.48052027600532976,
                    -0.0007154651538804202
                ]
            ],
            "volume_eff": 2.698355159654895,
            "alpha_iso": 0.8611771786132644,
            "c6_ii": 0.2380528328033563,
            "c8_ii": 1.5129818216063426,
            "c10_ii": 13.271934240644365,
            "slater_b_init": 69.41180293490302
        },
        {
            "index": 18,
            "element": "H",
            "charge": 0.13683128236278752,
            "dipole": [
                0.007140981558236152,
                0.00432755109307924,
                -0.04506413851890009
            ],
            "quadrupole": [
                [
                    -0.5024227283244618,
                    -0.49149872842583076,
                    0.0020050075886008127
                ],
                [
                    -0.49149872842583076,
                    0.002173039122849807,
                    -0.5103642406730912
                ],
                [
                    0.0020050075886008127,
                    -0.5103642406730912,
                    0.0023301035755148814
                ]
            ],
            "volume_eff": 2.855274444424361,
            "alpha_iso": 0.91125780141203,
            "c6_ii": 0.26654518884557354,
            "c8_ii": 1.7591263556388972,
            "c10_ii": 16.02372112170577,
            "slater_b_init": 68.11619960516171
        },
        {
            "index": 19,
            "element": "H",
            "charge": 0.12523649932734737,
            "dipole": [
                0.025413640404443737,
                -0.02992476027150439,
                0.025793304780700372
            ],
            "quadrupole": [
                [
                    -0.5148396612735158,
                    -0.5098745575540367,
                    0.004888076276636259
                ],
                [
                    -0.5098745575540367,
                    0.006350742729726235,
                    -0.5109925293965984
                ],
                [
                    0.004888076276636259,
                    -0.5109925293965984,
                    -0.0010988335980651254
                ]
            ],
            "volume_eff": 2.9199248582608206,
            "alpha_iso": 0.9318909122109003,
            "c6_ii": 0.27875231455299826,
            "c8_ii": 1.867356399491005,
            "c10_ii": 17.26537841952274,
            "slater_b_init": 67.60971995863966
        },
        {
            "index": 20,
            "element": "H",
            "charge": 0.15115661324682272,
            "dipole": [
                0.014505782122704662,
                0.04316863072750713,
                0.024098515751416385
            ],
            "quadrupole": [
                [
                    -0.4807646530393642,
                    -0.48528024032136335,
                    -0.0027038678158844897
                ],
                [
                    -0.48528024032136335,
                    -0.0038199825611738084,
                    -0.480575506423002
                ],
                [
                    -0.0027038678158844897,
                    -0.480575506423002,
                    0.002874597298181642
                ]
            ],
            "volume_eff": 2.7052853979447713,
            "alpha_iso": 0.8633889567908845,
            "c6_ii": 0.2392771945483919,
            "c8_ii": 1.5233662008520206,
            "c10_ii": 13.38589697650033,
            "slater_b_init": 69.35248058180153
        },
        {
            "index": 21,
            "element": "H",
            "charge": 0.13169250120616094,
            "dipole": [
                0.009568943609020206,
                -0.001699166820165966,
                -0.04439458448308464
            ],
            "quadrupole": [
                [
                    -0.5032420276014639,
                    -0.501426785174457,
                    -0.0024180901462418298
                ],
                [
                    -0.501426785174457,
                    -0.005406158000399147,
                    -0.5169742477015986
                ],
                [
                    -0.0024180901462418298,
                    -0.5169742477015986,
                    0.002918868691924294
                ]
            ],
            "volume_eff": 2.8968887914842387,
            "alpha_iso": 0.9245389760056082,
            "c6_ii": 0.2743713613826045,
            "c8_ii": 1.828328696238715,
            "c10_ii": 16.815505534461472,
            "slater_b_init": 67.78845790400469
        },
        {
            "index": 22,
            "element": "H",
            "charge": 0.14042971253302805,
            "dipole": [
                -0.041621434387008535,
                -0.01663366669490831,
                0.013096609338989398
            ],
            "quadrupole": [
                [
                    -0.4993184192890516,
                    -0.4909022675440688,
                    -0.004835688094856644
                ],
                [
                    -0.4909022675440688,
                    -0.005861080616535108,
                    -0.49346748756529235
                ],
                [
                    -0.004835688094856644,
                    -0.49346748756529235,
                    0.0017059404662869253
                ]
            ],
            "volume_eff": 2.795545293909633,
            "alpha_iso": 0.8921953065669042,
            "c6_ii": 0.2555101739698804,
            "c8_ii": 1.6626984874777027,
            "c10_ii": 14.933409033500082,
            "slater_b_init": 68.59790479914511
        }
    ]
}