{
    "molecule": "Phos_777",
    "atoms": [
        {
            "index": 0,
            "element": "N",
            "charge": -0.4371842835477242,
            "dipole": [
                0.06236989113336846,
                -0.05297661015051461,
                -0.08633962725292883
            ],
            "quadrupole": [
                [
                    -4.660305450376858,
                    -4.651741489406083,
                    -0.12083288442086566
                ],
                [
                    -4.651741489406083,
                    0.08080592458586883,
                    -4.779000822961413
                ],
                [
                    -0.12083288442086566,
                    -4.779000822961413,
                    0.13918449551611373
                ]
            ],
            "volume_eff": 30.89088185978076,
            "alpha_iso": 8.999705738676285,
            "c6_ii": 35.793860881352465,
            "c8_ii": 1280.7700560594164,
            "c10_ii": 49922.38374973085,
            "slater_b_init": 33.726424666249045
        },
        {
            "index": 1,
            "element": "C",
            "charge": 0.36580644500162496,
            "dipole": [
                -0.04460599212381048,
                0.0383634867090643,
                0.06525484346391563
            ],
            "quadrupole": [
                [
                    -3.5604262671460236,
                    -3.55433272029292,
                    -0.10259155517663006
                ],
                [
                    -3.55433272029292,
                    0.06312358595581162,
                    -3.6674431502085056
                ],
                [
                    -0.10259155517663006,
                    -3.6674431502085056,
                    0.11012712180515878
                ]
            ],
            "volume_eff": 24.733678089245174,
            "alpha_iso": 7.769741808139845,
            "c6_ii": 19.53604284622417,
            "c8_ii": 423.57925128483373,
            "c10_ii": 11506.605331804252,
            "slater_b_init": 40.45693061226839
        },
        {
            "index": 2,
            "element": "C",
            "charge": -0.3617624359201539,
            "dipole": [
                -0.028672313526284122,
                -0.0035719237557414953,
                -0.02181050444509012
            ],
            "quadrupole": [
                [
                    -4.83229246388199,
                    -4.789947316675055,
                    -0.006168709670841185
                ],
                [
                    -4.789947316675055,
                    -0.006944767112198226,
                    -4.832964707880268
                ],
                [
                    -0.006168709670841185,
                    -4.832964707880268,
                    -0.050866867166988
                ]
            ],
            "volume_eff": 35.34964251128287,
            "alpha_iso": 11.104599741764252,
            "c6_ii": 39.905177158300326,
            "c8_ii": 1097.8041558034738,
            "c10_ii": 37838.59111967104,
            "slater_b_init": 35.91651222146597
        },
        {
            "index": 3,
            "element": "C",
            "charge": 0.1094959466182086,
            "dipole": [
                -0.000996415250502606,
                0.06583705703443327,
                0.15992249266314007
            ],
            "quadrupole": [
                [
                    -4.178615005321897,
                    -4.082127091992205,
                    0.02423141183621502
                ],
                [
                    -4.082127091992205,
                    -0.0049250715757381954,
                    -4.060656328098004
                ],
                [
                    0.02423141183621502,
                    -4.060656328098004,
                    -0.06503242128420608
                ]
            ],
            "volume_eff": 29.436161938792917,
            "alpha_iso": 9.246961865589396,
            "c6_ii": 27.67078996149144,
            "c8_ii": 673.7745820392818,
            "c10_ii": 20555.22090924882,
            "slater_b_init": 38.17644088316196
        },
        {
            "index": 4,
            "element": "O",
            "charge": -0.5611844581181504,
            "dipole": [
                0.19245411116429945,
                -0.05372657320883117,
                0.00026677526288890863
            ],
            "quadrupole": [
                [
                    -4.26563940382799,
                    -4.226310157229994,
                    0.00783852131907109
                ],
                [
                    -4.226310157229994,
                    0.011310739537664304,
                    -4.225978905353922
                ],
                [
                    0.00783852131907109,
                    -4.225978905353922,
                    -0.017951647254657654
                ]
            ],
            "volume_eff": 24.29142171113147,
            "alpha_iso": 7.247164488403864,
            "c6_ii": 28.09786463315911,
            "c8_ii": 1183.3831555742477,
            "c10_ii": 47994.009628799235,
            "slater_b_init": 33.54364638750331
        },
        {
            "index": 5,
            "element": "P",
            "charge": 1.7582061336806536,
            "dipole": [
                0.048575419819517934,
                -0.04654250244419074,
                -0.03140912390969978
            ],
            "quadrupole": [
                [
                    -6.271955024560313,
                    -6.219992559319104,
                    -0.04706302480762988
                ],
                [
                    -6.219992559319104,
                    0.022137346935221878,
                    -6.230962855213062
                ],
                [
                    -0.04706302480762988,
                    -6.230962855213062,
                    0.04986412828372979
                ]
            ],
            "volume_eff": 49.77567406061408,
            "alpha_iso": 19.144490023313107,
            "c6_ii": 108.48740348280958,
            "c8_ii": 3435.9077007952824,
            "c10_ii": 61626.93518580636,
            "slater_b_init": 36.06998890893604
        },
        {
            "index": 6,
            "element": "O",
            "charge": -0.8350326611858669,
            "dipole": [
                -0.1379357759473829,
                0.112244543781088,
                0.28354931837463526
            ],
            "quadrupole": [
                [
                    -4.704293414608302,
                    -4.7300012075991145,
                    -0.010920423786212148
                ],
                [
                    -4.7300012075991145,
                    0.004387260872409474,
                    -4.73575073179074
                ],
                [
                    -0.010920423786212148,
                    -4.73575073179074,
                    0.004056232665482975
                ]
            ],
            "volume_eff": 28.09779854226073,
            "alpha_iso": 8.382768625867843,
            "c6_ii": 37.593437360199374,
            "c8_ii": 1744.6581561254056,
            "c10_ii": 77968.33080478967,
            "slater_b_init": 31.95487705144431
        },
        {
            "index": 7,
            "element": "O",
            "charge": -0.5753142773736215,
            "dipole": [
                -0.1061287703948145,
                -0.14598895471243228,
                -0.06324558113767528
            ],
            "quadrupole": [
                [
                    -4.2445644437817,
                    -4.310136342905267,
                    -0.029685602836641994
                ],
                [
                    -4.310136342905267,
                    0.00734892304770832,
                    -4.2387723920597375
                ],
                [
                    -0.029685602836641994,
                    -4.2387723920597375,
                    0.013193607098949435
                ]
            ],
            "volume_eff": 24.521484201035467,
            "alpha_iso": 7.315801916331023,
            "c6_ii": 28.63261110398784,
            "c8_ii": 1213.5068573716374,
            "c10_ii": 49525.982384257426,
            "slater_b_init": 33.438413555942354
        },
        {
            "index": 8,
            "element": "C",
            "charge": 0.11641612018576541,
            "dipole": [
                0.1649926310637521,
                -0.04584889668358686,
                -0.025128583346842044
            ],
            "quadrupole": [
                [
                    -4.005333806864104,
                    -4.1125499285145555,
                    -0.047589569920886365
                ],
                [
                    -4.1125499285145555,
                    -0.03720657446186513,
                    -4.139913983667229
                ],
                [
                    -0.047589569920886365,
                    -4.139913983667229,
                    0.031067323745980046
                ]
            ],
            "volume_eff": 29.186330276301288,
            "alpha_iso": 9.168480715068466,
            "c6_ii": 27.203086109807906,
            "c8_ii": 658.6329411605765,
            "c10_ii": 19979.43392759291,
            "slater_b_init": 38.2850602089034
        },
        {
            "index": 9,
            "element": "C",
            "charge": -0.38435478189887284,
            "dipole": [
                0.033826123674534615,
                0.03599609722167562,
                0.010660396018497106
            ],
            "quadrupole": [
                [
                    -4.818555715285813,
                    -4.890112470769599,
                    -0.025769018599832282
                ],
                [
                    -4.890112470769599,
                    -0.027016688431097332,
                    -4.895662069244296
                ],
                [
                    -0.025769018599832282,
                    -4.895662069244296,
                    0.02304478408571293
                ]
            ],
            "volume_eff": 35.81862545431654,
            "alpha_iso": 11.25192422648687,
            "c6_ii": 40.97104322232542,
            "c8_ii": 1137.0735987894404,
            "c10_ii": 39537.99019349728,
            "slater_b_init": 35.759068189522246
        },
        {
            "index": 10,
            "element": "C",
            "charge": 0.3942733987561713,
            "dipole": [
                -0.029300534510871754,
                -0.04060742841223477,
                0.06714272117460136
            ],
            "quadrupole": [
                [
                    -3.4918201348225395,
                    -3.557952601204666,
                    0.12987356025554692
                ],
                [
                    -3.557952601204666,
                    -0.06462506986951222,
                    -3.5874167897855744
                ],
                [
                    0.12987356025554692,
                    -3.5874167897855744,
                    0.0814001319293426
                ]
            ],
            "volume_eff": 24.327544252946034,
            "alpha_iso": 7.642160498307653,
            "c6_ii": 18.89973580566844,
            "c8_ii": 405.28468300209755,
            "c10_ii": 10888.777103512295,
            "slater_b_init": 40.68082404652291
        },
        {
            "index": 11,
            "element": "N",
            "charge": -0.4648599387387957,
            "dipole": [
                0.03413590398413198,
                0.06477167507193557,
                -0.08717563588856776
            ],
            "quadrupole": [
                [
                    -4.688138749613865,
                    -4.7710522719357344,
                    0.16776933619224774
                ],
                [
                    -4.7710522719357344,
                    -0.08869837584764384,
                    -4.805246965230351
                ],
                [
                    0.16776933619224774,
                    -4.805246965230351,
                    0.0998373697551512
                ]
            ],
            "volume_eff": 31.454462235597102,
            "alpha_iso": 9.163898446591283,
            "c6_ii": 37.11183785051866,
            "c8_ii": 1344.0323446137788,
            "c10_ii": 53023.51422734781,
            "slater_b_init": 33.523780218673785
        },
        {
            "index": 12,
            "element": "O",
            "charge": -0.5793178119566385,
            "dipole": [
                -0.019756791057021078,
                0.12763091429762735,
                -0.15660262459397759
            ],
            "quadrupole": [
                [
                    -4.250263899393299,
                    -4.253724274574377,
                    0.016388839291191677
                ],
                [
                    -4.253724274574377,
                    -0.003490145498779295,
                    -4.309142849123357
                ],
                [
                    0.016388839291191677,
                    -4.309142849123357,
                    0.01827001490015666
                ]
            ],
            "volume_eff": 24.594876104752586,
            "alpha_iso": 7.337697843406849,
            "c6_ii": 28.804260301843108,
            "c8_ii": 1223.2163140106911,
            "c10_ii": 50021.80813576613,
            "slater_b_init": 33.405119982663784
        },
        {
            "index": 13,
            "element": "C",
            "charge": 0.1088424214550443,
            "dipole": [
                -0.03713479567486336,
                -0.14775582010502863,
                -0.08555199853009947
            ],
            "quadrupole": [
                [
                    -4.131384576640671,
                    -4.048766280323684,
                    0.04601481283953074
                ],
                [
                    -4.048766280323684,
                    -0.0016396985518014194,
                    -4.179448553295588
                ],
                [
                    0.04601481283953074,
                    -4.179448553295588,
                    -0.03835907184578739
                ]
            ],
            "volume_eff": 29.582812376068517,
            "alpha_iso": 9.293030065780684,
            "c6_ii": 27.94718752530052,
            "c8_ii": 682.7630738796938,
            "c10_ii": 20898.561839583082,
            "slater_b_init": 38.113252518774715
        },
        {
            "index": 14,
            "element": "C",
            "charge": -0.3774605324277456,
            "dipole": [
                -0.016776372155304635,
                -0.041733704723543597,
                0.029367445269253476
            ],
            "quadrupole": [
                [
                    -4.8701756553143,
                    -4.792782431525387,
                    0.028019645829110894
                ],
                [
                    -4.792782431525387,
                    -0.018718447154624965,
                    -4.895644063099318
                ],
                [
                    0.028019645829110894,
                    -4.895644063099318,
                    -0.01097885969319139
                ]
            ],
            "volume_eff": 35.67950312858908,
            "alpha_iso": 11.20822087809081,
            "c6_ii": 40.653391880184,
            "c8_ii": 1125.3343997847742,
            "c10_ii": 39028.41038073825,
            "slater_b_init": 35.805485433844446
        },
        {
            "index": 15,
            "element": "C",
            "charge": 0.38959899554585586,
            "dipole": [
                0.08304745026034265,
                0.013556683564381219,
                -0.014725338565482221
            ],
            "quadrupole": [
                [
                    -3.7315473647967554,
                    -3.4818649576837783,
                    0.007386281830540021
                ],
                [
                    -3.4818649576837783,
                    -0.07332694126462057,
                    -3.4642078689855356
                ],
                [
                    0.007386281830540021,
                    -3.4642078689855356,
                    0.044422100301944
                ]
            ],
            "volume_eff": 24.460879499858308,
            "alpha_iso": 7.684045916185855,
            "c6_ii": 19.10747619805311,
            "c8_ii": 411.2352327333651,
            "c10_ii": 11088.984190796718,
            "slater_b_init": 40.60677283414465
        },
        {
            "index": 16,
            "element": "N",
            "charge": -0.4620913981618653,
            "dipole": [
                -0.11620506341171516,
                -0.018645870571826616,
                0.0027629318713057534
            ],
            "quadrupole": [
                [
                    -4.958100655256534,
                    -4.655967036349948,
                    0.01619976678594277
                ],
                [
                    -4.655967036349948,
                    -0.08946602140835248,
                    -4.628633984542453
                ],
                [
                    0.01619976678594277,
                    -4.628633984542453,
                    0.04718942979810402
                ]
            ],
            "volume_eff": 31.36070519034314,
            "alpha_iso": 9.136583401910993,
            "c6_ii": 36.890927346490614,
            "c8_ii": 1333.3756943058766,
            "c10_ii": 52498.515788059165,
            "slater_b_init": 33.557154930980616
        },
        {
            "index": 17,
            "element": "H",
            "charge": 0.18447398108477964,
            "dipole": [
                0.015049163788773441,
                0.04815096731716028,
                0.01032124641057195
            ],
            "quadrupole": [
                [
                    -0.4336736565573869,
                    -0.4452591330223492,
                    -0.0010390331321011436
                ],
                [
                    -0.4452591330223492,
                    -0.005155906576601977,
                    -0.4410692395424623
                ],
                [
                    -0.0010390331321011436,
                    -0.4410692395424623,
                    -0.0032138199652916254
                ]
            ],
            "volume_eff": 2.392556366004073,
            "alpha_iso": 0.7635818189374701,
            "c6_ii": 0.18715416110504002,
            "c8_ii": 1.0978303211598475,
            "c10_ii": 8.888144579890913,
            "slater_b_init": 72.25129509821626
        },
        {
            "index": 18,
            "element": "H",
            "charge": 0.18918290501247692,
            "dipole": [
                -0.0031158678008343286,
                -0.027835319286451887,
                0.04299815072776375
            ],
            "quadrupole": [
                [
                    -0.4278347749955186,
                    -0.43582509995758084,
                    0.002867198576301714
                ],
                [
                    -0.43582509995758084,
                    -0.0024863560235290016,
                    -0.44003582437860156
                ],
                [
                    0.002867198576301714,
                    -0.44003582437860156,
                    -0.002726984709138024
                ]
            ],
            "volume_eff": 2.3534786817235753,
            "alpha_iso": 0.7511102175713538,
            "c6_ii": 0.18109050040052158,
            "c8_ii": 1.0506630599003868,
            "c10_ii": 8.413397588881583,
            "slater_b_init": 72.64899419132863
        },
        {
            "index": 19,
            "element": "H",
            "charge": 0.10822830420531449,
            "dipole": [
                -0.026674515801943015,
                -0.06374455687435554,
                -0.0030783343673594617
            ],
            "quadrupole": [
                [
                    -0.4961644650025287,
                    -0.5052000307493283,
                    0.003288456325584755
                ],
                [
                    -0.5052000307493283,
                    -0.006101450567790408,
                    -0.4969603799501761
                ],
                [
                    0.003288456325584755,
                    -0.4969603799501761,
                    -0.007272279887193007
                ]
            ],
            "volume_eff": 2.773283024022842,
            "alpha_iso": 0.8850903268158007,
            "c6_ii": 0.25145687718759785,
            "c8_ii": 1.6276234134107552,
            "c10_ii": 14.540672548108988,
            "slater_b_init": 68.78097024250145
        },
        {
            "index": 20,
            "element": "H",
            "charge": 0.10715874275772097,
            "dipole": [
                -0.0013175411936458133,
                0.04547886195426942,
                -0.05157192163706758
            ],
            "quadrupole": [
                [
                    -0.49762680619365923,
                    -0.5030812163837041,
                    0.005499886453494511
                ],
                [
                    -0.5030812163837041,
                    -0.0047665316100845454,
                    -0.5004832004629837
                ],
                [
                    0.005499886453494511,
                    -0.5004832004629837,
                    -0.0060985965794698406
                ]
            ],
            "volume_eff": 2.778229176960438,
            "alpha_iso": 0.8866688862639697,
            "c6_ii": 0.2523546242047321,
            "c8_ii": 1.6353759041331737,
            "c10_ii": 14.627296904735859,
            "slater_b_init": 68.740128484928
        },
        {
            "index": 21,
            "element": "H",
            "charge": 0.10868118520435133,
            "dipole": [
                -0.02193166937464387,
                -0.043263064008947284,
                0.04648572993639192
            ],
            "quadrupole": [
                [
                    -0.48638046288471537,
                    -0.5034301765060831,
                    0.003097121270480288
                ],
                [
                    -0.5034301765060831,
                    -0.00021915441320466232,
                    -0.4967091346061244
                ],
                [
                    0.003097121270480288,
                    -0.4967091346061244,
                    0.008637666506450939
                ]
            ],
            "volume_eff": 2.73537145196513,
            "alpha_iso": 0.8729908889250415,
            "c6_ii": 0.24462889377530234,
            "c8_ii": 1.5689637396682332,
            "c10_ii": 13.88859190614232,
            "slater_b_init": 69.09727582089252
        },
        {
            "index": 22,
            "element": "H",
            "charge": 0.12584746214869713,
            "dipole": [
                -0.027847427870220823,
                0.06745993226468844,
                -0.0018883781365266108
            ],
            "quadrupole": [
                [
                    -0.4756736334600056,
                    -0.4869740614089279,
                    0.0028470178204254596
                ],
                [
                    -0.4869740614089279,
                    -0.0014161096238269868,
                    -0.4855482911260976
                ],
                [
                    0.0028470178204254596,
                    -0.4855482911260976,
                    0.006037893110891972
                ]
            ],
            "volume_eff": 2.6576188186845298,
            "alpha_iso": 0.8481762187291053,
            "c6_ii": 0.23091944874639111,
            "c8_ii": 1.4528359827767177,
            "c10_ii": 12.615742561835198,
            "slater_b_init": 69.76465733281721
        },
        {
            "index": 23,
            "element": "H",
            "charge": 0.18944796901859373,
            "dipole": [
                0.0280580028637577,
                -0.04242120387084675,
                0.0017164307406601095
            ],
            "quadrupole": [
                [
                    -0.4379862620982551,
                    -0.44098049686822305,
                    -0.0009662015210012468
                ],
                [
                    -0.44098049686822305,
                    0.0026910952912741542,
                    -0.4263441737387529
                ],
                [
                    -0.0009662015210012468,
                    -0.4263441737387529,
                    -0.0005295108263791805
                ]
            ],
            "volume_eff": 2.3610360637942374,
            "alpha_iso": 0.7535221480194375,
            "c6_ii": 0.18225538662285806,
            "c8_ii": 1.0596840609994478,
            "c10_ii": 8.503791163209922,
            "slater_b_init": 72.57139788275192
        },
        {
            "index": 24,
            "element": "H",
            "charge": 0.1950313323702466,
            "dipole": [
                -0.051107126039714915,
                -0.0020536686131512496,
                -0.005535973324817576
            ],
            "quadrupole": [
                [
                    -0.4339612361495996,
                    -0.43004465639590844,
                    -0.0005689231203521164
                ],
                [
                    -0.43004465639590844,
                    -0.0008668192796701762,
                    -0.4220267919744688
                ],
                [
                    -0.0005689231203521164,
                    -0.4220267919744688,
                    -0.0004436917969747254
                ]
            ],
            "volume_eff": 2.3118087869655812,
            "alpha_iso": 0.7378113149890153,
            "c6_ii": 0.1747346166626089,
            "c8_ii": 1.0017849592013013,
            "c10_ii": 7.927024807024896,
            "slater_b_init": 73.08289213504295
        },
        {
            "index": 25,
            "element": "H",
            "charge": 0.09235916912155684,
            "dipole": [
                0.0637751009047903,
                0.01342731130726704,
                -0.013064582844695397
            ],
            "quadrupole": [
                [
                    -0.5248695357535628,
                    -0.5021856324142736,
                    -0.0026502806040962492
                ],
                [
                    -0.5021856324142736,
                    -0.005356856127402651,
                    -0.5193864163258551
                ],
                [
                    -0.0026502806040962492,
                    -0.5193864163258551,
                    0.00277807858532615
                ]
            ],
            "volume_eff": 2.882778167257074,
            "alpha_iso": 0.9200355852948109,
            "c6_ii": 0.27170496831392466,
            "c8_ii": 1.804676423312073,
            "c10_ii": 16.544028306050876,
            "slater_b_init": 67.8988815930697
        },
        {
            "index": 26,
            "element": "H",
            "charge": 0.12601491770295548,
            "dipole": [
                -0.03534944231208094,
                0.01794090965651486,
                0.06081447439096374
            ],
            "quadrupole": [
                [
                    -0.49019258423435247,
                    -0.4748294974487465,
                    -0.0005114702689485163
                ],
                [
                    -0.4748294974487465,
                    -0.0026791910716639803,
                    -0.48820676517285366
                ],
                [
                    -0.0005114702689485163,
                    -0.48820676517285366,
                    0.0019268345864320339
                ]
            ],
            "volume_eff": 2.6743962234246506,
            "alpha_iso": 0.8535307096036119,
            "c6_ii": 0.23384421577959968,
            "c8_ii": 1.4774226317360486,
            "c10_ii": 12.883178317172037,
            "slater_b_init": 69.61846532695348
        },
        {
            "index": 27,
            "element": "H",
            "charge": 0.2048403296786372,
            "dipole": [
                0.017023584778195835,
                -0.02730925336936855,
                -0.04213857936061891
            ],
            "quadrupole": [
                [
                    -0.4136514758429857,
                    -0.42090461540955454,
                    -0.002153000961720826
                ],
                [
                    -0.42090461540955454,
                    -0.001266678108198279,
                    -0.4212386381338411
                ],
                [
                    -0.002153000961720826,
                    -0.4212386381338411,
                    0.004411908296339043
                ]
            ],
            "volume_eff": 2.245325027306255,
            "alpha_iso": 0.7165930938211452,
            "c6_ii": 0.16482897796192808,
            "c8_ii": 0.926788548935846,
            "c10_ii": 7.192301880208479,
            "slater_b_init": 73.79721227934196
        },
        {
            "index": 28,
            "element": "H",
            "charge": 0.18583737126893063,
            "dipole": [
                0.005513944901774789,
                0.051540715208431516,
                0.003371491207171754
            ],
            "quadrupole": [
                [
                    -0.43358237323158133,
                    -0.44521046792572644,
                    -0.0009144483083818565
                ],
                [
                    -0.44521046792572644,
                    -0.0019518865517826867,
                    -0.4386980688063805
                ],
                [
                    -0.0009144483083818565,
                    -0.4386980688063805,
                    0.003357968901327703
                ]
            ],
            "volume_eff": 2.386066774443518,
            "alpha_iso": 0.7615106726947397,
            "c6_ii": 0.18614026074478854,
            "c8_ii": 1.0899075526206838,
            "c10_ii": 8.808037627537697,
            "slater_b_init": 72.31673849588147
        }
    ]
}