{
    "molecule": "Phos_838",
    "atoms": [
        {
            "index": 0,
            "element": "C",
            "charge": -0.5106876035877752,
            "dipole": [
                0.07015092242108799,
                -0.20169274467212456,
                -0.017550714501845106
            ],
            "quadrupole": [
                [
                    -5.139515778040192,
                    -5.451460310611068,
                    -0.002310420179043727
                ],
                [
                    -5.451460310611068,
                    0.12481806770988296,
                    -5.111462767319852
                ],
                [
                    -0.002310420179043727,
                    -5.111462767319852,
                    0.03464225381883521
                ]
            ],
            "volume_eff": 39.27699190077379,
            "alpha_iso": 12.338322063070297,
            "c6_ii": 49.264675806065306,
            "c8_ii": 1453.8961454812425,
            "c10_ii": 53758.30919797308,
            "slater_b_init": 34.677125664171136
        },
        {
            "index": 1,
            "element": "C",
            "charge": 0.31829323648203545,
            "dipole": [
                -0.05475504013417281,
                0.29003354207461834,
                0.030623623596636316
            ],
            "quadrupole": [
                [
                    -3.7950764463907265,
                    -3.914765776673082,
                    0.024770220230003498
                ],
                [
                    -3.914765776673082,
                    0.10656369514594415,
                    -3.7362724036769386
                ],
                [
                    0.024770220230003498,
                    -3.7362724036769386,
                    -0.021944717627851364
                ]
            ],
            "volume_eff": 26.94279203047938,
            "alpha_iso": 8.463704302768392,
            "c6_ii": 23.18165235035437,
            "c8_ii": 532.1226325115132,
            "c10_ii": 15303.597440521298,
            "slater_b_init": 39.31952829110407
        },
        {
            "index": 2,
            "element": "O",
            "charge": -0.4470751345089621,
            "dipole": [
                0.15377386791746303,
                -0.053499415615673514,
                0.08867616040162883
            ],
            "quadrupole": [
                [
                    -4.040456469980593,
                    -4.014529802049891,
                    0.004235495531513353
                ],
                [
                    -4.014529802049891,
                    0.013708627291755832,
                    -4.030028150247641
                ],
                [
                    0.004235495531513353,
                    -4.030028150247641,
                    -0.039124711222931194
                ]
            ],
            "volume_eff": 22.54761834731182,
            "alpha_iso": 6.726913761076454,
            "c6_ii": 24.208551182571064,
            "c8_ii": 970.18084062033,
            "c10_ii": 37440.89076534583,
            "slater_b_init": 34.38700543804613
        },
        {
            "index": 3,
            "element": "P",
            "charge": 1.7496302526469485,
            "dipole": [
                0.03047596038221362,
                0.021844206544176577,
                0.09532968742222966
            ],
            "quadrupole": [
                [
                    -6.214893139467672,
                    -6.188674572309145,
                    0.0029034701169565673
                ],
                [
                    -6.188674572309145,
                    0.0045593277908821065,
                    -6.227246622492138
                ],
                [
                    0.0029034701169565673,
                    -6.227246622492138,
                    0.007590358272243185
                ]
            ],
            "volume_eff": 49.23058107664657,
            "alpha_iso": 18.934838875633297,
            "c6_ii": 106.12432448087344,
            "c8_ii": 3336.4835443673696,
            "c10_ii": 59405.949688480054,
            "slater_b_init": 36.20262581149603
        },
        {
            "index": 4,
            "element": "O",
            "charge": -0.8167114226295773,
            "dipole": [
                0.003235968862478202,
                -0.07983513021801791,
                -0.3509008511924043
            ],
            "quadrupole": [
                [
                    -4.682478387554018,
                    -4.689341845766396,
                    -0.01179856474109524
                ],
                [
                    -4.689341845766396,
                    -0.001147811213670542,
                    -4.7357677949456845
                ],
                [
                    -0.01179856474109524,
                    -4.7357677949456845,
                    -1.5585083486111257e-05
                ]
            ],
            "volume_eff": 27.935356423066636,
            "alpha_iso": 8.33430523119115,
            "c6_ii": 37.16001514101161,
            "c8_ii": 1717.8904750475522,
            "c10_ii": 76475.90851057092,
            "slater_b_init": 32.016695830885645
        },
        {
            "index": 5,
            "element": "O",
            "charge": -0.4503905338270897,
            "dipole": [
                -0.01827893631241553,
                0.1841054234115043,
                0.03841968940675448
            ],
            "quadrupole": [
                [
                    -4.021129115238396,
                    -4.070008045409539,
                    -0.030886499445542576
                ],
                [
                    -4.070008045409539,
                    0.00081192844159671,
                    -4.033477696190402
                ],
                [
                    -0.030886499445542576,
                    -4.033477696190402,
                    0.010194094270995864
                ]
            ],
            "volume_eff": 22.68553416157586,
            "alpha_iso": 6.7680599156082675,
            "c6_ii": 24.505607213021563,
            "c8_ii": 986.0862875360544,
            "c10_ii": 38209.72876150978,
            "slater_b_init": 34.3171789272938
        },
        {
            "index": 6,
            "element": "C",
            "charge": 0.31167385395657377,
            "dipole": [
                -0.2139366532825053,
                -0.16528241509991562,
                0.1180437236136773
            ],
            "quadrupole": [
                [
                    -3.7989403838470412,
                    -3.9162139649560888,
                    0.03683646785384145
                ],
                [
                    -3.9162139649560888,
                    -0.09810317911402677,
                    -3.7551031698670205
                ],
                [
                    0.03683646785384145,
                    -3.7551031698670205,
                    0.026989275371756702
                ]
            ],
            "volume_eff": 27.013078693950597,
            "alpha_iso": 8.485783882916417,
            "c6_ii": 23.30275979036447,
            "c8_ii": 535.8324662527397,
            "c10_ii": 15437.07981234782,
            "slater_b_init": 39.28539619649682
        },
        {
            "index": 7,
            "element": "C",
            "charge": -0.5038753610150764,
            "dipole": [
                0.13343698939262832,
                0.13891532476557616,
                -0.08409290969558404
            ],
            "quadrupole": [
                [
                    -5.244078310816601,
                    -5.258514744395113,
                    0.10934597830613167
                ],
                [
                    -5.258514744395113,
                    -0.18213635381555418,
                    -5.155922210763447
                ],
                [
                    0.10934597830613167,
                    -5.155922210763447,
                    0.06215951637181221
                ]
            ],
            "volume_eff": 39.12926269147555,
            "alpha_iso": 12.291914981615356,
            "c6_ii": 48.894782669799426,
            "c8_ii": 1439.3593712187578,
            "c10_ii": 53087.2732523261,
            "slater_b_init": 34.72071104045041
        },
        {
            "index": 8,
            "element": "O",
            "charge": -0.5718928421598566,
            "dipole": [
                -0.1652062400685012,
                -0.10460740866861361,
                0.09389523735193746
            ],
            "quadrupole": [
                [
                    -4.264271411414667,
                    -4.237184648011867,
                    0.03165240498157154
                ],
                [
                    -4.237184648011867,
                    -0.01119699057560843,
                    -4.274829791419906
                ],
                [
                    0.03165240498157154,
                    -4.274829791419906,
                    0.01595234115405439
                ]
            ],
            "volume_eff": 24.473937412201728,
            "alpha_iso": 7.301616686513222,
            "c6_ii": 28.521682348888405,
            "c8_ii": 1207.2424008593025,
            "c10_ii": 49206.605426914735,
            "slater_b_init": 33.46005372884092
        },
        {
            "index": 9,
            "element": "C",
            "charge": 0.32741712516424837,
            "dipole": [
                0.09455467667943994,
                -0.05801741679886389,
                0.0796300920144602
            ],
            "quadrupole": [
                [
                    -3.7325340696928624,
                    -3.8111064437490043,
                    -0.03740856222958899
                ],
                [
                    -3.8111064437490043,
                    -0.03737810966877534,
                    -3.789010903968779
                ],
                [
                    -0.03740856222958899,
                    -3.789010903968779,
                    0.08593068649157631
                ]
            ],
            "volume_eff": 26.692633315140704,
            "alpha_iso": 8.385120413133205,
            "c6_ii": 22.753176294248828,
            "c8_ii": 519.0492748491093,
            "c10_ii": 14835.070181338995,
            "slater_b_init": 39.44197848281609
        },
        {
            "index": 10,
            "element": "C",
            "charge": -0.5251420542464977,
            "dipole": [
                0.02456635907594828,
                -0.024207331324065582,
                -0.015839204223676035
            ],
            "quadrupole": [
                [
                    -5.205884521939619,
                    -5.213745805036664,
                    0.005597694514927689
                ],
                [
                    -5.213745805036664,
                    -0.007306943564012874,
                    -5.266664507467312
                ],
                [
                    0.005597694514927689,
                    -5.266664507467312,
                    0.049417717394297955
                ]
            ],
            "volume_eff": 39.58662996750104,
            "alpha_iso": 12.435590565707134,
            "c6_ii": 50.04448842121069,
            "c8_ii": 1484.661858975261,
            "c10_ii": 55184.016763169864,
            "slater_b_init": 34.58647657762694
        },
        {
            "index": 11,
            "element": "C",
            "charge": -0.5324280439090145,
            "dipole": [
                0.007688144094302694,
                0.021918824043355812,
                0.030051633998152544
            ],
            "quadrupole": [
                [
                    -5.205642831627381,
                    -5.288067262049709,
                    -0.010291330961725895
                ],
                [
                    -5.288067262049709,
                    -0.028872052942140992,
                    -5.216464899730458
                ],
                [
                    -0.010291330961725895,
                    -5.216464899730458,
                    0.013454160467670714
                ]
            ],
            "volume_eff": 39.6479457447375,
            "alpha_iso": 12.454852066409686,
            "c6_ii": 50.19963641542064,
            "c8_ii": 1490.8020288602788,
            "c10_ii": 55469.447266876356,
            "slater_b_init": 34.56863798332874
        },
        {
            "index": 12,
            "element": "H",
            "charge": 0.3006960568098187,
            "dipole": [
                0.015496711826429463,
                -0.04842950014732626,
                -0.0031603829116493933
            ],
            "quadrupole": [
                [
                    -0.336368284405021,
                    -0.3276873046710937,
                    0.001011566795920577
                ],
                [
                    -0.3276873046710937,
                    -0.002994380788379591,
                    -0.338031456280314
                ],
                [
                    0.001011566795920577,
                    -0.338031456280314,
                    0.0009794382865738398
                ]
            ],
            "volume_eff": 1.6936239632432333,
            "alpha_iso": 0.5405182861414575,
            "c6_ii": 0.09377975875291061,
            "c8_ii": 0.43693287230675437,
            "c10_ii": 2.8097034409733253,
            "slater_b_init": 81.0700981675956
        },
        {
            "index": 13,
            "element": "H",
            "charge": 0.30124355297513117,
            "dipole": [
                0.03313654280031921,
                0.033949778163198524,
                -0.019366518836047834
            ],
            "quadrupole": [
                [
                    -0.3325701748886949,
                    -0.33149418965663546,
                    -0.002250706657540809
                ],
                [
                    -0.33149418965663546,
                    0.0042527177886766,
                    -0.3362853986214256
                ],
                [
                    -0.002250706657540809,
                    -0.3362853986214256,
                    -0.0035659123866700494
                ]
            ],
            "volume_eff": 1.689513358861109,
            "alpha_iso": 0.5392063911258859,
            "c6_ii": 0.09332508441982774,
            "c8_ii": 0.4341106362932002,
            "c10_ii": 2.7870362477434503,
            "slater_b_init": 81.13579306116782
        },
        {
            "index": 14,
            "element": "H",
            "charge": 0.08499527033229048,
            "dipole": [
                -0.012975294606207905,
                0.049891198814672466,
                -0.04861058183603565
            ],
            "quadrupole": [
                [
                    -0.5044522920247531,
                    -0.5171965420882222,
                    0.0075929682711098605
                ],
                [
                    -0.5171965420882222,
                    0.0013157000873786895,
                    -0.5157909223454002
                ],
                [
                    0.0075929682711098605,
                    -0.5157909223454002,
                    0.0034296299057053523
                ]
            ],
            "volume_eff": 2.841077296844887,
            "alpha_iso": 0.9067267968653895,
            "c6_ii": 0.2639011183703457,
            "c8_ii": 1.735898038509708,
            "c10_ii": 15.759678340989542,
            "slater_b_init": 68.22947229128046
        },
        {
            "index": 15,
            "element": "H",
            "charge": 0.15206974684614527,
            "dipole": [
                0.01966997616898989,
                0.03843147760294545,
                0.018146211034956734
            ],
            "quadrupole": [
                [
                    -0.477698824679345,
                    -0.48736705183384166,
                    -0.002951439185595103
                ],
                [
                    -0.48736705183384166,
                    -0.0002630496512968525,
                    -0.4815483856576342
                ],
                [
                    -0.002951439185595103,
                    -0.4815483856576342,
                    -0.005001997286295496
                ]
            ],
            "volume_eff": 2.705714645053489,
            "alpha_iso": 0.8635259505489858,
            "c6_ii": 0.23935313270444158,
            "c8_ii": 1.5240108520006421,
            "c10_ii": 13.392978079412492,
            "slater_b_init": 69.34881292155085
        },
        {
            "index": 16,
            "element": "H",
            "charge": 0.16083296058112917,
            "dipole": [
                -0.04214240257935693,
                0.0021522239136463387,
                -0.016914927309995914
            ],
            "quadrupole": [
                [
                    -0.47810539076709546,
                    -0.47415466691993235,
                    0.002329456756009255
                ],
                [
                    -0.47415466691993235,
                    -0.001376603576343717,
                    -0.46667849339522216
                ],
                [
                    0.002329456756009255,
                    -0.46667849339522216,
                    -0.005143240002346369
                ]
            ],
            "volume_eff": 2.641997047883786,
            "alpha_iso": 0.8431905471969531,
            "c6_ii": 0.22821268853012006,
            "c8_ii": 1.4301742507713824,
            "c10_ii": 12.370244309660722,
            "slater_b_init": 69.9018901981311
        },
        {
            "index": 17,
            "element": "H",
            "charge": 0.15951866495005917,
            "dipole": [
                0.008710971014214038,
                -0.03330209871529621,
                0.028681148658982778
            ],
            "quadrupole": [
                [
                    -0.47081457045070546,
                    -0.4790672465515969,
                    0.007058319492461472
                ],
                [
                    -0.4790672465515969,
                    -0.0036128122864272586,
                    -0.47499194774701115
                ],
                [
                    0.007058319492461472,
                    -0.47499194774701115,
                    -0.004379828339330323
                ]
            ],
            "volume_eff": 2.659973040469534,
            "alpha_iso": 0.8489275661072981,
            "c6_ii": 0.23132874475207885,
            "c8_ii": 1.456270459237809,
            "c10_ii": 12.653032788744971,
            "slater_b_init": 69.74406941059786
        },
        {
            "index": 18,
            "element": "H",
            "charge": 0.1719899306016428,
            "dipole": [
                0.03520719892635544,
                -0.005520417171067701,
                -0.03356099230619112
            ],
            "quadrupole": [
                [
                    -0.4597899469994801,
                    -0.45731455067375687,
                    0.0003550236077481023
                ],
                [
                    -0.45731455067375687,
                    0.003845743459806005,
                    -0.4619491867688301
                ],
                [
                    0.0003550236077481023,
                    -0.4619491867688301,
                    0.0017567800704608833
                ]
            ],
            "volume_eff": 2.544394481025164,
            "alpha_iso": 0.8120407918165418,
            "c6_ii": 0.21166254860401162,
            "c8_ii": 1.293583893927724,
            "c10_ii": 10.911522014585476,
            "slater_b_init": 70.78450737194213
        },
        {
            "index": 19,
            "element": "H",
            "charge": 0.1574909981402075,
            "dipole": [
                -0.042117106419048915,
                0.004824079031829742,
                -0.014811791040780196
            ],
            "quadrupole": [
                [
                    -0.48456810694765606,
                    -0.4696492570282858,
                    0.003926808134736103
                ],
                [
                    -0.4696492570282858,
                    -0.000290829456237647,
                    -0.4773547938343012
                ],
                [
                    0.003926808134736103,
                    -0.4773547938343012,
                    -0.0012532327799467363
                ]
            ],
            "volume_eff": 2.673247922635093,
            "alpha_iso": 0.8531642306282212,
            "c6_ii": 0.23364344833345135,
            "c8_ii": 1.4757316146866872,
            "c10_ii": 12.864748793423965,
            "slater_b_init": 69.62843216594226
        },
        {
            "index": 20,
            "element": "H",
            "charge": 0.15716799551917782,
            "dipole": [
                0.008286385944770705,
                -0.030189603536749807,
                0.030811738979308827
            ],
            "quadrupole": [
                [
                    -0.4786303961001525,
                    -0.47724001788774373,
                    0.009298502164717254
                ],
                [
                    -0.47724001788774373,
                    0.0019869079095799114,
                    -0.478822966920683
                ],
                [
                    0.009298502164717254,
                    -0.478822966920683,
                    0.0028276242468929956
                ]
            ],
            "volume_eff": 2.6843370167664466,
            "alpha_iso": 0.856703303223334,
            "c6_ii": 0.23558585547651933,
            "c8_ii": 1.4921123355288264,
            "c10_ii": 13.043495257310967,
            "slater_b_init": 69.5324206375881
        }
    ]
}