{
    "molecule": "LCarb_38",
    "atoms": [
        {
            "index": 0,
            "element": "C",
            "charge": -0.40132075334662254,
            "dipole": [
                0.02217915616996601,
                -0.08910633712833921,
                -0.012805644950774693
            ],
            "quadrupole": [
                [
                    -5.004143576061108,
                    -5.085257241286878,
                    -0.026699396630201256
                ],
                [
                    -5.085257241286878,
                    0.007965528558771973,
                    -5.010216626594529
                ],
                [
                    -0.026699396630201256,
                    -5.010216626594529,
                    0.00845441010302427
                ]
            ],
            "volume_eff": 37.921830266892066,
            "alpha_iso": 11.912616837767139,
            "c6_ii": 45.92379514189526,
            "c8_ii": 1323.9438732717813,
            "c10_ii": 47820.689882692626,
            "slater_b_init": 35.085370630705604
        },
        {
            "index": 1,
            "element": "C",
            "charge": -0.2581659317232017,
            "dipole": [
                0.004234326766598116,
                0.06905780312203914,
                0.04655291664976589
            ],
            "quadrupole": [
                [
                    -4.681367784457422,
                    -4.769619978758182,
                    -0.017631719911456945
                ],
                [
                    -4.769619978758182,
                    0.029356188513295016,
                    -4.76312690749097
                ],
                [
                    -0.017631719911456945,
                    -4.76312690749097,
                    -0.015966550293074446
                ]
            ],
            "volume_eff": 35.10722587794747,
            "alpha_iso": 11.028447919774074,
            "c6_ii": 39.359739722175554,
            "c8_ii": 1077.8429946311928,
            "c10_ii": 36980.54000882863,
            "slater_b_init": 35.998990933655165
        },
        {
            "index": 2,
            "element": "C",
            "charge": 0.06926179798457532,
            "dipole": [
                0.11471648043539284,
                0.12029504727359076,
                0.00645335440940533
            ],
            "quadrupole": [
                [
                    -4.156351132184987,
                    -4.206914557744885,
                    0.0602192054776147
                ],
                [
                    -4.206914557744885,
                    0.0446552012219603,
                    -4.268888184294533
                ],
                [
                    0.0602192054776147,
                    -4.268888184294533,
                    0.016059878332973065
                ]
            ],
            "volume_eff": 30.548248683840605,
            "alpha_iso": 9.596308487070347,
            "c6_ii": 29.801067809599,
            "c8_ii": 743.8093736555536,
            "c10_ii": 23259.797440657665,
            "slater_b_init": 37.7074409419325
        },
        {
            "index": 3,
            "element": "O",
            "charge": -0.4200532152746419,
            "dipole": [
                -0.10788137336376588,
                -0.0037824702717584027,
                -0.0011704562516620738
            ],
            "quadrupole": [
                [
                    -4.029538324381659,
                    -4.1062814639266,
                    -0.021868286416052412
                ],
                [
                    -4.1062814639266,
                    -0.002581950419548764,
                    -4.107039519707738
                ],
                [
                    -0.021868286416052412,
                    -4.107039519707738,
                    0.009440337865348408
                ]
            ],
            "volume_eff": 23.255086630991613,
            "alpha_iso": 6.937981646815177,
            "c6_ii": 25.751549848151235,
            "c8_ii": 1053.4941412306891,
            "c10_ii": 41502.13714708058,
            "slater_b_init": 34.03470012543181
        },
        {
            "index": 4,
            "element": "C",
            "charge": 0.9967087806061361,
            "dipole": [
                -0.0008011734331547674,
                0.024129098373247056,
                0.03140911272474896
            ],
            "quadrupole": [
                [
                    -2.8851505933744943,
                    -2.841687982506769,
                    -0.07904630734182236
                ],
                [
                    -2.841687982506769,
                    -0.027728100376754522,
                    -2.864070525132595
                ],
                [
                    -0.07904630734182236,
                    -2.864070525132595,
                    0.023845335107930403
                ]
            ],
            "volume_eff": 19.32577207149279,
            "alpha_iso": 6.0709231638197245,
            "c6_ii": 11.927046080852326,
            "c8_ii": 219.3796852978232,
            "c10_ii": 5055.619506428018,
            "slater_b_init": 43.92484263505721
        },
        {
            "index": 5,
            "element": "O",
            "charge": -0.6592505888363931,
            "dipole": [
                -0.006880541802704324,
                -0.10881697643668577,
                -0.11859663347428173
            ],
            "quadrupole": [
                [
                    -4.494037417770374,
                    -4.449973594494608,
                    -0.03262065406066421
                ],
                [
                    -4.449973594494608,
                    -0.026841170893304053,
                    -4.459276541779885
                ],
                [
                    -0.03262065406066421,
                    -4.459276541779885,
                    0.021898500886401173
                ]
            ],
            "volume_eff": 26.30451571466943,
            "alpha_iso": 7.847756069569885,
            "c6_ii": 32.947925072309566,
            "c8_ii": 1463.2944371221622,
            "c10_ii": 62581.35429744574,
            "slater_b_init": 32.66513661297929
        },
        {
            "index": 6,
            "element": "O",
            "charge": -0.4319595715573925,
            "dipole": [
                0.10558128787966094,
                0.009994983165794554,
                0.0010539869547739414
            ],
            "quadrupole": [
                [
                    -4.0436469612932395,
                    -4.100262141471005,
                    -0.02128758354143617
                ],
                [
                    -4.100262141471005,
                    0.002269820051081154,
                    -4.131324086679221
                ],
                [
                    -0.02128758354143617,
                    -4.131324086679221,
                    -0.00895573972662544
                ]
            ],
            "volume_eff": 23.332970577121745,
            "alpha_iso": 6.961217741240742,
            "c6_ii": 25.924328466359793,
            "c8_ii": 1062.9291463247243,
            "c10_ii": 41967.26818592935,
            "slater_b_init": 33.996789370557195
        },
        {
            "index": 7,
            "element": "C",
            "charge": 0.2955275425881654,
            "dipole": [
                -0.06894580790891684,
                0.030633144968123176,
                0.10358055935026117
            ],
            "quadrupole": [
                [
                    -3.8013152080847767,
                    -3.8966400690558136,
                    0.03136429694090252
                ],
                [
                    -3.8966400690558136,
                    -0.030167754402974808,
                    -3.8130773156597573
                ],
                [
                    0.03136429694090252,
                    -3.8130773156597573,
                    -0.06655676724139394
                ]
            ],
            "volume_eff": 27.26394779298515,
            "alpha_iso": 8.564590929733555,
            "c6_ii": 23.737592702675144,
            "c8_ii": 549.2053737499482,
            "c10_ii": 15920.156837761087,
            "slater_b_init": 39.164529916397605
        },
        {
            "index": 8,
            "element": "C",
            "charge": -0.5463425224573148,
            "dipole": [
                -0.006275990738001469,
                0.03321547622217206,
                -0.0033650901294889784
            ],
            "quadrupole": [
                [
                    -5.292152216908994,
                    -5.313625964309548,
                    0.03824951443601198
                ],
                [
                    -5.313625964309548,
                    0.027512855857503914,
                    -5.295118812625165
                ],
                [
                    0.03824951443601198,
                    -5.295118812625165,
                    -0.035937028564550416
                ]
            ],
            "volume_eff": 40.38133510250623,
            "alpha_iso": 12.68523615785536,
            "c6_ii": 52.07395196759821,
            "c8_ii": 1565.476660385469,
            "c10_ii": 58964.02420729072,
            "slater_b_init": 34.35808428795198
        },
        {
            "index": 9,
            "element": "C",
            "charge": -0.5165259841170178,
            "dipole": [
                -0.023478210652437527,
                -0.03614046314500708,
                0.011329853371740308
            ],
            "quadrupole": [
                [
                    -5.219683582636498,
                    -5.246918047047212,
                    -0.01784700713037612
                ],
                [
                    -5.246918047047212,
                    -0.03605034833697231,
                    -5.221537643504133
                ],
                [
                    -0.01784700713037612,
                    -5.221537643504133,
                    -0.027663502915847883
                ]
            ],
            "volume_eff": 39.690074790685784,
            "alpha_iso": 12.468086321681398,
            "c6_ii": 50.30637518097417,
            "c8_ii": 1495.0300205176386,
            "c10_ii": 55666.15970527217,
            "slater_b_init": 34.556402688328596
        },
        {
            "index": 10,
            "element": "H",
            "charge": 0.13883077177561964,
            "dipole": [
                0.04664965399682034,
                0.015523936734143816,
                0.006227966366884548
            ],
            "quadrupole": [
                [
                    -0.49881912109004617,
                    -0.49118197120358514,
                    0.001550392920296882
                ],
                [
                    -0.49118197120358514,
                    -0.005363331193410721,
                    -0.4970548597140449
                ],
                [
                    0.001550392920296882,
                    -0.4970548597140449,
                    -0.00346648544228996
                ]
            ],
            "volume_eff": 2.8024252449904936,
            "alpha_iso": 0.8943910356352639,
            "c6_ii": 0.2567693634597866,
            "c8_ii": 1.6736327955365211,
            "c10_ii": 15.05626692262657,
            "slater_b_init": 68.54172287003829
        },
        {
            "index": 11,
            "element": "H",
            "charge": 0.1243265591228313,
            "dipole": [
                -0.025794899793106285,
                -0.0072186446627788125,
                0.03857194682410499
            ],
            "quadrupole": [
                [
                    -0.5155911008267113,
                    -0.5032232366150865,
                    -0.0002979092326868054
                ],
                [
                    -0.5032232366150865,
                    0.0008129508029584177,
                    -0.5219901815496754
                ],
                [
                    -0.0002979092326868054,
                    -0.5219901815496754,
                    0.0034048898803062163
                ]
            ],
            "volume_eff": 2.9375881740064296,
            "alpha_iso": 0.9375281406403498,
            "c6_ii": 0.28213499230625116,
            "c8_ii": 1.8976313346956424,
            "c10_ii": 17.61598320043737,
            "slater_b_init": 67.4739381162901
        },
        {
            "index": 12,
            "element": "H",
            "charge": 0.12853614723162243,
            "dipole": [
                -0.023487714418104693,
                0.01236347802935376,
                -0.0419220286824666
            ],
            "quadrupole": [
                [
                    -0.5103572614979727,
                    -0.5032391221925132,
                    0.007377592589350751
                ],
                [
                    -0.5032391221925132,
                    0.0013531453888103475,
                    -0.5079896980034021
                ],
                [
                    0.007377592589350751,
                    -0.5079896980034021,
                    -0.0022775539199120917
                ]
            ],
            "volume_eff": 2.8822897344910428,
            "alpha_iso": 0.9198797024971412,
            "c6_ii": 0.2716129054780489,
            "c8_ii": 1.8038611554515998,
            "c10_ii": 16.53468656710016,
            "slater_b_init": 67.90271675752254
        },
        {
            "index": 13,
            "element": "H",
            "charge": 0.12575941090607068,
            "dipole": [
                -0.04719909353700542,
                -0.01445995968861494,
                -0.004213448610243219
            ],
            "quadrupole": [
                [
                    -0.5071381354562073,
                    -0.49579052329622586,
                    -0.0046697794545135065
                ],
                [
                    -0.49579052329622586,
                    -0.010081187355835889,
                    -0.5008428893259957
                ],
                [
                    -0.0046697794545135065,
                    -0.5008428893259957,
                    -0.0007905611051570972
                ]
            ],
            "volume_eff": 2.824744684012361,
            "alpha_iso": 0.9015142608550087,
            "c6_ii": 0.26087564229196014,
            "c8_ii": 1.7094140923402175,
            "c10_ii": 15.459704326237107,
            "slater_b_init": 68.36072010371223
        },
        {
            "index": 14,
            "element": "H",
            "charge": 0.13570883867030625,
            "dipole": [
                0.033464164054677746,
                0.009355578521295824,
                -0.03741325050137404
            ],
            "quadrupole": [
                [
                    -0.4911457561199408,
                    -0.4813371843814365,
                    -0.003555845477669689
                ],
                [
                    -0.4813371843814365,
                    -0.0023292528839852027,
                    -0.49519111450810416
                ],
                [
                    -0.003555845477669689,
                    -0.49519111450810416,
                    0.0050935340288575685
                ]
            ],
            "volume_eff": 2.7390318576891213,
            "alpha_iso": 0.8741591035178047,
            "c6_ii": 0.24528404438073273,
            "c8_ii": 1.5745687798514933,
            "c10_ii": 13.950639904287476,
            "slater_b_init": 69.06648187265154
        },
        {
            "index": 15,
            "element": "H",
            "charge": 0.09544357573875772,
            "dipole": [
                -0.037138223140852446,
                0.01117012253155539,
                0.047796534654538834
            ],
            "quadrupole": [
                [
                    -0.5059254393515196,
                    -0.5226789644289398,
                    -0.0008094786071260284
                ],
                [
                    -0.5226789644289398,
                    0.0071746514340768255,
                    -0.5271362630543922
                ],
                [
                    -0.0008094786071260284,
                    -0.5271362630543922,
                    0.01017277273650651
                ]
            ],
            "volume_eff": 2.926830793431168,
            "alpha_iso": 0.9340949340737771,
            "c6_ii": 0.2800724320051808,
            "c8_ii": 1.8791569518341213,
            "c10_ii": 17.401869295140617,
            "slater_b_init": 67.55650243593428
        },
        {
            "index": 16,
            "element": "H",
            "charge": 0.09584830320150495,
            "dipole": [
                0.009682303601057261,
                -0.06187895380364478,
                -0.026200489982384625
            ],
            "quadrupole": [
                [
                    -0.5154807178126257,
                    -0.5315149347151928,
                    0.001509219072488307
                ],
                [
                    -0.5315149347151928,
                    0.005031778320318935,
                    -0.5300756980118903
                ],
                [
                    0.001509219072488307,
                    -0.5300756980118903,
                    0.010274594949154732
                ]
            ],
            "volume_eff": 2.9897534794759344,
            "alpha_iso": 0.9541766423859365,
            "c6_ii": 0.2922441936635479,
            "c8_ii": 1.9888273938278576,
            "c10_ii": 18.680498016843828,
            "slater_b_init": 67.07920428371881
        },
        {
            "index": 17,
            "element": "H",
            "charge": 0.09156491314515691,
            "dipole": [
                -0.005363301803391119,
                -0.009240889598293944,
                -0.06691967561061274
            ],
            "quadrupole": [
                [
                    -0.506298134369298,
                    -0.5102907000144266,
                    -0.001462677744755736
                ],
                [
                    -0.5102907000144266,
                    -0.004801803431001969,
                    -0.5257432593467251
                ],
                [
                    -0.001462677744755736,
                    -0.5257432593467251,
                    -0.008393282366985394
                ]
            ],
            "volume_eff": 2.874945859671702,
            "alpha_iso": 0.9175359126611815,
            "c6_ii": 0.270230566995033,
            "c8_ii": 1.791630861780317,
            "c10_ii": 16.3946727459239,
            "slater_b_init": 67.96048538703347
        },
        {
            "index": 18,
            "element": "H",
            "charge": 0.160332016929996,
            "dipole": [
                0.0379246346991275,
                -0.004376953228765334,
                -0.02189059612811419
            ],
            "quadrupole": [
                [
                    -0.4809474535070602,
                    -0.46811840969420593,
                    -0.00475151806735671
                ],
                [
                    -0.46811840969420593,
                    -0.000594819950051305,
                    -0.47304819777508644
                ],
                [
                    -0.00475151806735671,
                    -0.47304819777508644,
                    0.003368761021780959
                ]
            ],
            "volume_eff": 2.6507731678775195,
            "alpha_iso": 0.8459914365566552,
            "c6_ii": 0.22973134912230891,
            "c8_ii": 1.4428779243457408,
            "c10_ii": 12.507746474732434,
            "slater_b_init": 69.82466170625801
        },
        {
            "index": 19,
            "element": "H",
            "charge": 0.15594752784754862,
            "dipole": [
                0.0018203321889455175,
                0.00867678556121176,
                0.04253374890235199
            ],
            "quadrupole": [
                [
                    -0.4810563717753344,
                    -0.4724281085102384,
                    -0.002466304019864202
                ],
                [
                    -0.4724281085102384,
                    -0.00427555109821945,
                    -0.4889561780289374
                ],
                [
                    -0.002466304019864202,
                    -0.4889561780289374,
                    -0.0013731065999430354
                ]
            ],
            "volume_eff": 2.7071836517587284,
            "alpha_iso": 0.8639947824761899,
            "c6_ii": 0.23961310602219812,
            "c8_ii": 1.5262183232137514,
            "c10_ii": 13.417231486543029,
            "slater_b_init": 69.33626700464379
        },
        {
            "index": 20,
            "element": "H",
            "charge": 0.1626679030196454,
            "dipole": [
                -0.03209100257653664,
                -0.03315645316060666,
                -0.007541875972762767
            ],
            "quadrupole": [
                [
                    -0.4709645113112527,
                    -0.47244064142768977,
                    -0.0017518889987204733
                ],
                [
                    -0.47244064142768977,
                    -0.0051217421898846534,
                    -0.47142968585733586
                ],
                [
                    -0.0017518889987204733,
                    -0.47142968585733586,
                    0.0008770378719434407
                ]
            ],
            "volume_eff": 2.63379709385022,
            "alpha_iso": 0.8405735405904958,
            "c6_ii": 0.22679828155138135,
            "c8_ii": 1.4183679774333435,
            "c10_ii": 12.24272884321216,
            "slater_b_init": 69.9743582536726
        },
        {
            "index": 21,
            "element": "H",
            "charge": 0.1489363188676993,
            "dipole": [
                -0.02715158813901107,
                0.034174338537548865,
                -0.015531825606386758
            ],
            "quadrupole": [
                [
                    -0.48233607264771894,
                    -0.49004201459832775,
                    0.003062487414967695
                ],
                [
                    -0.49004201459832775,
                    0.005972080941072475,
                    -0.48739993082683947
                ],
                [
                    0.003062487414967695,
                    -0.48739993082683947,
                    0.001557915369667842
                ]
            ],
            "volume_eff": 2.7410004100051166,
            "alpha_iso": 0.87478736489525,
            "c6_ii": 0.24563674417641673,
            "c8_ii": 1.5775883165833215,
            "c10_ii": 13.98408919135687,
            "slater_b_init": 69.04994368415673
        },
        {
            "index": 22,
            "element": "H",
            "charge": 0.15723110556984865,
            "dipole": [
                0.03886542004060154,
                -0.009728461386229405,
                -0.021476562997183198
            ],
            "quadrupole": [
                [
                    -0.48283056071087294,
                    -0.47007301857235617,
                    0.0018824962452616532
                ],
                [
                    -0.47007301857235617,
                    0.004344465305710627,
                    -0.4790675081294435
                ],
                [
                    0.0018824962452616532,
                    -0.4790675081294435,
                    0.0025010523339933565
                ]
            ],
            "volume_eff": 2.674519343958979,
            "alpha_iso": 0.8535700033911636,
            "c6_ii": 0.23386574713480207,
            "c8_ii": 1.4776040140266486,
            "c10_ii": 12.885155422607816,
            "slater_b_init": 69.61739702357143
        },
        {
            "index": 23,
            "element": "H",
            "charge": 0.15551134322202054,
            "dipole": [
                0.0006470513939920073,
                0.003513885721436167,
                0.04355582803233675
            ],
            "quadrupole": [
                [
                    -0.4777246756134424,
                    -0.4737401763992494,
                    -0.0020796782054060426
                ],
                [
                    -0.4737401763992494,
                    0.004613662771770102,
                    -0.48675627839025803
                ],
                [
                    -0.0020796782054060426,
                    -0.48675627839025803,
                    -0.003046450910688978
                ]
            ],
            "volume_eff": 2.6941409729014714,
            "alpha_iso": 0.8598322253940867,
            "c6_ii": 0.23730985001826957,
            "c8_ii": 1.506688908764789,
            "c10_ii": 13.202968063576085,
            "slater_b_init": 69.44797549335853
        }
    ]
}