{
    "molecule": "Phos_753",
    "atoms": [
        {
            "index": 0,
            "element": "C",
            "charge": -0.4893736689787449,
            "dipole": [
                0.021783034250224154,
                -0.07971074760364476,
                -0.013339935421761796
            ],
            "quadrupole": [
                [
                    -5.142405872943035,
                    -5.285926115047932,
                    -0.03220671686508673
                ],
                [
                    -5.285926115047932,
                    0.03956537487634566,
                    -5.116878090917141
                ],
                [
                    -0.03220671686508673,
                    -5.116878090917141,
                    0.019784146724121623
                ]
            ],
            "volume_eff": 38.98640405132688,
            "alpha_iso": 12.24703792188279,
            "c6_ii": 48.53841044637248,
            "c8_ii": 1425.3885942051431,
            "c10_ii": 52443.95892073684,
            "slater_b_init": 34.7630686046591
        },
        {
            "index": 1,
            "element": "C",
            "charge": 0.18244829130741191,
            "dipole": [
                -0.16134899578823414,
                -0.04944508867369073,
                0.11052411623666372
            ],
            "quadrupole": [
                [
                    -4.042573253450118,
                    -4.148169746506182,
                    -0.06785132589494147
                ],
                [
                    -4.148169746506182,
                    0.0997886647922499,
                    -4.0499271673162625
                ],
                [
                    -0.06785132589494147,
                    -4.0499271673162625,
                    0.009038505667311635
                ]
            ],
            "volume_eff": 29.443860973739753,
            "alpha_iso": 9.249380410598874,
            "c6_ii": 27.68526645740702,
            "c8_ii": 674.2446201981089,
            "c10_ii": 20573.147120826172,
            "slater_b_init": 38.173113111091006
        },
        {
            "index": 2,
            "element": "O",
            "charge": -0.5080230931947085,
            "dipole": [
                0.15352722903222607,
                -0.14532285046943116,
                -0.07405807223146726
            ],
            "quadrupole": [
                [
                    -4.153357263748538,
                    -4.170484612438243,
                    -0.022280127664724116
                ],
                [
                    -4.170484612438243,
                    -0.0016833920963431374,
                    -4.105934866963668
                ],
                [
                    -0.022280127664724116,
                    -4.105934866963668,
                    0.0344843743790045
                ]
            ],
            "volume_eff": 23.51348489785774,
            "alpha_iso": 7.015072842454796,
            "c6_ii": 26.327004559848085,
            "c8_ii": 1084.9995554050952,
            "c10_ii": 43059.328776221395,
            "slater_b_init": 33.909567376445594
        },
        {
            "index": 3,
            "element": "P",
            "charge": 1.7504048770282132,
            "dipole": [
                -0.03849689878257109,
                -0.07326721519188432,
                -0.016049367214229008
            ],
            "quadrupole": [
                [
                    -6.174314961394764,
                    -6.18187529677822,
                    -0.059803928151418745
                ],
                [
                    -6.18187529677822,
                    -0.03529581872580986,
                    -6.0206682955392665
                ],
                [
                    -0.059803928151418745,
                    -6.0206682955392665,
                    -0.03312185902564859
                ]
            ],
            "volume_eff": 47.81113457141317,
            "alpha_iso": 18.38889791208199,
            "c6_ii": 100.0928636606081,
            "c8_ii": 3086.0755582831225,
            "c10_ii": 53886.118612849845,
            "slater_b_init": 36.557406298226226
        },
        {
            "index": 4,
            "element": "O",
            "charge": -0.7789132528353022,
            "dipole": [
                0.19207152084101053,
                0.24645414699923496,
                0.20779179274674733
            ],
            "quadrupole": [
                [
                    -4.617289994462519,
                    -4.633144558818017,
                    -0.020827947411325536
                ],
                [
                    -4.633144558818017,
                    -0.004900938728346694,
                    -4.630022017838492
                ],
                [
                    -0.020827947411325536,
                    -4.630022017838492,
                    -0.013710004691715879
                ]
            ],
            "volume_eff": 27.238315096778667,
            "alpha_iso": 8.126348150420155,
            "c6_ii": 35.328722033081554,
            "c8_ii": 1605.9481976191937,
            "c10_ii": 70298.28348494528,
            "slater_b_init": 32.28750619467924
        },
        {
            "index": 5,
            "element": "O",
            "charge": -0.4873760339149058,
            "dipole": [
                -0.041304224798266266,
                0.038292783302032035,
                -0.1879463913513207
            ],
            "quadrupole": [
                [
                    -4.0640149359099205,
                    -4.056122160939108,
                    0.010626380027172306
                ],
                [
                    -4.056122160939108,
                    0.004994648964263093,
                    -4.101995561455328
                ],
                [
                    0.010626380027172306,
                    -4.101995561455328,
                    -0.026206640159019894
                ]
            ],
            "volume_eff": 22.877096660592414,
            "alpha_iso": 6.825211158408787,
            "c6_ii": 24.921217927542447,
            "c8_ii": 1008.4475440208381,
            "c10_ii": 39295.87341398655,
            "slater_b_init": 34.22112479061593
        },
        {
            "index": 6,
            "element": "C",
            "charge": 0.589456628317734,
            "dipole": [
                0.13253917142969623,
                -0.144912675552351,
                -0.08527829136020758
            ],
            "quadrupole": [
                [
                    -3.3039680120777764,
                    -3.3344576227175664,
                    0.019806262663292776
                ],
                [
                    -3.3344576227175664,
                    0.11419207087937239,
                    -3.2133691943738665
                ],
                [
                    0.019806262663292776,
                    -3.2133691943738665,
                    -0.023892944572782304
                ]
            ],
            "volume_eff": 22.16550861816899,
            "alpha_iso": 6.962987000471934,
            "c6_ii": 15.68969832877317,
            "c8_ii": 316.2073816474258,
            "c10_ii": 7984.429203632739,
            "slater_b_init": 41.96268461194462
        },
        {
            "index": 7,
            "element": "N",
            "charge": -0.46869756569130416,
            "dipole": [
                -0.12385133778127196,
                0.15238783119857488,
                0.029251554819420704
            ],
            "quadrupole": [
                [
                    -4.728065279871518,
                    -4.776069115687912,
                    -0.033228549399240324
                ],
                [
                    -4.776069115687912,
                    0.16802454358567195,
                    -4.5507090045466105
                ],
                [
                    -0.033228549399240324,
                    -4.5507090045466105,
                    0.032934549218699975
                ]
            ],
            "volume_eff": 30.498798963080183,
            "alpha_iso": 8.885476863259582,
            "c6_ii": 34.89099923151966,
            "c8_ii": 1237.877437686774,
            "c10_ii": 47841.34895833088,
            "slater_b_init": 33.87033513769209
        },
        {
            "index": 8,
            "element": "O",
            "charge": -0.46160559575306515,
            "dipole": [
                -0.11783584657015901,
                -0.05988425296802479,
                0.14691524761003194
            ],
            "quadrupole": [
                [
                    -4.037675724075173,
                    -4.025883844169086,
                    0.022578806870361824
                ],
                [
                    -4.025883844169086,
                    -0.02775076858622604,
                    -4.02502151873469
                ],
                [
                    0.022578806870361824,
                    -4.02502151873469,
                    0.024857758284657014
                ]
            ],
            "volume_eff": 22.496880223637728,
            "alpha_iso": 6.711776420311809,
            "c6_ii": 24.099722440794103,
            "c8_ii": 964.3699807960384,
            "c10_ii": 37160.78752570861,
            "slater_b_init": 34.412837495697104
        },
        {
            "index": 9,
            "element": "C",
            "charge": 0.5955424109707881,
            "dipole": [
                0.06438302151891556,
                0.1337962938672442,
                0.14756931896530093
            ],
            "quadrupole": [
                [
                    -3.2666962549918677,
                    -3.3140847808195764,
                    -0.03791295800542103
                ],
                [
                    -3.3140847808195764,
                    -0.09672003632239577,
                    -3.2019127943321704
                ],
                [
                    -0.03791295800542103,
                    -3.2019127943321704,
                    -0.027192402440125548
                ]
            ],
            "volume_eff": 21.93264177062908,
            "alpha_iso": 6.889835111192381,
            "c6_ii": 15.361763737839865,
            "c8_ii": 307.42604277039993,
            "c10_ii": 7708.2304111497215,
            "slater_b_init": 42.11067312822287
        },
        {
            "index": 10,
            "element": "N",
            "charge": -0.47454625633160497,
            "dipole": [
                -0.09482139666094674,
                -0.1467322313636233,
                -0.09467307757531133
            ],
            "quadrupole": [
                [
                    -4.663172564785218,
                    -4.778487093769922,
                    -0.12369469424592826
                ],
                [
                    -4.778487093769922,
                    -0.11381617377495305,
                    -4.650948957925044
                ],
                [
                    -0.12369469424592826,
                    -4.650948957925044,
                    -0.0926966723267575
                ]
            ],
            "volume_eff": 30.61985419419077,
            "alpha_iso": 8.920744922716997,
            "c6_ii": 35.16852624951756,
            "c8_ii": 1251.0231035656086,
            "c10_ii": 48477.25502511751,
            "slater_b_init": 33.825640863400196
        },
        {
            "index": 11,
            "element": "H",
            "charge": 0.21001675694941957,
            "dipole": [
                -0.018086148672158183,
                -0.04368045984251984,
                0.006488667017912864
            ],
            "quadrupole": [
                [
                    -0.41350652345690064,
                    -0.41673562292224353,
                    0.0023592856657568225
                ],
                [
                    -0.41673562292224353,
                    -0.0033896680307213003,
                    -0.41833457634182675
                ],
                [
                    0.0023592856657568225,
                    -0.41833457634182675,
                    -0.005336734438841917
                ]
            ],
            "volume_eff": 2.2337168033400907,
            "alpha_iso": 0.7128883414915184,
            "c6_ii": 0.16312906757157677,
            "c8_ii": 0.9140663259777689,
            "c10_ii": 7.0691015590740705,
            "slater_b_init": 73.92482840875832
        },
        {
            "index": 12,
            "element": "H",
            "charge": 0.2106838000948511,
            "dipole": [
                0.04252848529182401,
                0.007835661025697998,
                -0.02414101665188038
            ],
            "quadrupole": [
                [
                    -0.4191291602415484,
                    -0.41031581048027926,
                    0.0018830075317156976
                ],
                [
                    -0.41031581048027926,
                    -0.0008614987463882873,
                    -0.4216643140048431
                ],
                [
                    0.0018830075317156976,
                    -0.4216643140048431,
                    -0.0029950205488999846
                ]
            ],
            "volume_eff": 2.242093425845258,
            "alpha_iso": 0.7155617316527418,
            "c6_ii": 0.16435485662904487,
            "c8_ii": 0.9232357801913273,
            "c10_ii": 7.157854527875535,
            "slater_b_init": 73.83265069151248
        },
        {
            "index": 13,
            "element": "H",
            "charge": 0.13049786060983537,
            "dipole": [
                0.028555613644024074,
                0.06982419836789786,
                -0.006403093331943792
            ],
            "quadrupole": [
                [
                    -0.4705003447435486,
                    -0.4774352900239901,
                    -0.000301391158496438
                ],
                [
                    -0.4774352900239901,
                    0.00032454712834079904,
                    -0.48588222758093014
                ],
                [
                    -0.000301391158496438,
                    -0.48588222758093014,
                    -0.01305385047604002
                ]
            ],
            "volume_eff": 2.625150916698992,
            "alpha_iso": 0.837814122350742,
            "c6_ii": 0.2253116678255426,
            "c8_ii": 1.4059854120810318,
            "c10_ii": 12.10927388164031,
            "slater_b_init": 70.05109640573099
        }
    ]
}