{
    "molecule": "PC",
    "atoms": [
        {
            "index": 0,
            "element": "C",
            "charge": -0.4918331850018163,
            "dipole": [
                0.0487753777495438,
                0.0005036253303497739,
                -0.01016135669902074
            ],
            "quadrupole": [
                [
                    -5.1567757411969355,
                    -5.09989715461211,
                    -0.0020413264713389093
                ],
                [
                    -5.09989715461211,
                    -0.040049343009276865,
                    -5.160095603393404
                ],
                [
                    -0.0020413264713389093,
                    -5.160095603393404,
                    0.0029287158282000347
                ]
            ],
            "volume_eff": 38.64169088140926,
            "alpha_iso": 12.138751062222806,
            "c6_ii": 47.68386336485189,
            "c8_ii": 1392.0274285982337,
            "c10_ii": 50914.16320040201,
            "slater_b_init": 34.866133709739046
        },
        {
            "index": 1,
            "element": "C",
            "charge": 0.16171353499241725,
            "dipole": [
                0.022141018822766242,
                -0.1222165517024658,
                0.023448019213459625
            ],
            "quadrupole": [
                [
                    -4.065262557378183,
                    -3.9754778759158698,
                    -0.011070231644435973
                ],
                [
                    -3.9754778759158698,
                    -0.06468817250859814,
                    -4.0591828280944044
                ],
                [
                    -0.011070231644435973,
                    -4.0591828280944044,
                    0.0076680876057879455
                ]
            ],
            "volume_eff": 28.896873454714456,
            "alpha_iso": 9.077551870590927,
            "c6_ii": 26.666185938113397,
            "c8_ii": 641.3578532983558,
            "c10_ii": 19326.552490277587,
            "slater_b_init": 38.41246816121035
        },
        {
            "index": 2,
            "element": "C",
            "charge": -0.020746544131213795,
            "dipole": [
                0.13438411782177828,
                -0.0041725567402958385,
                0.005303790463178784
            ],
            "quadrupole": [
                [
                    -4.168454085921449,
                    -4.34894139536486,
                    -0.0465489046915237
                ],
                [
                    -4.34894139536486,
                    0.03503102617153307,
                    -4.3511777311887645
                ],
                [
                    -0.0465489046915237,
                    -4.3511777311887645,
                    0.010202940301046588
                ]
            ],
            "volume_eff": 30.968945365876692,
            "alpha_iso": 9.728464512840844,
            "c6_ii": 30.62753343636341,
            "c8_ii": 771.4395666434491,
            "c10_ii": 24344.802556767332,
            "slater_b_init": 37.53591670361448
        },
        {
            "index": 3,
            "element": "O",
            "charge": -0.40159249697356714,
            "dipole": [
                -0.05193686932535612,
                0.07243701036477046,
                0.016027967404027288
            ],
            "quadrupole": [
                [
                    -4.038148919212489,
                    -4.052254021815711,
                    0.003774419495913472
                ],
                [
                    -4.052254021815711,
                    -0.05377711693504103,
                    -4.069968641714543
                ],
                [
                    0.003774419495913472,
                    -4.069968641714543,
                    -0.012261609451779487
                ]
            ],
            "volume_eff": 23.013493361626242,
            "alpha_iso": 6.865904096838768,
            "c6_ii": 25.21927192884098,
            "c8_ii": 1024.5606876767545,
            "c10_ii": 40082.279797560426,
            "slater_b_init": 34.15338336654616
        },
        {
            "index": 4,
            "element": "C",
            "charge": 0.9724663008137737,
            "dipole": [
                -0.029864135435375666,
                0.016357324969008817,
                -0.00042887032867389656
            ],
            "quadrupole": [
                [
                    -2.9610527125989288,
                    -2.9159367232595947,
                    -0.021925142958932883
                ],
                [
                    -2.9159367232595947,
                    0.03561445782257606,
                    -2.7916865162031703
                ],
                [
                    -0.021925142958932883,
                    -2.7916865162031703,
                    -0.022455024266566082
                ]
            ],
            "volume_eff": 19.49094863433306,
            "alpha_iso": 6.122811089319285,
            "c6_ii": 12.131797282040907,
            "c8_ii": 224.4154430011722,
            "c10_ii": 5201.095085435465,
            "slater_b_init": 43.80040971768117
        },
        {
            "index": 5,
            "element": "O",
            "charge": -0.60586598448098,
            "dipole": [
                0.15304643523868655,
                -0.08222596473763116,
                0.007435883797161684
            ],
            "quadrupole": [
                [
                    -4.413076131787993,
                    -4.4342225317911375,
                    -0.036909962698824635
                ],
                [
                    -4.4342225317911375,
                    -0.016557167853425803,
                    -4.321811880858883
                ],
                [
                    -0.036909962698824635,
                    -4.321811880858883,
                    -0.023512037464555605
                ]
            ],
            "volume_eff": 25.675575766636054,
            "alpha_iso": 7.66011652706269,
            "c6_ii": 31.39119373277063,
            "c8_ii": 1371.8440278474186,
            "c10_ii": 57731.28530037072,
            "slater_b_init": 32.929705895701105
        },
        {
            "index": 6,
            "element": "O",
            "charge": -0.4093381529281235,
            "dipole": [
                -0.09134053727450392,
                -0.012791448502253798,
                -0.013520956965352174
            ],
            "quadrupole": [
                [
                    -4.000887930535156,
                    -4.101693568870227,
                    -0.002054031076705124
                ],
                [
                    -4.101693568870227,
                    -0.02020657654591002,
                    -4.076521452813528
                ],
                [
                    -0.002054031076705124,
                    -4.076521452813528,
                    0.009274947398704696
                ]
            ],
            "volume_eff": 23.06197857066193,
            "alpha_iso": 6.880369297324553,
            "c6_ii": 25.325648628739202,
            "c8_ii": 1030.326962201812,
            "c10_ii": 40364.45903000226,
            "slater_b_init": 34.12943202811992
        },
        {
            "index": 7,
            "element": "H",
            "charge": 0.15806064238255324,
            "dipole": [
                -0.028676075205365737,
                0.03718435796747514,
                -0.006440638772849931
            ],
            "quadrupole": [
                [
                    -0.47229354911054877,
                    -0.47671245944132523,
                    -0.0016502996403558888
                ],
                [
                    -0.47671245944132523,
                    0.0073227321491195875,
                    -0.4779601469335998
                ],
                [
                    -0.0016502996403558888,
                    -0.4779601469335998,
                    -0.0032392060033615538
                ]
            ],
            "volume_eff": 2.6576741778941346,
            "alpha_iso": 0.8481938865619578,
            "c6_ii": 0.2309290691262724,
            "c8_ii": 1.4529166858454468,
            "c10_ii": 12.61661855215729,
            "slater_b_init": 69.7641729314389
        },
        {
            "index": 8,
            "element": "H",
            "charge": 0.16229713085637898,
            "dipole": [
                -0.006417583878251514,
                -0.04011461001678172,
                -0.026762156645539676
            ],
            "quadrupole": [
                [
                    -0.4629049968677577,
                    -0.47325335977319877,
                    -0.001431043132388286
                ],
                [
                    -0.47325335977319877,
                    -0.0016942255125792225,
                    -0.4697879440879936
                ],
                [
                    -0.001431043132388286,
                    -0.4697879440879936,
                    -0.005370884400063795
                ]
            ],
            "volume_eff": 2.602307107208288,
            "alpha_iso": 0.8305235448537089,
            "c6_ii": 0.2214074484255017,
            "c8_ii": 1.3735955467859182,
            "c10_ii": 11.761580256058554,
            "slater_b_init": 70.25547584009962
        },
        {
            "index": 9,
            "element": "H",
            "charge": 0.15555552767878877,
            "dipole": [
                0.003720388974858065,
                -0.01865890645666553,
                0.04305884156563136
            ],
            "quadrupole": [
                [
                    -0.4717769858482506,
                    -0.4824527593863348,
                    -0.0003241611600259612
                ],
                [
                    -0.4824527593863348,
                    0.0019199559406514676,
                    -0.48822771662295755
                ],
                [
                    -0.0003241611600259612,
                    -0.48822771662295755,
                    -0.0013225084460330029
                ]
            ],
            "volume_eff": 2.7048430027047607,
            "alpha_iso": 0.8632477668206684,
            "c6_ii": 0.23919894296225488,
            "c8_ii": 1.5227019819664165,
            "c10_ii": 13.37860171738647,
            "slater_b_init": 69.3562613970168
        },
        {
            "index": 10,
            "element": "H",
            "charge": 0.0949097198446831,
            "dipole": [
                -0.002768165178908883,
                0.007182968299125745,
                -0.06119592016356417
            ],
            "quadrupole": [
                [
                    -0.4990097129493306,
                    -0.5011891095612864,
                    0.003679383967402017
                ],
                [
                    -0.5011891095612864,
                    -0.0041081356559514275,
                    -0.5245177678562727
                ],
                [
                    0.003679383967402017,
                    -0.5245177678562727,
                    0.0021955494156479017
                ]
            ],
            "volume_eff": 2.829330140325819,
            "alpha_iso": 0.9029777043593039,
            "c6_ii": 0.2617232975162958,
            "c8_ii": 1.716823895736889,
            "c10_ii": 15.54351620977123,
            "slater_b_init": 68.32376970962288
        },
        {
            "index": 11,
            "element": "H",
            "charge": 0.10743467653801564,
            "dipole": [
                -0.009669648469150251,
                -0.008032999463166362,
                0.057860621354960326
            ],
            "quadrupole": [
                [
                    -0.4911629677569094,
                    -0.5098446800724535,
                    0.0021921326639769844
                ],
                [
                    -0.5098446800724535,
                    0.0012707258165879788,
                    -0.5167454219627776
                ],
                [
                    0.0021921326639769844,
                    -0.5167454219627776,
                    0.0059513467881368645
                ]
            ],
            "volume_eff": 2.835939231175379,
            "alpha_iso": 0.9050869886729933,
            "c6_ii": 0.26294745535424474,
            "c8_ii": 1.7275390293644735,
            "c10_ii": 15.664874453927094,
            "slater_b_init": 68.2706527701008
        },
        {
            "index": 12,
            "element": "H",
            "charge": 0.11811996402726344,
            "dipole": [
                -0.010410186580781357,
                0.05448033558773219,
                -0.027677514034566385
            ],
            "quadrupole": [
                [
                    -0.47866584354952313,
                    -0.5021907170613931,
                    0.0005367734545257528
                ],
                [
                    -0.5021907170613931,
                    0.002812798973211048,
                    -0.5002280386847482
                ],
                [
                    0.0005367734545257528,
                    -0.5002280386847482,
                    0.0005123722680266238
                ]
            ],
            "volume_eff": 2.7413376734621946,
            "alpha_iso": 0.8748950021687855,
            "c6_ii": 0.24569719611503577,
            "c8_ii": 1.5781060034297925,
            "c10_ii": 13.989825538955268,
            "slater_b_init": 69.04711185768005
        }
    ]
}