{
    "molecule": "FRAG_CCC",
    "atoms": [
        {
            "index": 0,
            "element": "C",
            "charge": -0.4143516898286954,
            "dipole": [
                -0.07260305589908005,
                0.004746314964521424,
                0.0416565805478223
            ],
            "quadrupole": [
                [
                    -5.086437790972886,
                    -5.034813747311743,
                    0.007520421587539625
                ],
                [
                    -5.034813747311743,
                    -0.005900068215002159,
                    -5.104026745643841
                ],
                [
                    0.007520421587539625,
                    -5.104026745643841,
                    0.05737701265112251
                ]
            ],
            "volume_eff": 38.414197619046654,
            "alpha_iso": 12.067287210171722,
            "c6_ii": 47.12406250385604,
            "c8_ii": 1370.2806048773532,
            "c10_ii": 49921.85997489154,
            "slater_b_init": 34.93482536205238
        },
        {
            "index": 1,
            "element": "C",
            "charge": -0.1280417770504716,
            "dipole": [
                -0.0022325640612046523,
                0.024289374685621368,
                -0.07964297271205066
            ],
            "quadrupole": [
                [
                    -4.540904823392449,
                    -4.456514663963447,
                    0.04168845762031415
                ],
                [
                    -4.456514663963447,
                    0.027037127040570277,
                    -4.57014687561069
                ],
                [
                    0.04168845762031415,
                    -4.57014687561069,
                    -0.0007772471851857394
                ]
            ],
            "volume_eff": 33.22929959696072,
            "alpha_iso": 10.438523433600226,
            "c6_ii": 35.26156354638931,
            "c8_ii": 930.8677128318361,
            "c10_ii": 30788.521084350774,
            "slater_b_init": 36.66475349873777
        },
        {
            "index": 2,
            "element": "C",
            "charge": -0.42948854638008616,
            "dipole": [
                0.07096949307572831,
                -0.02195112493407037,
                0.021724056950546106
            ],
            "quadrupole": [
                [
                    -5.14239213990104,
                    -5.084315698044505,
                    0.027561403884797903
                ],
                [
                    -5.084315698044505,
                    0.03791341248944647,
                    -5.113057422256597
                ],
                [
                    0.027561403884797903,
                    -5.113057422256597,
                    -0.05124203362948075
                ]
            ],
            "volume_eff": 38.788750314625325,
            "alpha_iso": 12.184947742814238,
            "c6_ii": 48.04749680327988,
            "c8_ii": 1406.1993784838946,
            "c10_ii": 51562.9191766207,
            "slater_b_init": 34.822015356550175
        },
        {
            "index": 3,
            "element": "H",
            "charge": 0.12789211626027996,
            "dipole": [
                -0.0005204247698097866,
                0.04642929394637122,
                -0.008587944046057231
            ],
            "quadrupole": [
                [
                    -0.5037046474735304,
                    -0.5167522692854186,
                    0.006864950218102783
                ],
                [
                    -0.5167522692854186,
                    -0.003823366235050263,
                    -0.5086466069553676
                ],
                [
                    0.006864950218102783,
                    -0.5086466069553676,
                    -0.004214384861300672
                ]
            ],
            "volume_eff": 2.9107438321348837,
            "alpha_iso": 0.9289607974898566,
            "c6_ii": 0.27700212648268824,
            "c8_ii": 1.8517401460060376,
            "c10_ii": 17.08508471119732,
            "slater_b_init": 67.68072988523396
        },
        {
            "index": 4,
            "element": "H",
            "charge": 0.12539790350130198,
            "dipole": [
                0.03291219329103811,
                -0.01763803560494493,
                0.03157346412453744
            ],
            "quadrupole": [
                [
                    -0.5165908585376398,
                    -0.5123261098829959,
                    -0.0005423563072460319
                ],
                [
                    -0.5123261098829959,
                    0.0031455030462987574,
                    -0.5054241230512906
                ],
                [
                    -0.0005423563072460319,
                    -0.5054241230512906,
                    -0.005695798490454838
                ]
            ],
            "volume_eff": 2.916818057571169,
            "alpha_iso": 0.930899380075905,
            "c6_ii": 0.2781594450798557,
            "c8_ii": 1.862062782569471,
            "c10_ii": 17.204219841338766,
            "slater_b_init": 67.6337159007333
        },
        {
            "index": 5,
            "element": "H",
            "charge": 0.1282808478080164,
            "dipole": [
                -0.018588280832624128,
                -0.029415425832054032,
                -0.031397319348448194
            ],
            "quadrupole": [
                [
                    -0.5008010756932594,
                    -0.511006822799334,
                    -0.005007098792661377
                ],
                [
                    -0.511006822799334,
                    0.0013604174737941268,
                    -0.5153975131394815
                ],
                [
                    -0.005007098792661377,
                    -0.5153975131394815,
                    -0.005760949671575585
                ]
            ],
            "volume_eff": 2.905823969423921,
            "alpha_iso": 0.9273906285395492,
            "c6_ii": 0.2760665163639196,
            "c8_ii": 1.8434055250751669,
            "c10_ii": 16.9890146047213,
            "slater_b_init": 67.71890519065036
        },
        {
            "index": 6,
            "element": "H",
            "charge": 0.09921804684690538,
            "dipole": [
                -0.010051273758738462,
                -0.05132995457746446,
                0.003024951989055458
            ],
            "quadrupole": [
                [
                    -0.5127505964319474,
                    -0.5382443464595327,
                    0.00723690677767728
                ],
                [
                    -0.5382443464595327,
                    -0.0042922452336400544,
                    -0.5293766972916756
                ],
                [
                    0.00723690677767728,
                    -0.5293766972916756,
                    -0.0006923466270858587
                ]
            ],
            "volume_eff": 3.0028469741333024,
            "alpha_iso": 0.9583554172765859,
            "c6_ii": 0.29480954014083777,
            "c8_ii": 2.0121388632639845,
            "c10_ii": 18.954595475728627,
            "slater_b_init": 66.98156573361538
        },
        {
            "index": 7,
            "element": "H",
            "charge": 0.09949318498967141,
            "dipole": [
                0.011711714434960212,
                0.04042991653000046,
                0.03078486185793975
            ],
            "quadrupole": [
                [
                    -0.5128224343432684,
                    -0.5287659265310117,
                    -0.005970068739586493
                ],
                [
                    -0.5287659265310117,
                    -0.004219496141769635,
                    -0.5375098928913141
                ],
                [
                    -0.005970068739586493,
                    -0.5375098928913141,
                    -0.00429564823316336
                ]
            ],
            "volume_eff": 2.999648725394932,
            "alpha_iso": 0.9573346995941273,
            "c6_ii": 0.29418188769409165,
            "c8_ii": 2.0064290727403513,
            "c10_ii": 18.8873856801461,
            "slater_b_init": 67.00536269976178
        },
        {
            "index": 8,
            "element": "H",
            "charge": 0.12836499046797245,
            "dipole": [
                -0.02830424205829311,
                -0.005161080816536153,
                0.03884904386516057
            ],
            "quadrupole": [
                [
                    -0.5109883782906364,
                    -0.50667656349076,
                    -0.002576871571515083
                ],
                [
                    -0.50667656349076,
                    -0.0015531216736104313,
                    -0.5055102429256779
                ],
                [
                    -0.002576871571515083,
                    -0.5055102429256779,
                    0.007631403624452394
                ]
            ],
            "volume_eff": 2.8883130290423593,
            "alpha_iso": 0.9218020305454339,
            "c6_ii": 0.2727493033513557,
            "c8_ii": 1.8139310357393308,
            "c10_ii": 16.650146075617656,
            "slater_b_init": 67.85548241483494
        },
        {
            "index": 9,
            "element": "H",
            "charge": 0.13104606192608048,
            "dipole": [
                -0.0019118197421855649,
                -0.03240805110191151,
                -0.03305463592569093
            ],
            "quadrupole": [
                [
                    -0.4992097173914894,
                    -0.5045845498958147,
                    -0.005502643226993801
                ],
                [
                    -0.5045845498958147,
                    -0.006023011807847108,
                    -0.5134787834527261
                ],
                [
                    -0.005502643226993801,
                    -0.5134787834527261,
                    -0.00015869200440627693
                ]
            ],
            "volume_eff": 2.8810960692864773,
            "alpha_iso": 0.9194987455169609,
            "c6_ii": 0.27138798170603556,
            "c8_ii": 1.80186971720093,
            "c10_ii": 16.51187212961092,
            "slater_b_init": 67.91209304085673
        },
        {
            "index": 10,
            "element": "H",
            "charge": 0.13110528076159866,
            "dipole": [
                0.015753292189838522,
                0.042255585472442424,
                -0.010307343359034618
            ],
            "quadrupole": [
                [
                    -0.4961812264537812,
                    -0.5141641102328711,
                    0.004617942254583383
                ],
                [
                    -0.5141641102328711,
                    -0.000941061550526136,
                    -0.50659015938669
                ],
                [
                    0.004617942254583383,
                    -0.50659015938669,
                    0.004307418944439385
                ]
            ],
            "volume_eff": 2.88031983425583,
            "alpha_iso": 0.9192510109327117,
            "c6_ii": 0.2712417647977916,
            "c8_ii": 1.8005754316461575,
            "c10_ii": 16.497047834760735,
            "slater_b_init": 67.91819317484669
        }
    ]
}