{
    "molecule": "Est_312",
    "atoms": [
        {
            "index": 0,
            "element": "C",
            "charge": -0.5267379169145894,
            "dipole": [
                0.0016390027241378411,
                -0.029439603479096643,
                -0.02533226081562234
            ],
            "quadrupole": [
                [
                    -5.224067508181024,
                    -5.29716769806169,
                    -0.008627852908248237
                ],
                [
                    -5.29716769806169,
                    0.027487817277941924,
                    -5.231974895652401
                ],
                [
                    -0.008627852908248237,
                    -5.231974895652401,
                    -0.00858840915982175
                ]
            ],
            "volume_eff": 39.894918633516966,
            "alpha_iso": 12.532435172832553,
            "c6_ii": 50.82698612107135,
            "c8_ii": 1515.694555121884,
            "c10_ii": 56629.59849949983,
            "slater_b_init": 34.49715691150796
        },
        {
            "index": 1,
            "element": "C",
            "charge": 0.2853264846001018,
            "dipole": [
                0.08482416692544485,
                0.04488931531329644,
                -0.07508925369923417
            ],
            "quadrupole": [
                [
                    -3.802042319768759,
                    -3.8890249410764004,
                    -0.024253494040289352
                ],
                [
                    -3.8890249410764004,
                    0.01286277905810947,
                    -3.8659914181256525
                ],
                [
                    -0.024253494040289352,
                    -3.8659914181256525,
                    -0.07463732073099276
                ]
            ],
            "volume_eff": 27.389104090668976,
            "alpha_iso": 8.603907044189206,
            "c6_ii": 23.956029759772694,
            "c8_ii": 555.9541863194668,
            "c10_ii": 16165.071333549016,
            "slater_b_init": 39.10478386124777
        },
        {
            "index": 2,
            "element": "C",
            "charge": -0.5271645747396239,
            "dipole": [
                0.02187863649859336,
                0.023046151729813426,
                0.0180705024733573
            ],
            "quadrupole": [
                [
                    -5.257978282549212,
                    -5.241639644224096,
                    0.0011337116284724246
                ],
                [
                    -5.241639644224096,
                    -0.0016873678042181083,
                    -5.296395053977136
                ],
                [
                    0.0011337116284724246,
                    -5.296395053977136,
                    -0.053474035199940824
                ]
            ],
            "volume_eff": 40.07515228835698,
            "alpha_iso": 12.589053074876537,
            "c6_ii": 51.28726660561057,
            "c8_ii": 1534.0232823046485,
            "c10_ii": 57486.88920488277,
            "slater_b_init": 34.445363446878254
        },
        {
            "index": 3,
            "element": "O",
            "charge": -0.4104867138368036,
            "dipole": [
                -0.09159160489244979,
                0.01229047377306175,
                0.004736659629660884
            ],
            "quadrupole": [
                [
                    -4.048248025486571,
                    -4.060232438375529,
                    0.028588963868201776
                ],
                [
                    -4.060232438375529,
                    -0.00887531982455953,
                    -4.118233515454319
                ],
                [
                    0.028588963868201776,
                    -4.118233515454319,
                    0.01518953650974054
                ]
            ],
            "volume_eff": 23.231035972932833,
            "alpha_iso": 6.930806312366701,
            "c6_ii": 25.69831233802664,
            "c8_ii": 1050.591218403626,
            "c10_ii": 41359.236523918255,
            "slater_b_init": 34.04644123789954
        },
        {
            "index": 4,
            "element": "C",
            "charge": 0.8254111329822038,
            "dipole": [
                -0.06708651753295759,
                0.014617980014473059,
                0.010429115404519995
            ],
            "quadrupole": [
                [
                    -3.1035802371081496,
                    -2.8933081114778783,
                    0.0445154020849037
                ],
                [
                    -2.8933081114778783,
                    0.0005540816293337019,
                    -3.1141439009752103
                ],
                [
                    0.0445154020849037,
                    -3.1141439009752103,
                    0.040546667832286075
                ]
            ],
            "volume_eff": 20.528557209052543,
            "alpha_iso": 6.4487614269275,
            "c6_ii": 13.45786121993434,
            "c8_ii": 257.70367201925245,
            "c10_ii": 6182.720699742681,
            "slater_b_init": 43.04965640640329
        },
        {
            "index": 5,
            "element": "O",
            "charge": -0.5892944339513626,
            "dipole": [
                -0.0023343404303279693,
                -0.018273034094396755,
                0.1152617670953987
            ],
            "quadrupole": [
                [
                    -4.446449736955117,
                    -4.284149072131819,
                    0.02510070991333142
                ],
                [
                    -4.284149072131819,
                    -0.00649797016406881,
                    -4.406267284611453
                ],
                [
                    0.02510070991333142,
                    -4.406267284611453,
                    -0.0012368553982812051
                ]
            ],
            "volume_eff": 25.639833535307552,
            "alpha_iso": 7.649453098931534,
            "c6_ii": 31.30385700682272,
            "c8_ii": 1366.7573879255594,
            "c10_ii": 57463.8332232433,
            "slater_b_init": 32.94500025761245
        },
        {
            "index": 6,
            "element": "C",
            "charge": -0.5646634395224783,
            "dipole": [
                0.04571707979125902,
                0.01927070721098763,
                0.004335449581533797
            ],
            "quadrupole": [
                [
                    -5.276435160780031,
                    -5.190732789986013,
                    -0.030752610831714957
                ],
                [
                    -5.190732789986013,
                    -0.031899247106995515,
                    -5.274782567019829
                ],
                [
                    -0.030752610831714957,
                    -5.274782567019829,
                    0.005279057853049063
                ]
            ],
            "volume_eff": 39.593976496334356,
            "alpha_iso": 12.437898375811839,
            "c6_ii": 50.063064763383764,
            "c8_ii": 1485.3967062727854,
            "c10_ii": 55218.161182964555,
            "slater_b_init": 34.58433731060755
        },
        {
            "index": 7,
            "element": "C",
            "charge": 0.1541416044024757,
            "dipole": [
                -0.09091086388531915,
                0.1147193239632671,
                -0.03961160899380961
            ],
            "quadrupole": [
                [
                    -4.1243287583266,
                    -3.968112057211084,
                    -0.01080391995391824
                ],
                [
                    -3.968112057211084,
                    -0.04288997280038143,
                    -4.113066113642036
                ],
                [
                    -0.01080391995391824,
                    -4.113066113642036,
                    -0.046230579258651545
                ]
            ],
            "volume_eff": 29.264195407478468,
            "alpha_iso": 9.192940965700041,
            "c6_ii": 27.34842794240433,
            "c8_ii": 663.3290779459959,
            "c10_ii": 20157.66223999131,
            "slater_b_init": 38.25107420558479
        },
        {
            "index": 8,
            "element": "F",
            "charge": -0.23463893988778395,
            "dipole": [
                -0.004410372157214126,
                -0.045155797361537554,
                -0.006070645225332947
            ],
            "quadrupole": [
                [
                    -3.581466788734019,
                    -3.504969588949435,
                    0.006006934425597208
                ],
                [
                    -3.504969588949435,
                    -0.008189828897698691,
                    -3.5946642169062435
                ],
                [
                    0.006006934425597208,
                    -3.5946642169062435,
                    0.005106305096463799
                ]
            ],
            "volume_eff": 18.02895271542139,
            "alpha_iso": 5.661985150297626,
            "c6_ii": 21.090839369862394,
            "c8_ii": 926.7807189833712,
            "c10_ii": 37781.89742656375,
            "slater_b_init": 33.27018533470706
        },
        {
            "index": 9,
            "element": "H",
            "charge": 0.1617710021257468,
            "dipole": [
                0.034567221174473584,
                0.006826337781947549,
                0.0328740718824426
            ],
            "quadrupole": [
                [
                    -0.47326866898072917,
                    -0.46939788783554043,
                    0.0007290556470018268
                ],
                [
                    -0.46939788783554043,
                    -0.0031941126112969872,
                    -0.4745637028789084
                ],
                [
                    0.0007290556470018268,
                    -0.4745637028789084,
                    -0.0030371447009216665
                ]
            ],
            "volume_eff": 2.6397178330782065,
            "alpha_iso": 0.8424631382164489,
            "c6_ii": 0.22781910642705178,
            "c8_ii": 1.4268865040958965,
            "c10_ii": 12.334707961513322,
            "slater_b_init": 69.92200290218614
        },
        {
            "index": 10,
            "element": "H",
            "charge": 0.15700342761149577,
            "dipole": [
                -0.041406656493413976,
                -0.004861182217488061,
                0.015590288394021642
            ],
            "quadrupole": [
                [
                    -0.4853150396728274,
                    -0.4697405202640769,
                    0.003326401169734366
                ],
                [
                    -0.4697405202640769,
                    0.0007222627624212881,
                    -0.47827186504340563
                ],
                [
                    0.003326401169734366,
                    -0.47827186504340563,
                    0.0018469720086079012
                ]
            ],
            "volume_eff": 2.6782105308366533,
            "alpha_iso": 0.8547480417563788,
            "c6_ii": 0.23451172329685765,
            "c8_ii": 1.4830483690356755,
            "c10_ii": 12.944528265317002,
            "slater_b_init": 69.58539941861228
        },
        {
            "index": 11,
            "element": "H",
            "charge": 0.15238925753079313,
            "dipole": [
                0.006771463828491304,
                0.02867350932233803,
                -0.03329469823143249
            ],
            "quadrupole": [
                [
                    -0.4855960696836508,
                    -0.4828230287130097,
                    0.00950509064445589
                ],
                [
                    -0.4828230287130097,
                    -0.0013566125440735853,
                    -0.48566230833888785
                ],
                [
                    0.00950509064445589,
                    -0.48566230833888785,
                    -0.0018486524649367246
                ]
            ],
            "volume_eff": 2.7340608704538125,
            "alpha_iso": 0.8725726182299401,
            "c6_ii": 0.2443945348913701,
            "c8_ii": 1.566959932392921,
            "c10_ii": 13.866423120086674,
            "slater_b_init": 69.10831472975548
        },
        {
            "index": 12,
            "element": "H",
            "charge": 0.09128805077969815,
            "dipole": [
                -0.008713505265675504,
                -0.04754892710394592,
                0.04813616904004769
            ],
            "quadrupole": [
                [
                    -0.5062055374782215,
                    -0.5208773671959391,
                    0.010684685835551749
                ],
                [
                    -0.5208773671959391,
                    0.0004911249585270287,
                    -0.5206154776545441
                ],
                [
                    0.010684685835551749,
                    -0.5206154776545441,
                    -0.0070715300296305544
                ]
            ],
            "volume_eff": 2.8905486968971044,
            "alpha_iso": 0.9225155415629057,
            "c6_ii": 0.2731717041364522,
            "c8_ii": 1.8176775951076871,
            "c10_ii": 16.69314444260595,
            "slater_b_init": 67.8379838399457
        },
        {
            "index": 13,
            "element": "H",
            "charge": 0.16013874551717766,
            "dipole": [
                -0.04047367308760021,
                -0.0009354327467096413,
                0.019569827234546304
            ],
            "quadrupole": [
                [
                    -0.47894850375887554,
                    -0.4742016174992909,
                    0.002500265869988832
                ],
                [
                    -0.4742016174992909,
                    0.0017565087393019722,
                    -0.4676797818629071
                ],
                [
                    0.002500265869988832,
                    -0.4676797818629071,
                    0.005799638844703325
                ]
            ],
            "volume_eff": 2.6469273729361835,
            "alpha_iso": 0.8447640551923989,
            "c6_ii": 0.22906523497003423,
            "c8_ii": 1.4373023878658597,
            "c10_ii": 12.447360493468482,
            "slater_b_init": 69.8584620774806
        },
        {
            "index": 14,
            "element": "H",
            "charge": 0.1485182076243703,
            "dipole": [
                0.018482740527218953,
                -0.03905275771078955,
                -0.016274845122186
            ],
            "quadrupole": [
                [
                    -0.48278722393331414,
                    -0.49332694927627324,
                    -0.0037261784594080447
                ],
                [
                    -0.49332694927627324,
                    0.0006478749299868803,
                    -0.48613863465556717
                ],
                [
                    -0.0037261784594080447,
                    -0.48613863465556717,
                    0.0054060597203764
                ]
            ],
            "volume_eff": 2.7477298036341486,
            "alpha_iso": 0.8769350437130261,
            "c6_ii": 0.24684434374310052,
            "c8_ii": 1.5879377684056162,
            "c10_ii": 14.09885784158724,
            "slater_b_init": 68.99352812977922
        },
        {
            "index": 15,
            "element": "H",
            "charge": 0.15453309210685617,
            "dipole": [
                0.007900951929145127,
                0.03233001022466353,
                -0.029506388774894515
            ],
            "quadrupole": [
                [
                    -0.4768177051235343,
                    -0.48454843425365157,
                    0.007767651149434801
                ],
                [
                    -0.48454843425365157,
                    0.0037887611592745344,
                    -0.48237729759983283
                ],
                [
                    0.007767651149434801,
                    -0.48237729759983283,
                    0.003801035283069673
                ]
            ],
            "volume_eff": 2.7086007086704766,
            "alpha_iso": 0.864447034682067,
            "c6_ii": 0.23986401938316157,
            "c8_ii": 1.5283496222600534,
            "c10_ii": 13.440656315542922,
            "slater_b_init": 69.32417335847231
        },
        {
            "index": 16,
            "element": "H",
            "charge": 0.1963589381458255,
            "dipole": [
                0.016635016869944667,
                -0.04038414729022941,
                -0.004314701585512616
            ],
            "quadrupole": [
                [
                    -0.42984421511646814,
                    -0.4382934919985513,
                    -0.0013294618802977118
                ],
                [
                    -0.4382934919985513,
                    0.0052548688955127276,
                    -0.4323812850289261
                ],
                [
                    -0.0013294618802977118,
                    -0.4323812850289261,
                    0.0026840422869979013
                ]
            ],
            "volume_eff": 2.358675708390004,
            "alpha_iso": 0.7527688431031928,
            "c6_ii": 0.1818911630841963,
            "c8_ii": 1.056861404462429,
            "c10_ii": 8.475486401033566,
            "slater_b_init": 72.59559750510255
        },
        {
            "index": 17,
            "element": "H",
            "charge": 0.1951640904689007,
            "dipole": [
                -0.007764409332572373,
                0.026830877566571827,
                -0.034053706472613944
            ],
            "quadrupole": [
                [
                    -0.4265040056981042,
                    -0.4347147099994387,
                    0.0027839462316801207
                ],
                [
                    -0.4347147099994387,
                    0.0037555515916264212,
                    -0.44026870388430855
                ],
                [
                    0.0027839462316801207,
                    -0.44026870388430855,
                    -0.001333749607827142
                ]
            ],
            "volume_eff": 2.371363860951928,
            "alpha_iso": 0.7568182534952962,
            "c6_ii": 0.18385334061006706,
            "c8_ii": 1.0720900664241098,
            "c10_ii": 8.628417951059577,
            "slater_b_init": 72.4658899075008
        },
        {
            "index": 18,
            "element": "H",
            "charge": 0.09504711808986732,
            "dipole": [
                -0.007045907222582492,
                -0.01892360654197849,
                0.06706603107373696
            ],
            "quadrupole": [
                [
                    -0.5244597103613662,
                    -0.5023080454445976,
                    0.006191946648883242
                ],
                [
                    -0.5023080454445976,
                    -0.002628762211586054,
                    -0.5242934007533003
                ],
                [
                    0.006191946648883242,
                    -0.5242934007533003,
                    0.00426983064465213
                ]
            ],
            "volume_eff": 2.911055424668351,
            "alpha_iso": 0.9290602419154311,
            "c6_ii": 0.2770614353186042,
            "c8_ii": 1.8522687988495852,
            "c10_ii": 17.091181949605776,
            "slater_b_init": 67.67831500363121
        },
        {
            "index": 19,
            "element": "H",
            "charge": 0.07101476688458819,
            "dipole": [
                0.05556793348316151,
                -0.0020582991438180126,
                -0.03730916255292198
            ],
            "quadrupole": [
                [
                    -0.5480365768860374,
                    -0.5217586921652422,
                    0.002730798886468585
                ],
                [
                    -0.5217586921652422,
                    -0.000737720491318917,
                    -0.5430270083436884
                ],
                [
                    0.002730798886468585,
                    -0.5430270083436884,
                    0.0036581722483735877
                ]
            ],
            "volume_eff": 3.0430408844476213,
            "alpha_iso": 0.9711832609939217,
            "c6_ii": 0.3027545689790677,
            "c8_ii": 2.084763746237301,
            "c10_ii": 19.81358860136977,
            "slater_b_init": 66.685349721633
        }
    ]
}