{
    "molecule": "Phos_733",
    "atoms": [
        {
            "index": 0,
            "element": "C",
            "charge": -0.637416035191066,
            "dipole": [
                0.002246898347934333,
                -0.012209821119303866,
                -0.009145359654603145
            ],
            "quadrupole": [
                [
                    -5.429604761721139,
                    -5.424199352844878,
                    -0.026083555093664088
                ],
                [
                    -5.424199352844878,
                    0.02321090138694178,
                    -5.368984796876995
                ],
                [
                    -0.026083555093664088,
                    -5.368984796876995,
                    0.012007354780114974
                ]
            ],
            "volume_eff": 41.08912483790719,
            "alpha_iso": 12.907578483112207,
            "c6_ii": 53.91541760467276,
            "c8_ii": 1639.7205672511102,
            "c10_ii": 62480.0221108417,
            "slater_b_init": 34.159659646427876
        },
        {
            "index": 1,
            "element": "C",
            "charge": 0.5576441050841208,
            "dipole": [
                -0.038500023975666646,
                0.06342944297331497,
                -0.1541060056270212
            ],
            "quadrupole": [
                [
                    -3.5032877619900287,
                    -3.4972779378166003,
                    -0.042408236360065785
                ],
                [
                    -3.4972779378166003,
                    0.049682357169243095,
                    -3.4708752151217714
                ],
                [
                    -0.042408236360065785,
                    -3.4708752151217714,
                    0.03788264910192282
                ]
            ],
            "volume_eff": 24.47223569524606,
            "alpha_iso": 7.687613307407139,
            "c6_ii": 19.125221970644493,
            "c8_ii": 411.7445493460694,
            "c10_ii": 11106.154041225005,
            "slater_b_init": 40.60049075186951
        },
        {
            "index": 2,
            "element": "F",
            "charge": -0.24994940888372952,
            "dipole": [
                0.018449659197525163,
                0.0005139269836902491,
                -0.018390851445909916
            ],
            "quadrupole": [
                [
                    -3.5341509585850384,
                    -3.566334509440243,
                    0.007542828552380398
                ],
                [
                    -3.566334509440243,
                    0.025710442833477537,
                    -3.5965690460114916
                ],
                [
                    0.007542828552380398,
                    -3.5965690460114916,
                    0.03424371046209298
                ]
            ],
            "volume_eff": 18.040373711814553,
            "alpha_iso": 5.665571909495479,
            "c6_ii": 21.117569119515952,
            "c8_ii": 928.3471398257336,
            "c10_ii": 37861.736768089475,
            "slater_b_init": 33.26316295836755
        },
        {
            "index": 3,
            "element": "O",
            "charge": -0.6311711719302178,
            "dipole": [
                -0.11137414658992262,
                -0.07719135372731041,
                -0.1305401971825981
            ],
            "quadrupole": [
                [
                    -4.332398975396159,
                    -4.311235285599612,
                    -0.01982917844783405
                ],
                [
                    -4.311235285599612,
                    -0.025607155528311755,
                    -4.3696848778004735
                ],
                [
                    -0.01982917844783405,
                    -4.3696848778004735,
                    -0.015638565654025667
                ]
            ],
            "volume_eff": 25.116064443640408,
            "alpha_iso": 7.493190496997691,
            "c6_ii": 30.037973239335575,
            "c8_ii": 1293.5656167507223,
            "c10_ii": 53643.349146866516,
            "slater_b_init": 33.172437622825804
        },
        {
            "index": 4,
            "element": "P",
            "charge": 1.7510358067026832,
            "dipole": [
                0.04276169802929832,
                0.014372167059716563,
                -0.0606545618484791
            ],
            "quadrupole": [
                [
                    -6.295984067132105,
                    -6.29896754012483,
                    0.004092089683836172
                ],
                [
                    -6.29896754012483,
                    0.023442261109305425,
                    -6.336547943044598
                ],
                [
                    0.004092089683836172,
                    -6.336547943044598,
                    0.06931702030684661
                ]
            ],
            "volume_eff": 50.84420937781253,
            "alpha_iso": 19.55546514531251,
            "c6_ii": 113.19520024666163,
            "c8_ii": 3636.132928282648,
            "c10_ii": 66148.2560074709,
            "slater_b_init": 35.81551710820292
        },
        {
            "index": 5,
            "element": "O",
            "charge": -0.841184513826855,
            "dipole": [
                -0.018875684969159475,
                -0.03130673309342084,
                0.33793823316701166
            ],
            "quadrupole": [
                [
                    -4.719048087222178,
                    -4.717654913975319,
                    0.0047817913366016975
                ],
                [
                    -4.717654913975319,
                    -0.010017412704589381,
                    -4.768370308713811
                ],
                [
                    0.0047817913366016975,
                    -4.768370308713811,
                    -0.0027475313702936335
                ]
            ],
            "volume_eff": 28.212178034448,
            "alpha_iso": 8.416892894255204,
            "c6_ii": 37.90012830920694,
            "c8_ii": 1763.6613692926974,
            "c10_ii": 79031.3332080843,
            "slater_b_init": 31.911634104170904
        },
        {
            "index": 6,
            "element": "O",
            "charge": -0.5499262571749419,
            "dipole": [
                0.1723995616047209,
                -0.04776961580563436,
                -0.08868944403955939
            ],
            "quadrupole": [
                [
                    -4.237100317734641,
                    -4.217175772278171,
                    -0.0046717125046538315
                ],
                [
                    -4.217175772278171,
                    0.016979369151988517,
                    -4.191066284077104
                ],
                [
                    -0.0046717125046538315,
                    -4.191066284077104,
                    0.0007305313094675592
                ]
            ],
            "volume_eff": 24.098120909276417,
            "alpha_iso": 7.189494635916721,
            "c6_ii": 27.65246216289625,
            "c8_ii": 1158.437757777082,
            "c10_ii": 46732.733624618064,
            "slater_b_init": 33.633096703965464
        },
        {
            "index": 7,
            "element": "C",
            "charge": 0.10738644112071238,
            "dipole": [
                0.0363833533358597,
                -0.0648881347990733,
                0.15911084148020133
            ],
            "quadrupole": [
                [
                    -4.165309112072478,
                    -4.13875637176331,
                    -0.016522681976120668
                ],
                [
                    -4.13875637176331,
                    0.047517234850756075,
                    -4.024700478063448
                ],
                [
                    -0.016522681976120668,
                    -4.024700478063448,
                    0.003920517926070466
                ]
            ],
            "volume_eff": 29.45400357427007,
            "alpha_iso": 9.25256656783353,
            "c6_ii": 27.704343368722842,
            "c8_ii": 674.8641546256426,
            "c10_ii": 20596.77956102105,
            "slater_b_init": 38.16873092145637
        },
        {
            "index": 8,
            "element": "C",
            "charge": -0.3718478984059441,
            "dipole": [
                -0.004095602870736076,
                0.03179403679949505,
                0.04611940014583287
            ],
            "quadrupole": [
                [
                    -4.890110714748611,
                    -4.873969610489554,
                    -0.033271918042517744
                ],
                [
                    -4.873969610489554,
                    0.012097289044162728,
                    -4.781438123709491
                ],
                [
                    -0.033271918042517744,
                    -4.781438123709491,
                    -0.028761221571911317
                ]
            ],
            "volume_eff": 35.65310390359137,
            "alpha_iso": 11.19992792782975,
            "c6_ii": 40.593255336304615,
            "c8_ii": 1123.1154121103987,
            "c10_ii": 38932.2365179465,
            "slater_b_init": 35.81432060534741
        },
        {
            "index": 9,
            "element": "C",
            "charge": 0.3611726329280591,
            "dipole": [
                -0.0798853216158252,
                -0.038216771562688705,
                -0.019939724434818035
            ],
            "quadrupole": [
                [
                    -3.6945800476545188,
                    -3.56492878273817,
                    -0.05657775115634075
                ],
                [
                    -3.56492878273817,
                    -0.12084317022716914,
                    -3.539676554227795
                ],
                [
                    -0.05657775115634075,
                    -3.539676554227795,
                    -0.11559108239546875
                ]
            ],
            "volume_eff": 24.76248560215707,
            "alpha_iso": 7.778791288635729,
            "c6_ii": 19.58157691879464,
            "c8_ii": 424.8961182349952,
            "c10_ii": 11551.33885031394,
            "slater_b_init": 40.441235960143295
        },
        {
            "index": 10,
            "element": "N",
            "charge": -0.4391401266538866,
            "dipole": [
                0.09593193056055167,
                0.048521293599835126,
                0.05080923717559004
            ],
            "quadrupole": [
                [
                    -4.819429617667618,
                    -4.650464289807573,
                    -0.060120470305082614
                ],
                [
                    -4.650464289807573,
                    -0.13722253547075314,
                    -4.630053580512337
                ],
                [
                    -0.060120470305082614,
                    -4.630053580512337,
                    -0.11986255137504957
                ]
            ],
            "volume_eff": 30.907903862944245,
            "alpha_iso": 9.004664904952262,
            "c6_ii": 35.833319196888056,
            "c8_ii": 1282.6529231441539,
            "c10_ii": 50014.13956451611,
            "slater_b_init": 33.72023211075136
        },
        {
            "index": 11,
            "element": "O",
            "charge": -0.6036190910554708,
            "dipole": [
                0.013874856404196716,
                0.17897495417868448,
                -0.05786566325137103
            ],
            "quadrupole": [
                [
                    -4.268756347761462,
                    -4.290789311457497,
                    0.04769124036733784
                ],
                [
                    -4.290789311457497,
                    -0.012236312115250716,
                    -4.271837495301404
                ],
                [
                    0.04769124036733784,
                    -4.271837495301404,
                    0.024732277937246246
                ]
            ],
            "volume_eff": 24.58418155813201,
            "alpha_iso": 7.334507205188555,
            "c6_ii": 28.779215936564473,
            "c8_ii": 1221.7984572679668,
            "c10_ii": 49949.341927216796,
            "slater_b_init": 33.409963216526606
        },
        {
            "index": 12,
            "element": "C",
            "charge": 0.5677546958037967,
            "dipole": [
                0.09359489594054733,
                0.040595420361239816,
                -0.1329891932257999
            ],
            "quadrupole": [
                [
                    -3.4321579810615703,
                    -3.5117947393881646,
                    -0.047346088266980856
                ],
                [
                    -3.5117947393881646,
                    -0.05153991998072639,
                    -3.456011245260596
                ],
                [
                    -0.047346088266980856,
                    -3.456011245260596,
                    -0.03294753920463487
                ]
            ],
            "volume_eff": 24.243056768459134,
            "alpha_iso": 7.615619927264648,
            "c6_ii": 18.76868941977256,
            "c8_ii": 401.5421529830674,
            "c10_ii": 10763.234402611095,
            "slater_b_init": 40.72802705318469
        },
        {
            "index": 13,
            "element": "C",
            "charge": -0.6248687766855987,
            "dipole": [
                0.01477242584039279,
                0.007832339631568423,
                -0.000717696223124599
            ],
            "quadrupole": [
                [
                    -5.3394063791791,
                    -5.380172349979584,
                    -0.0146340333931964
                ],
                [
                    -5.380172349979584,
                    -0.03143485365151238,
                    -5.355192442729084
                ],
                [
                    -0.0146340333931964,
                    -5.355192442729084,
                    -0.027985474555849297
                ]
            ],
            "volume_eff": 40.505733774353075,
            "alpha_iso": 12.724314274665886,
            "c6_ii": 52.39528400859527,
            "c8_ii": 1578.3699767020712,
            "c10_ii": 59571.68488097861,
            "slater_b_init": 34.32287542092632
        },
        {
            "index": 14,
            "element": "F",
            "charge": -0.25241204982638443,
            "dipole": [
                0.022466656423469292,
                0.0134440539895301,
                0.0024124346637174375
            ],
            "quadrupole": [
                [
                    -3.5842011387830794,
                    -3.570083733280422,
                    -0.024413252344448497
                ],
                [
                    -3.570083733280422,
                    -0.03348786194878775,
                    -3.5526809151752667
                ],
                [
                    -0.024413252344448497,
                    -3.5526809151752667,
                    0.026851492241726952
                ]
            ],
            "volume_eff": 18.06446659288763,
            "alpha_iso": 5.673138268840743,
            "c6_ii": 21.174011721964042,
            "c8_ii": 931.6569687762371,
            "c10_ii": 38030.54710026013,
            "slater_b_init": 33.24836850038236
        },
        {
            "index": 15,
            "element": "H",
            "charge": 0.19020647857689144,
            "dipole": [
                -0.019200076918538676,
                -0.0389266530733789,
                0.009001551486329034
            ],
            "quadrupole": [
                [
                    -0.4380708944962857,
                    -0.4441344160234259,
                    0.0019211875916708158
                ],
                [
                    -0.4441344160234259,
                    -0.0045339514662733355,
                    -0.4419931476615441
                ],
                [
                    0.0019211875916708158,
                    -0.4419931476615441,
                    -0.0017088292633010858
                ]
            ],
            "volume_eff": 2.41698319020573,
            "alpha_iso": 0.7713776138954457,
            "c6_ii": 0.19099517288512113,
            "c8_ii": 1.1279740102960802,
            "c10_ii": 9.194242414018246,
            "slater_b_init": 72.00707208645773
        },
        {
            "index": 16,
            "element": "H",
            "charge": 0.19227762923501146,
            "dipole": [
                0.03568885054916972,
                0.008067216626258008,
                0.02763625557190374
            ],
            "quadrupole": [
                [
                    -0.44034988236146394,
                    -0.43599271939929024,
                    0.0019961604473044017
                ],
                [
                    -0.43599271939929024,
                    -0.0025878055216843675,
                    -0.44001169511450544
                ],
                [
                    0.0019961604473044017,
                    -0.44001169511450544,
                    -0.0008256008786382788
                ]
            ],
            "volume_eff": 2.399123525270382,
            "alpha_iso": 0.765677720830973,
            "c6_ii": 0.18818298366172528,
            "c8_ii": 1.1058843314751,
            "c10_ii": 8.969726784621649,
            "slater_b_init": 72.18530997825442
        },
        {
            "index": 17,
            "element": "H",
            "charge": 0.17422004239133693,
            "dipole": [
                0.011205660615576192,
                -0.0005927980216056183,
                -0.04014611571807385
            ],
            "quadrupole": [
                [
                    -0.45871031947834107,
                    -0.45541894689540585,
                    -0.0013828233673657399
                ],
                [
                    -0.45541894689540585,
                    -0.003530098006836965,
                    -0.4675701855784072
                ],
                [
                    -0.0013828233673657399,
                    -0.4675701855784072,
                    0.002442460860975774
                ]
            ],
            "volume_eff": 2.558504867852378,
            "alpha_iso": 0.8165441067613973,
            "c6_ii": 0.21401668191920956,
            "c8_ii": 1.3128025356790762,
            "c10_ii": 11.114536138160624,
            "slater_b_init": 70.65413975095927
        },
        {
            "index": 18,
            "element": "H",
            "charge": 0.07436871087791408,
            "dipole": [
                -0.02525318192454872,
                0.001911423342781688,
                0.08322407216680765
            ],
            "quadrupole": [
                [
                    -0.5154058071554928,
                    -0.5075544155416263,
                    -0.004780736402491502
                ],
                [
                    -0.5075544155416263,
                    0.00011528254122257843,
                    -0.5189515945759455
                ],
                [
                    -0.004780736402491502,
                    -0.5189515945759455,
                    0.005825719463900221
                ]
            ],
            "volume_eff": 2.840126966480574,
            "alpha_iso": 0.9064234999406087,
            "c6_ii": 0.2637245999056685,
            "c8_ii": 1.7343500653200177,
            "c10_ii": 15.742113340709965,
            "slater_b_init": 68.23708149435548
        },
        {
            "index": 19,
            "element": "H",
            "charge": 0.11937347463380021,
            "dipole": [
                0.01373633751939833,
                0.06813681927139341,
                -0.0010487796330813357
            ],
            "quadrupole": [
                [
                    -0.48924740711868026,
                    -0.4932583874294232,
                    -3.3432367810505876e-05
                ],
                [
                    -0.4932583874294232,
                    -0.0015346502624283512,
                    -0.47608282793309903
                ],
                [
                    -3.3432367810505876e-05,
                    -0.47608282793309903,
                    -0.007704909097074059
                ]
            ],
            "volume_eff": 2.676990256848154,
            "alpha_iso": 0.854358592611113,
            "c6_ii": 0.2342980706664134,
            "c8_ii": 1.4812471282355082,
            "c10_ii": 12.924878980763259,
            "slater_b_init": 69.59597103645922
        },
        {
            "index": 20,
            "element": "H",
            "charge": 0.09916993861686718,
            "dipole": [
                -0.050289485326956124,
                -0.03006069026042653,
                -0.03523588066778383
            ],
            "quadrupole": [
                [
                    -0.5126429716208398,
                    -0.5174921773231694,
                    -0.001982954249605612
                ],
                [
                    -0.5174921773231694,
                    -0.0030425576138338913,
                    -0.5022690674770165
                ],
                [
                    -0.001982954249605612,
                    -0.5022690674770165,
                    -0.007582568545184143
                ]
            ],
            "volume_eff": 2.8563093322830397,
            "alpha_iso": 0.9115880847711829,
            "c6_ii": 0.2667384412804522,
            "c8_ii": 1.7608271130267528,
            "c10_ii": 16.043088515868163,
            "slater_b_init": 68.10797207153826
        },
        {
            "index": 21,
            "element": "H",
            "charge": 0.19173327828581654,
            "dipole": [
                -0.0050922412738962485,
                -0.04512526596809607,
                0.02395827663582367
            ],
            "quadrupole": [
                [
                    -0.4249829929533462,
                    -0.43817251511226923,
                    0.0022284902097434783
                ],
                [
                    -0.43817251511226923,
                    -0.0014036601313419002,
                    -0.4344920032480769
                ],
                [
                    0.0022284902097434783,
                    -0.4344920032480769,
                    0.0007331565030433045
                ]
            ],
            "volume_eff": 2.3422310187922153,
            "alpha_iso": 0.7475205379124092,
            "c6_ii": 0.1793637138224975,
            "c8_ii": 1.0373262188927723,
            "c10_ii": 8.280113261710769,
            "slater_b_init": 72.765098151534
        },
        {
            "index": 22,
            "element": "H",
            "charge": 0.1891557618760621,
            "dipole": [
                0.005018763779658292,
                0.0036321929711184845,
                -0.051754883250505535
            ],
            "quadrupole": [
                [
                    -0.42804595511728005,
                    -0.43590485624643843,
                    -0.00010236885298822966
                ],
                [
                    -0.43590485624643843,
                    -0.0008339263565379828,
                    -0.4413685531447425
                ],
                [
                    -0.00010236885298822966,
                    -0.4413685531447425,
                    0.00013469736422054319
                ]
            ],
            "volume_eff": 2.3568651144523454,
            "alpha_iso": 0.7521909939741528,
            "c6_ii": 0.1816120194668077,
            "c8_ii": 1.0546993743352042,
            "c10_ii": 8.453818980043607,
            "slater_b_init": 72.61418257440587
        },
        {
            "index": 23,
            "element": "H",
            "charge": 0.06277923193328738,
            "dipole": [
                -0.06992801224015745,
                -0.04218871431875055,
                0.030556229051839613
            ],
            "quadrupole": [
                [
                    -0.5290179512246553,
                    -0.5259176564297541,
                    0.0011956241505164068
                ],
                [
                    -0.5259176564297541,
                    -0.006116016299906021,
                    -0.5193482063718757
                ],
                [
                    0.0011956241505164068,
                    -0.5193482063718757,
                    -0.0020607974069947496
                ]
            ],
            "volume_eff": 2.9100792366006805,
            "alpha_iso": 0.9287486925321321,
            "c6_ii": 0.27687564791214525,
            "c8_ii": 1.85061289775516,
            "c10_ii": 17.072085002400566,
            "slater_b_init": 67.68588173660441
        },
        {
            "index": 24,
            "element": "H",
            "charge": 0.17834670074240666,
            "dipole": [
                -0.0328802387705688,
                0.027014659194618103,
                0.011353898526911523
            ],
            "quadrupole": [
                [
                    -0.4554362031043956,
                    -0.45602319318536155,
                    0.002548920129036853
                ],
                [
                    -0.45602319318536155,
                    0.0046867397035190396,
                    -0.453149919798133
                ],
                [
                    0.002548920129036853,
                    -0.453149919798133,
                    0.0039852799585216704
                ]
            ],
            "volume_eff": 2.5137127083293067,
            "alpha_iso": 0.8022487367008426,
            "c6_ii": 0.2065886286912413,
            "c8_ii": 1.2524040268008054,
            "c10_ii": 10.479067861054313,
            "slater_b_init": 71.07133641971986
        },
        {
            "index": 25,
            "element": "H",
            "charge": 0.1991779879942518,
            "dipole": [
                0.017654244683893105,
                -0.025635066912247116,
                0.03438431174015076
            ],
            "quadrupole": [
                [
                    -0.43355750768538687,
                    -0.4291677428164755,
                    0.003742348050043199
                ],
                [
                    -0.4291677428164755,
                    0.0004943087484037138,
                    -0.43293901933455214
                ],
                [
                    0.003742348050043199,
                    -0.43293901933455214,
                    -7.333757469021396e-05
                ]
            ],
            "volume_eff": 2.350130931426757,
            "alpha_iso": 0.7500417866255609,
            "c6_ii": 0.18057567560242033,
            "c8_ii": 1.0466823545466826,
            "c10_ii": 8.373571095282704,
            "slater_b_init": 72.68347387297331
        },
        {
            "index": 26,
            "element": "H",
            "charge": 0.18187407550389623,
            "dipole": [
                0.0326341372570645,
                0.024148405030469396,
                -0.014296224970276552
            ],
            "quadrupole": [
                [
                    -0.4560198651527593,
                    -0.4534415702100074,
                    0.005740032606930369
                ],
                [
                    -0.4534415702100074,
                    -0.0024646294355813968,
                    -0.44752433671153513
                ],
                [
                    0.005740032606930369,
                    -0.44752433671153513,
                    0.000794370004702936
                ]
            ],
            "volume_eff": 2.499768837819434,
            "alpha_iso": 0.7977985652615215,
            "c6_ii": 0.2043030409761345,
            "c8_ii": 1.2339635922748986,
            "c10_ii": 10.286556512203877,
            "slater_b_init": 71.20323829106215
        }
    ]
}