{
    "molecule": "CCarb_928",
    "atoms": [
        {
            "index": 0,
            "element": "C",
            "charge": -0.41872374756440145,
            "dipole": [
                -0.07949382059450501,
                -0.024496976906978694,
                0.014568040152689995
            ],
            "quadrupole": [
                [
                    -5.098430800067504,
                    -5.067705054210036,
                    0.024693142110590566
                ],
                [
                    -5.067705054210036,
                    -0.04284781492810094,
                    -5.050119039743146
                ],
                [
                    0.024693142110590566,
                    -5.050119039743146,
                    0.026587700736236355
                ]
            ],
            "volume_eff": 38.30483699942067,
            "alpha_iso": 12.032933088823246,
            "c6_ii": 46.8561313080315,
            "c8_ii": 1359.902536014648,
            "c10_ii": 49449.6929206566,
            "slater_b_init": 34.96804017560069
        },
        {
            "index": 1,
            "element": "C",
            "charge": -0.17002046336001975,
            "dipole": [
                0.026387864945021107,
                0.06320558511249733,
                -0.05223025879718268
            ],
            "quadrupole": [
                [
                    -4.62579223532428,
                    -4.572989320114642,
                    0.05079533440234004
                ],
                [
                    -4.572989320114642,
                    -0.030962977838530577,
                    -4.607385567336656
                ],
                [
                    0.05079533440234004,
                    -4.607385567336656,
                    -0.0022013287118639513
                ]
            ],
            "volume_eff": 33.97634481711916,
            "alpha_iso": 10.673197324749474,
            "c6_ii": 36.86485261666412,
            "c8_ii": 987.7246269872248,
            "c10_ii": 33156.88493497313,
            "slater_b_init": 36.39404101126052
        },
        {
            "index": 2,
            "element": "C",
            "charge": -0.20176666648601227,
            "dipole": [
                0.04087206042948213,
                0.05647120311916335,
                0.033966583330121994
            ],
            "quadrupole": [
                [
                    -4.6498051399803755,
                    -4.7016586180238065,
                    -0.010953769067750613
                ],
                [
                    -4.7016586180238065,
                    0.013314541513256055,
                    -4.691425654586721
                ],
                [
                    -0.010953769067750613,
                    -4.691425654586721,
                    -0.05130120488207347
                ]
            ],
            "volume_eff": 34.82451804896314,
            "alpha_iso": 10.939639177684755,
            "c6_ii": 38.72838797741514,
            "c8_ii": 1054.8525896710107,
            "c10_ii": 35997.18882514692,
            "slater_b_init": 36.096142604864845
        },
        {
            "index": 3,
            "element": "C",
            "charge": -0.31012425718086867,
            "dipole": [
                0.002954130679250499,
                -0.052487355649909785,
                -0.011647436306524627
            ],
            "quadrupole": [
                [
                    -4.834074663646563,
                    -4.872230020384411,
                    -0.03204811219499534
                ],
                [
                    -4.872230020384411,
                    -0.0240607044315086,
                    -4.839911745201166
                ],
                [
                    -0.03204811219499534,
                    -4.839911745201166,
                    -0.03459495487163888
                ]
            ],
            "volume_eff": 36.25566078308967,
            "alpha_iso": 11.389212811441778,
            "c6_ii": 41.976946183589064,
            "c8_ii": 1174.447660059526,
            "c10_ii": 41169.06019962528,
            "slater_b_init": 35.614803870483236
        },
        {
            "index": 4,
            "element": "C",
            "charge": 0.12640697878767515,
            "dipole": [
                0.031099005587535682,
                0.102537378016857,
                0.004155117063148459
            ],
            "quadrupole": [
                [
                    -4.175985151541628,
                    -3.9916917252341846,
                    -0.003927752875733508
                ],
                [
                    -3.9916917252341846,
                    0.014022325534640301,
                    -4.146011837923409
                ],
                [
                    -0.003927752875733508,
                    -4.146011837923409,
                    -0.009224012159823002
                ]
            ],
            "volume_eff": 29.614732325156506,
            "alpha_iso": 9.303057274918274,
            "c6_ii": 28.007530272049284,
            "c8_ii": 684.7293835292578,
            "c10_ii": 20973.821889293336,
            "slater_b_init": 38.09955426414714
        },
        {
            "index": 5,
            "element": "O",
            "charge": -0.4150621069022087,
            "dipole": [
                0.05142815019280697,
                -0.053160348478135604,
                -0.041461075713980985
            ],
            "quadrupole": [
                [
                    -4.088785545305947,
                    -4.053394058959363,
                    0.024252842234562432
                ],
                [
                    -4.053394058959363,
                    -0.031380283681245326,
                    -4.096967347903245
                ],
                [
                    0.024252842234562432,
                    -4.096967347903245,
                    0.010825385590324045
                ]
            ],
            "volume_eff": 23.269069986266512,
            "alpha_iso": 6.942153476565699,
            "c6_ii": 25.782528131625998,
            "c8_ii": 1055.18423920255,
            "c10_ii": 41585.380061641554,
            "slater_b_init": 34.02788113540331
        },
        {
            "index": 6,
            "element": "C",
            "charge": 0.9684649400110512,
            "dipole": [
                0.006726781951312674,
                -0.03131336516914028,
                -0.011705767357312323
            ],
            "quadrupole": [
                [
                    -2.887828340202849,
                    -2.981176305928078,
                    -0.03502735588471639
                ],
                [
                    -2.981176305928078,
                    -0.003160175559793382,
                    -2.8824054989791055
                ],
                [
                    -0.03502735588471639,
                    -2.8824054989791055,
                    0.052669093372300246
                ]
            ],
            "volume_eff": 19.831802910492325,
            "alpha_iso": 6.229885731044709,
            "c6_ii": 12.559824944023264,
            "c8_ii": 235.03398351955622,
            "c10_ii": 5510.515091537543,
            "slater_b_init": 43.54802190892681
        },
        {
            "index": 7,
            "element": "O",
            "charge": -0.6152700469449428,
            "dipole": [
                -0.017962158620115017,
                0.16088582701370902,
                0.06016203064031055
            ],
            "quadrupole": [
                [
                    -4.418220163937361,
                    -4.420483703600706,
                    -0.004470358274471459
                ],
                [
                    -4.420483703600706,
                    -0.02642711891617023,
                    -4.387914598841735
                ],
                [
                    -0.004470358274471459,
                    -4.387914598841735,
                    0.06163151001996445
                ]
            ],
            "volume_eff": 25.859964944151276,
            "alpha_iso": 7.715127662895961,
            "c6_ii": 31.843684490212848,
            "c8_ii": 1398.2732359982842,
            "c10_ii": 59124.89215510651,
            "slater_b_init": 32.85125296309281
        },
        {
            "index": 8,
            "element": "O",
            "charge": -0.39971821094281523,
            "dipole": [
                -0.034840364767671675,
                -0.08410417884962945,
                -0.019678391800512722
            ],
            "quadrupole": [
                [
                    -4.076236904827927,
                    -4.0107107506941215,
                    0.02739192593270434
                ],
                [
                    -4.0107107506941215,
                    0.014368876433794019,
                    -4.071306492269061
                ],
                [
                    0.02739192593270434,
                    -4.071306492269061,
                    0.021956584157495473
                ]
            ],
            "volume_eff": 23.05525220212735,
            "alpha_iso": 6.878362535441309,
            "c6_ii": 25.31087758010344,
            "c8_ii": 1029.5257965377186,
            "c10_ii": 40325.229401992336,
            "slater_b_init": 34.13275079201665
        },
        {
            "index": 9,
            "element": "C",
            "charge": 0.07516923993751945,
            "dipole": [
                -0.05769801069428625,
                0.08751464734076925,
                0.07044057605805519
            ],
            "quadrupole": [
                [
                    -4.258135268259824,
                    -4.162899549689999,
                    0.04526606646290905
                ],
                [
                    -4.162899549689999,
                    -0.07421396490093907,
                    -4.179926481526579
                ],
                [
                    0.04526606646290905,
                    -4.179926481526579,
                    -0.06044771781395994
                ]
            ],
            "volume_eff": 30.515933173009728,
            "alpha_iso": 9.58615701769939,
            "c6_ii": 29.738050949640325,
            "c8_ii": 741.7129832689857,
            "c10_ii": 23177.88057740273,
            "slater_b_init": 37.72074661769955
        },
        {
            "index": 10,
            "element": "C",
            "charge": 0.10221361352544811,
            "dipole": [
                -0.03400570444368933,
                -0.002011713255919495,
                -0.02515609047220574
            ],
            "quadrupole": [
                [
                    -4.202073533418817,
                    -4.175574658205371,
                    0.026338504922501015
                ],
                [
                    -4.175574658205371,
                    0.00319468670861551,
                    -4.196051927802072
                ],
                [
                    0.026338504922501015,
                    -4.196051927802072,
                    -0.028437536753737946
                ]
            ],
            "volume_eff": 30.49838060556602,
            "alpha_iso": 9.580643122167336,
            "c6_ii": 29.70385051916586,
            "c8_ii": 740.575852487123,
            "c10_ii": 23133.47116766286,
            "slater_b_init": 37.72798163541733
        },
        {
            "index": 11,
            "element": "C",
            "charge": -0.46501611294816847,
            "dipole": [
                0.003348368201232253,
                -0.05198534526015459,
                0.036325250391490364
            ],
            "quadrupole": [
                [
                    -5.150574907782614,
                    -5.187175678168483,
                    0.03626304319221415
                ],
                [
                    -5.187175678168483,
                    0.010595303146665826,
                    -5.178795047403238
                ],
                [
                    0.03626304319221415,
                    -5.178795047403238,
                    -0.011555666220381086
                ]
            ],
            "volume_eff": 39.35478784784922,
            "alpha_iso": 12.362760580476191,
            "c6_ii": 49.460026189793076,
            "c8_ii": 1461.5881128607189,
            "c10_ii": 54114.06041791334,
            "slater_b_init": 34.654260852777576
        },
        {
            "index": 12,
            "element": "C",
            "charge": -0.4531400974433879,
            "dipole": [
                -0.023834313718800675,
                0.05431651621463139,
                0.02661731642015174
            ],
            "quadrupole": [
                [
                    -5.168568122463658,
                    -5.1877062871987745,
                    -0.0342468168095771
                ],
                [
                    -5.1877062871987745,
                    0.007463832341797096,
                    -5.18027630381897
                ],
                [
                    -0.0342468168095771,
                    -5.18027630381897,
                    -0.00507408474967603
                ]
            ],
            "volume_eff": 39.579908841749535,
            "alpha_iso": 12.433479217303518,
            "c6_ii": 50.0274964849703,
            "c8_ii": 1483.989767595856,
            "c10_ii": 55152.79197385524,
            "slater_b_init": 34.58843419457864
        },
        {
            "index": 13,
            "element": "C",
            "charge": -0.43912231002653357,
            "dipole": [
                0.05766327050439311,
                0.013300613982410016,
                -0.0410489423094515
            ],
            "quadrupole": [
                [
                    -5.151137876889563,
                    -5.097662247948181,
                    -0.0007903776056817568
                ],
                [
                    -5.097662247948181,
                    0.0004354751884131404,
                    -5.105783378401155
                ],
                [
                    -0.0007903776056817568,
                    -5.105783378401155,
                    0.01930462628241357
                ]
            ],
            "volume_eff": 38.85273902109149,
            "alpha_iso": 12.205048907149157,
            "c6_ii": 48.206152758938,
            "c8_ii": 1412.393932177602,
            "c10_ii": 51847.00492284152,
            "slater_b_init": 34.80288808991255
        },
        {
            "index": 14,
            "element": "H",
            "charge": 0.134132485297088,
            "dipole": [
                0.02737476250334669,
                -0.026624874443089287,
                0.031121126277734407
            ],
            "quadrupole": [
                [
                    -0.5020949325719759,
                    -0.4992555206902044,
                    -0.0018836230609617884
                ],
                [
                    -0.4992555206902044,
                    0.005390014174584447,
                    -0.500521655133665
                ],
                [
                    -0.0018836230609617884,
                    -0.500521655133665,
                    -0.005490161090511491
                ]
            ],
            "volume_eff": 2.8343120765553977,
            "alpha_iso": 0.9045676840070418,
            "c6_ii": 0.26264580331724013,
            "c8_ii": 1.7248971022706796,
            "c10_ii": 15.634934796154964,
            "slater_b_init": 68.28371480582857
        },
        {
            "index": 15,
            "element": "H",
            "charge": 0.13062781914856259,
            "dipole": [
                0.00127443536857055,
                -0.01239761670440525,
                -0.0443460933544519
            ],
            "quadrupole": [
                [
                    -0.499436047733021,
                    -0.5043330055388952,
                    0.0009838929303811349
                ],
                [
                    -0.5043330055388952,
                    0.00473135131207466,
                    -0.5157809220858228
                ],
                [
                    0.0009838929303811349,
                    -0.5157809220858228,
                    0.0011508408192207444
                ]
            ],
            "volume_eff": 2.886738956379281,
            "alpha_iso": 0.9212996669295577,
            "c6_ii": 0.27245209856046126,
            "c8_ii": 1.8112960833930363,
            "c10_ii": 16.619918650015872,
            "slater_b_init": 67.86781352083578
        },
        {
            "index": 16,
            "element": "H",
            "charge": 0.13099459991560702,
            "dipole": [
                -0.008121193921648564,
                0.04551827558115768,
                0.013999135519300435
            ],
            "quadrupole": [
                [
                    -0.49465839025106767,
                    -0.512432389949764,
                    0.0009242742250167339
                ],
                [
                    -0.512432389949764,
                    0.0018041837195298014,
                    -0.5041503182305666
                ],
                [
                    0.0009242742250167339,
                    -0.5041503182305666,
                    -0.004159025500972639
                ]
            ],
            "volume_eff": 2.859150308560562,
            "alpha_iso": 0.912494779327839,
            "c6_ii": 0.26726931826931605,
            "c8_ii": 1.7655013176136192,
            "c10_ii": 16.096340155065207,
            "slater_b_init": 68.08540624658878
        },
        {
            "index": 17,
            "element": "H",
            "charge": 0.10885476713104714,
            "dipole": [
                -0.006116149537910021,
                0.02053047317556336,
                0.04472016869496476
            ],
            "quadrupole": [
                [
                    -0.5049995229733729,
                    -0.5206559614525396,
                    -0.0025424511089373733
                ],
                [
                    -0.5206559614525396,
                    0.001354540556997964,
                    -0.5287639416847842
                ],
                [
                    -0.0025424511089373733,
                    -0.5287639416847842,
                    0.00661634617667887
                ]
            ],
            "volume_eff": 2.9474457982075353,
            "alpha_iso": 0.9406741909172985,
            "c6_ii": 0.2840316823445157,
            "c8_ii": 1.9146598033060103,
            "c10_ii": 17.813801486611677,
            "slater_b_init": 67.39863273261034
        },
        {
            "index": 18,
            "element": "H",
            "charge": 0.1062012742640348,
            "dipole": [
                0.009018625627009091,
                -0.0487621492561888,
                -0.01626208669115398
            ],
            "quadrupole": [
                [
                    -0.5066789072131304,
                    -0.5332889713003404,
                    0.001020766451790353
                ],
                [
                    -0.5332889713003404,
                    0.0003089393778010136,
                    -0.5188585728389351
                ],
                [
                    0.001020766451790353,
                    -0.5188585728389351,
                    0.0022152746602711183
                ]
            ],
            "volume_eff": 2.9515861817701405,
            "alpha_iso": 0.9419955899266407,
            "c6_ii": 0.2848302219441016,
            "c8_ii": 1.9218404465872807,
            "c10_ii": 17.89735057398808,
            "slater_b_init": 67.36710315730487
        },
        {
            "index": 19,
            "element": "H",
            "charge": 0.10103347561186027,
            "dipole": [
                -0.03630949264613405,
                -0.024989706644574193,
                0.021874359117027828
            ],
            "quadrupole": [
                [
                    -0.5367605939752575,
                    -0.5218769746796763,
                    -0.002855032008199269
                ],
                [
                    -0.5218769746796763,
                    -0.010877278118084728,
                    -0.5272659866108503
                ],
                [
                    -0.002855032008199269,
                    -0.5272659866108503,
                    0.005297272327233961
                ]
            ],
            "volume_eff": 3.0253210987175376,
            "alpha_iso": 0.9655280102290014,
            "c6_ii": 0.29923892348094,
            "c8_ii": 2.052548130523274,
            "c10_ii": 19.43160934759284,
            "slater_b_init": 66.81529191183179
        },
        {
            "index": 20,
            "element": "H",
            "charge": 0.10969926509839778,
            "dipole": [
                0.021342048179631673,
                -0.004713825906112395,
                -0.042805698440128256
            ],
            "quadrupole": [
                [
                    -0.5177191740723198,
                    -0.5107480765119936,
                    -0.003739111983815625
                ],
                [
                    -0.5107480765119936,
                    -0.005514199568958634,
                    -0.5338231863612187
                ],
                [
                    -0.003739111983815625,
                    -0.5338231863612187,
                    0.002965587048326611
                ]
            ],
            "volume_eff": 2.976590846273672,
            "alpha_iso": 0.9499758020022357,
            "c6_ii": 0.28967660042141435,
            "c8_ii": 1.965563708624981,
            "c10_ii": 18.407761967348605,
            "slater_b_init": 67.17793475852696
        },
        {
            "index": 21,
            "element": "H",
            "charge": 0.13742076037923234,
            "dipole": [
                -0.007813067919140923,
                0.0041803853846919216,
                0.04560009004742551
            ],
            "quadrupole": [
                [
                    -0.4849876829429478,
                    -0.48327943477521484,
                    -0.0036231620784057043
                ],
                [
                    -0.48327943477521484,
                    -0.006636691489801745,
                    -0.49993264618963357
                ],
                [
                    -0.0036231620784057043,
                    -0.49993264618963357,
                    0.0023910848901086074
                ]
            ],
            "volume_eff": 2.748590683801801,
            "alpha_iso": 0.8772097927027024,
            "c6_ii": 0.24699904358952435,
            "c8_ii": 1.58926480919335,
            "c10_ii": 14.113587412426188,
            "slater_b_init": 68.98632427284717
        },
        {
            "index": 22,
            "element": "H",
            "charge": 0.14670927528078648,
            "dipole": [
                0.0395734823028315,
                0.019976629721595484,
                -0.01884803446734849
            ],
            "quadrupole": [
                [
                    -0.4804020995972781,
                    -0.47431129753071244,
                    -0.0024236956497510715
                ],
                [
                    -0.47431129753071244,
                    -0.010797317299860052,
                    -0.477391132790067
                ],
                [
                    -0.0024236956497510715,
                    -0.477391132790067,
                    0.0033018084269650244
                ]
            ],
            "volume_eff": 2.6570842968919397,
            "alpha_iso": 0.8480056266676403,
            "c6_ii": 0.23082656931307916,
            "c8_ii": 1.4520568970423475,
            "c10_ii": 12.607286612358235,
            "slater_b_init": 69.76933517078243
        },
        {
            "index": 23,
            "element": "H",
            "charge": 0.11424501145380961,
            "dipole": [
                0.01108433455888541,
                -0.016197809100653857,
                -0.05362392829440768
            ],
            "quadrupole": [
                [
                    -0.48450778226795693,
                    -0.48218281759768933,
                    -0.005408359166507047
                ],
                [
                    -0.48218281759768933,
                    0.002489811485740899,
                    -0.5051117395412195
                ],
                [
                    -0.005408359166507047,
                    -0.5051117395412195,
                    0.001842691058266173
                ]
            ],
            "volume_eff": 2.7172482808816714,
            "alpha_iso": 0.867206898153725,
            "c6_ii": 0.2413980606091424,
            "c8_ii": 1.5413961635100715,
            "c10_ii": 13.584226859985712,
            "slater_b_init": 69.25055441151153
        },
        {
            "index": 24,
            "element": "H",
            "charge": 0.11728613434932478,
            "dipole": [
                0.003788853562481578,
                -0.04243180281565226,
                0.034322484446811435
            ],
            "quadrupole": [
                [
                    -0.4818784716937654,
                    -0.49730881549319367,
                    0.01254493438716275
                ],
                [
                    -0.49730881549319367,
                    -0.0013045934246755427,
                    -0.4891834278117455
                ],
                [
                    0.01254493438716275,
                    -0.4891834278117455,
                    8.039903765770191e-05
                ]
            ],
            "volume_eff": 2.7168403570785555,
            "alpha_iso": 0.867076709705922,
            "c6_ii": 0.24132558683179803,
            "c8_ii": 1.5407791731224048,
            "c10_ii": 13.577430328541944,
            "slater_b_init": 69.2540201452442
        },
        {
            "index": 25,
            "element": "H",
            "charge": 0.15489914341981215,
            "dipole": [
                -0.013260727329066406,
                0.03589738945703168,
                0.029674239654459873
            ],
            "quadrupole": [
                [
                    -0.47927140969329163,
                    -0.4768503604238292,
                    -0.005904952809380314
                ],
                [
                    -0.4768503604238292,
                    0.001181570883854245,
                    -0.4732682015239573
                ],
                [
                    -0.005904952809380314,
                    -0.4732682015239573,
                    0.001465071958186175
                ]
            ],
            "volume_eff": 2.6626988620516614,
            "alpha_iso": 0.8497975091654238,
            "c6_ii": 0.23180309840960153,
            "c8_ii": 1.4602533808614249,
            "c10_ii": 12.696305361374424,
            "slater_b_init": 69.72026213727267
        },
        {
            "index": 26,
            "element": "H",
            "charge": 0.14816597528560038,
            "dipole": [
                -0.03406446380286586,
                -0.0150376662108935,
                -0.025696325076423547
            ],
            "quadrupole": [
                [
                    -0.4934866111314121,
                    -0.4816781219311323,
                    -0.006432260266440021
                ],
                [
                    -0.4816781219311323,
                    -0.001662838545163424,
                    -0.48947695606881264
                ],
                [
                    -0.006432260266440021,
                    -0.48947695606881264,
                    -0.003574953065552091
                ]
            ],
            "volume_eff": 2.7582489536793298,
            "alpha_iso": 0.8802922192593606,
            "c6_ii": 0.24873795275929417,
            "c8_ii": 1.6042004933012606,
            "c10_ii": 14.279578576648253,
            "slater_b_init": 68.90570939047126
        },
        {
            "index": 27,
            "element": "H",
            "charge": 0.13950196104355062,
            "dipole": [
                0.040551161924937185,
                0.0059765410347992565,
                -0.02191778080698453
            ],
            "quadrupole": [
                [
                    -0.49892734011220413,
                    -0.49184338640783937,
                    -0.00470559342718795
                ],
                [
                    -0.49184338640783937,
                    -0.0023675214291084545,
                    -0.49718260135685927
                ],
                [
                    -0.00470559342718795,
                    -0.49718260135685927,
                    0.005768058635599838
                ]
            ],
            "volume_eff": 2.8088438368795625,
            "alpha_iso": 0.8964395224083711,
            "c6_ii": 0.25794690432999334,
            "c8_ii": 1.6838742863504423,
            "c10_ii": 15.171522482735396,
            "slater_b_init": 68.48947398439776
        },
        {
            "index": 28,
            "element": "H",
            "charge": 0.1532558009000362,
            "dipole": [
                -0.03839730948865857,
                -0.005155080540433532,
                -0.025012709084378318
            ],
            "quadrupole": [
                [
                    -0.48579310105515366,
                    -0.47648319230604613,
                    0.002798703790321163
                ],
                [
                    -0.47648319230604613,
                    -0.004083572459545223,
                    -0.48384972255589076
                ],
                [
                    0.002798703790321163,
                    -0.48384972255589076,
                    -0.005419098445649078
                ]
            ],
            "volume_eff": 2.7134618995032938,
            "alpha_iso": 0.865998478564881,
            "c6_ii": 0.24072577144190005,
            "c8_ii": 1.53567514185532,
            "c10_ii": 13.52123237458661,
            "slater_b_init": 69.28275032349246
        },
        {
            "index": 29,
            "element": "H",
            "charge": 0.12902321179811516,
            "dipole": [
                0.03436811888432132,
                0.01223053646270811,
                -0.026336422110755105
            ],
            "quadrupole": [
                [
                    -0.5175792773439136,
                    -0.5031560662176533,
                    0.004866657060447543
                ],
                [
                    -0.5031560662176533,
                    -0.002854638795234551,
                    -0.5104051870822365
                ],
                [
                    0.004866657060447543,
                    -0.5104051870822365,
                    0.003674945431967685
                ]
            ],
            "volume_eff": 2.920332730233685,
            "alpha_iso": 0.9320210841171335,
            "c6_ii": 0.2788301954593925,
            "c8_ii": 1.8680520621419419,
            "c10_ii": 17.273418822379618,
            "slater_b_init": 67.60657221300826
        },
        {
            "index": 30,
            "element": "H",
            "charge": 0.1323119351249109,
            "dipole": [
                0.0035342428271944474,
                -0.03271386346445909,
                0.03192057941551413
            ],
            "quadrupole": [
                [
                    -0.5094840462340169,
                    -0.5076488487775485,
                    0.009108264466582555
                ],
                [
                    -0.5076488487775485,
                    0.00014613706985643795,
                    -0.5092238757728762
                ],
                [
                    0.009108264466582555,
                    -0.5092238757728762,
                    -0.004494371459335176
                ]
            ],
            "volume_eff": 2.915042799145006,
            "alpha_iso": 0.9303328082377679,
            "c6_ii": 0.27782095661941797,
            "c8_ii": 1.8590421701840996,
            "c10_ii": 17.16934135995218,
            "slater_b_init": 67.64744273848828
        },
        {
            "index": 31,
            "element": "H",
            "charge": 0.1281158867890213,
            "dipole": [
                0.010365718222119473,
                -0.03532348907938217,
                0.027365077508971415
            ],
            "quadrupole": [
                [
                    -0.5051149415140744,
                    -0.5172241974588108,
                    0.0047205317079928805
                ],
                [
                    -0.5172241974588108,
                    0.0015555195601086147,
                    -0.5137562806148003
                ],
                [
                    0.0047205317079928805,
                    -0.5137562806148003,
                    -0.00551790568041124
                ]
            ],
            "volume_eff": 2.9341677999986544,
            "alpha_iso": 0.9364365319144642,
            "c6_ii": 0.2814783683444904,
            "c8_ii": 1.891745043068749,
            "c10_ii": 17.547705595940833,
            "slater_b_init": 67.50014617046656
        },
        {
            "index": 32,
            "element": "H",
            "charge": 0.13925885091462553,
            "dipole": [
                -0.030173423153853633,
                -0.008958983470349983,
                -0.033828433592740646
            ],
            "quadrupole": [
                [
                    -0.4965949849033336,
                    -0.500016489063925,
                    -0.00271294061547574
                ],
                [
                    -0.500016489063925,
                    0.00013834403488381956,
                    -0.49852518111876615
                ],
                [
                    -0.00271294061547574,
                    -0.49852518111876615,
                    -0.009171836243999464
                ]
            ],
            "volume_eff": 2.8322956176575476,
            "alpha_iso": 0.903924133294962,
            "c6_ii": 0.2622722198466575,
            "c8_ii": 1.721626587496768,
            "c10_ii": 15.597887542589476,
            "slater_b_init": 68.29991587370904
        },
        {
            "index": 33,
            "element": "H",
            "charge": 0.15205673957598487,
            "dipole": [
                -0.006652448764191935,
                0.04321852377127271,
                0.02291109553304258
            ],
            "quadrupole": [
                [
                    -0.47806533666903395,
                    -0.48557153830585903,
                    -0.0035904504563820023
                ],
                [
                    -0.48557153830585903,
                    0.0035694418325313997,
                    -0.4826849695626429
                ],
                [
                    -0.0035904504563820023,
                    -0.4826849695626429,
                    -0.0030688563206575413
                ]
            ],
            "volume_eff": 2.7093426439223607,
            "alpha_iso": 0.864683822528413,
            "c6_ii": 0.23999544366050676,
            "c8_ii": 1.5294662581794598,
            "c10_ii": 13.452932376119396,
            "slater_b_init": 69.31784479462821
        }
    ]
}