{
    "molecule": "HFDEC",
    "atoms": [
        {
            "index": 0,
            "element": "F",
            "charge": -0.25674644232584143,
            "dipole": [
                -0.01020159376150243,
                -0.04733569039904287,
                0.03021752544408669
            ],
            "quadrupole": [
                [
                    -3.585984071449749,
                    -3.584328014997639,
                    -0.03999228434032435
                ],
                [
                    -3.584328014997639,
                    0.003557115895664141,
                    -3.545221227019491
                ],
                [
                    -0.03999228434032435,
                    -3.545221227019491,
                    -0.012991538715859972
                ]
            ],
            "volume_eff": 18.074421112944364,
            "alpha_iso": 5.676264481751122,
            "c6_ii": 21.19735425446667,
            "c8_ii": 933.0266495670394,
            "c10_ii": 38100.448470285366,
            "slater_b_init": 33.24226351314321
        },
        {
            "index": 1,
            "element": "C",
            "charge": 0.7131418079095821,
            "dipole": [
                -0.02937934901995649,
                -0.15678816518378197,
                -0.06966853787031914
            ],
            "quadrupole": [
                [
                    -3.34173530260158,
                    -3.3719796681819796,
                    -0.021006701139948486
                ],
                [
                    -3.3719796681819796,
                    -0.011663532544442745,
                    -3.301111102807518
                ],
                [
                    -0.021006701139948486,
                    -3.301111102807518,
                    -0.008522008644052158
                ]
            ],
            "volume_eff": 23.39908969839201,
            "alpha_iso": 7.350499381693824,
            "c6_ii": 17.484656931035474,
            "c8_ii": 365.3384372593389,
            "c10_ii": 9564.187417045498,
            "slater_b_init": 41.21191966420054
        },
        {
            "index": 2,
            "element": "F",
            "charge": -0.2522049483051383,
            "dipole": [
                -0.028346307997367343,
                -0.022268702579914625,
                -0.03463380252257576
            ],
            "quadrupole": [
                [
                    -3.51973243957958,
                    -3.6085110594188365,
                    -0.007256843796900414
                ],
                [
                    -3.6085110594188365,
                    -0.012453930331672889,
                    -3.5647807284078836
                ],
                [
                    -0.007256843796900414,
                    -3.5647807284078836,
                    0.035283498230369394
                ]
            ],
            "volume_eff": 18.017276321869346,
            "alpha_iso": 5.658318183727563,
            "c6_ii": 21.063529387040784,
            "c8_ii": 925.1809785331058,
            "c10_ii": 37700.394621230625,
            "slater_b_init": 33.27737088042807
        },
        {
            "index": 3,
            "element": "O",
            "charge": -0.4646428892373766,
            "dipole": [
                -0.033594268935675554,
                -0.04274709403620244,
                -0.06164731666570907
            ],
            "quadrupole": [
                [
                    -4.046666933485424,
                    -4.113102571839437,
                    -0.020929976352135442
                ],
                [
                    -4.113102571839437,
                    -0.005879365939953946,
                    -4.113587351797228
                ],
                [
                    -0.020929976352135442,
                    -4.113587351797228,
                    -0.017489868593269075
                ]
            ],
            "volume_eff": 23.20585494990714,
            "alpha_iso": 6.9232937419612455,
            "c6_ii": 25.64263173198504,
            "c8_ii": 1047.5572230022578,
            "c10_ii": 41209.98912811865,
            "slater_b_init": 34.05875155514392
        },
        {
            "index": 4,
            "element": "C",
            "charge": 1.0130180750930364,
            "dipole": [
                -0.005268406931976568,
                -0.04262640348343555,
                -0.05304967810741402
            ],
            "quadrupole": [
                [
                    -2.874531420876535,
                    -2.7492623041605184,
                    -0.0675381467516059
                ],
                [
                    -2.7492623041605184,
                    0.015249796846412375,
                    -2.814313778604306
                ],
                [
                    -0.0675381467516059,
                    -2.814313778604306,
                    -0.006563700622756295
                ]
            ],
            "volume_eff": 18.80164920699901,
            "alpha_iso": 5.906277237800736,
            "c6_ii": 11.288885859270556,
            "c8_ii": 203.87031260699356,
            "c10_ii": 4612.871486883758,
            "slater_b_init": 44.32926359682068
        },
        {
            "index": 5,
            "element": "O",
            "charge": -0.6289463088277394,
            "dipole": [
                0.013933162635890263,
                0.08012517135447564,
                0.17375962531178152
            ],
            "quadrupole": [
                [
                    -4.4629248352666915,
                    -4.344967899621693,
                    -0.040568306119368715
                ],
                [
                    -4.344967899621693,
                    0.01326105676801482,
                    -4.389374691140703
                ],
                [
                    -0.040568306119368715,
                    -4.389374691140703,
                    -0.0027423153409137095
                ]
            ],
            "volume_eff": 25.674887745251535,
            "alpha_iso": 7.65991126101427,
            "c6_ii": 31.389511392838344,
            "c8_ii": 1371.7460008914593,
            "c10_ii": 57726.12876335064,
            "slater_b_init": 32.93000003706461
        },
        {
            "index": 6,
            "element": "O",
            "charge": -0.46659973513067854,
            "dipole": [
                0.0197150334611493,
                -0.04850745216601924,
                -0.06412187136840862
            ],
            "quadrupole": [
                [
                    -4.052821494932142,
                    -4.113521850669543,
                    -0.022010455205276818
                ],
                [
                    -4.113521850669543,
                    -0.008511182729015817,
                    -4.117175659448584
                ],
                [
                    -0.022010455205276818,
                    -4.117175659448584,
                    0.008293785541179674
                ]
            ],
            "volume_eff": 23.232422648636078,
            "alpha_iso": 6.931220016720156,
            "c6_ii": 25.701380327669458,
            "c8_ii": 1050.7584546571934,
            "c10_ii": 41367.46629643695,
            "slater_b_init": 34.04576384675392
        },
        {
            "index": 7,
            "element": "C",
            "charge": 0.7176792794223665,
            "dipole": [
                -0.011806556273548138,
                -0.1600097903576464,
                -0.06872170507385345
            ],
            "quadrupole": [
                [
                    -3.32351435330861,
                    -3.3650961744571672,
                    -0.026016197578726735
                ],
                [
                    -3.3650961744571672,
                    0.000500285351648322,
                    -3.293355296541699
                ],
                [
                    -0.026016197578726735,
                    -3.293355296541699,
                    0.004678363651500193
                ]
            ],
            "volume_eff": 23.29175597233411,
            "alpha_iso": 7.3167819808379395,
            "c6_ii": 17.32461744908575,
            "c8_ii": 360.88659530537427,
            "c10_ii": 9418.729148017352,
            "slater_b_init": 41.275127314719704
        },
        {
            "index": 8,
            "element": "F",
            "charge": -0.2566033350781396,
            "dipole": [
                0.0008397578208906645,
                -0.047208510924316834,
                0.028974079404384616
            ],
            "quadrupole": [
                [
                    -3.5889046468745445,
                    -3.5796685894743496,
                    -0.04469200601349884
                ],
                [
                    -3.5796685894743496,
                    -0.0038543611156628063,
                    -3.5448226842510957
                ],
                [
                    -0.04469200601349884,
                    -3.5448226842510957,
                    0.0038571804407684335
                ]
            ],
            "volume_eff": 18.069305801531428,
            "alpha_iso": 5.674658020315655,
            "c6_ii": 21.185357662850524,
            "c8_ii": 932.3226570702236,
            "c10_ii": 38064.517155237685,
            "slater_b_init": 33.24540011189873
        },
        {
            "index": 9,
            "element": "F",
            "charge": -0.2560477072787535,
            "dipole": [
                0.02521534720517323,
                -0.029490634272440242,
                -0.04058903679083713
            ],
            "quadrupole": [
                [
                    -3.5307422261522237,
                    -3.612923302660526,
                    -0.00024433594848127625
                ],
                [
                    -3.612923302660526,
                    -0.007234713767056006,
                    -3.5703679657726517
                ],
                [
                    -0.00024433594848127625,
                    -3.5703679657726517,
                    -0.031887998260569865
                ]
            ],
            "volume_eff": 18.07051395591789,
            "alpha_iso": 5.675037440701486,
            "c6_ii": 21.188190758791887,
            "c8_ii": 932.4888988331825,
            "c10_ii": 38073.0014141802,
            "slater_b_init": 33.24465919087432
        },
        {
            "index": 10,
            "element": "H",
            "charge": 0.07152347589574293,
            "dipole": [
                0.0022165198779321095,
                0.09813577729301957,
                0.03958268791919189
            ],
            "quadrupole": [
                [
                    -0.5156635696790745,
                    -0.5182228991340265,
                    -0.0018523781798013305
                ],
                [
                    -0.5182228991340265,
                    -0.0005850615270107092,
                    -0.5143488597792903
                ],
                [
                    -0.0018523781798013305,
                    -0.5143488597792903,
                    -0.0038773473067241935
                ]
            ],
            "volume_eff": 2.850575596065597,
            "alpha_iso": 0.9097581689571055,
            "c6_ii": 0.2656686182171459,
            "c8_ii": 1.7514170802544822,
            "c10_ii": 15.935990404556298,
            "slater_b_init": 68.15360631804015
        },
        {
            "index": 11,
            "element": "H",
            "charge": 0.0702622907461723,
            "dipole": [
                0.022761346089113812,
                0.09631154061480818,
                0.039430223801460544
            ],
            "quadrupole": [
                [
                    -0.5165497483696417,
                    -0.5198727278930385,
                    -0.0031035672849273875
                ],
                [
                    -0.5198727278930385,
                    0.0003999512774812601,
                    -0.5162805046281751
                ],
                [
                    -0.0031035672849273875,
                    -0.5162805046281751,
                    0.00368125098321689
                ]
            ],
            "volume_eff": 2.860812856525446,
            "alpha_iso": 0.9130253797421636,
            "c6_ii": 0.2675802338936589,
            "c8_ii": 1.7682402694580777,
            "c10_ii": 16.127560499003646,
            "slater_b_init": 68.07221451939049
        }
    ]
}