{
    "molecule": "EC",
    "atoms": [
        {
            "index": 0,
            "element": "C",
            "charge": 1.008684459877216,
            "dipole": [
                1.4313040318665433e-14,
                -0.036246429642340705,
                1.0050242472718843e-14
            ],
            "quadrupole": [
                [
                    -2.834409776866484,
                    -2.9109550657976726,
                    -1.0663609593630952e-14
                ],
                [
                    -2.9109550657976726,
                    2.534787831455675e-15,
                    -2.7119722052567132
                ],
                [
                    -1.0663609593630952e-14,
                    -2.7119722052567132,
                    2.3672733595030023e-14
                ]
            ],
            "volume_eff": 18.95468914048066,
            "alpha_iso": 5.954352609575076,
            "c6_ii": 11.473410270559402,
            "c8_ii": 208.32556944396464,
            "c10_ii": 4739.222420543884
        },
        {
            "index": 1,
            "element": "O",
            "charge": -0.6223553016940606,
            "dipole": [
                -1.601279235703102e-14,
                0.17577266489684856,
                -4.705017054114954e-16
            ],
            "quadrupole": [
                [
                    -4.512779382492574,
                    -4.459536000494283,
                    -1.0135469663340821e-14
                ],
                [
                    -4.459536000494283,
                    -7.81187615338939e-14,
                    -4.378534428690415
                ],
                [
                    -1.0135469663340821e-14,
                    -4.378534428690415,
                    -2.412098997915624e-15
                ]
            ],
            "volume_eff": 26.447762338578432,
            "alpha_iso": 7.89049263139909,
            "c6_ii": 33.30775150453182,
            "c8_ii": 1484.640772055142,
            "c10_ii": 63724.587715090885
        },
        {
            "index": 2,
            "element": "O",
            "charge": -0.41376302127302367,
            "dipole": [
                0.024283341160463903,
                -0.0874638602225426,
                6.955373875382653e-15
            ],
            "quadrupole": [
                [
                    -4.130762062291466,
                    -4.0219018066601,
                    1.2067050092494421e-14
                ],
                [
                    -4.0219018066601,
                    -0.02099470089498718,
                    -4.067244455666521
                ],
                [
                    1.2067050092494421e-14,
                    -4.067244455666521,
                    1.0624383056920615e-14
                ]
            ],
            "volume_eff": 23.220310005908612,
            "alpha_iso": 6.927606300105332,
            "c6_ii": 25.67458755721679,
            "c8_ii": 1049.298204288526,
            "c10_ii": 41295.617765874646
        },
        {
            "index": 3,
            "element": "O",
            "charge": -0.41376302127301656,
            "dipole": [
                -0.024283341160470158,
                -0.08746386022256263,
                -1.3972749232677473e-14
            ],
            "quadrupole": [
                [
                    -4.130762062291497,
                    -4.021901806660224,
                    -2.1844434078753235e-14
                ],
                [
                    -4.021901806660224,
                    0.020994700895022117,
                    -4.0672444556665965
                ],
                [
                    -2.1844434078753235e-14,
                    -4.0672444556665965,
                    5.497516402666763e-14
                ]
            ],
            "volume_eff": 23.22031000590928,
            "alpha_iso": 6.927606300105531,
            "c6_ii": 25.674587557218263,
            "c8_ii": 1049.2982042886063,
            "c10_ii": 41295.617765878604
        },
        {
            "index": 4,
            "element": "C",
            "charge": 0.01202516930423414,
            "dipole": [
                0.04775762817906214,
                0.14384463264522193,
                3.3595799987798626e-15
            ],
            "quadrupole": [
                [
                    -4.290160131696796,
                    -4.129190683071021,
                    5.30449799238433e-14
                ],
                [
                    -4.129190683071021,
                    0.07894006664545063,
                    -4.206561250663456
                ],
                [
                    5.30449799238433e-14,
                    -4.206561250663456,
                    1.8498460831842263e-14
                ]
            ],
            "volume_eff": 30.183256728740673,
            "alpha_iso": 9.481651328400211,
            "c6_ii": 29.093192883071335,
            "c8_ii": 720.345854596244,
            "c10_ii": 22346.27793119397
        },
        {
            "index": 5,
            "element": "C",
            "charge": 0.012025169304307859,
            "dipole": [
                -0.04775762817907292,
                0.1438446326452125,
                5.968289522399717e-16
            ],
            "quadrupole": [
                [
                    -4.290160131696718,
                    -4.129190683070893,
                    6.355730727914818e-15
                ],
                [
                    -4.129190683070893,
                    -0.0789400666454448,
                    -4.206561250663244
                ],
                [
                    6.355730727914818e-15,
                    -4.206561250663244,
                    1.5432734893472236e-14
                ]
            ],
            "volume_eff": 30.183256728739075,
            "alpha_iso": 9.481651328399709,
            "c6_ii": 29.09319288306825,
            "c8_ii": 720.3458545961423,
            "c10_ii": 22346.277931190023
        },
        {
            "index": 6,
            "element": "H",
            "charge": 0.1044562161489353,
            "dipole": [
                0.019417465817080166,
                -0.024320858872029793,
                0.053971681177161314
            ],
            "quadrupole": [
                [
                    -0.5074398732913461,
                    -0.49497952326874806,
                    0.004385493209396619
                ],
                [
                    -0.49497952326874806,
                    0.009780399535142434,
                    -0.5130290205796183
                ],
                [
                    0.004385493209396619,
                    -0.5130290205796183,
                    -0.001430046987932877
                ]
            ],
            "volume_eff": 2.8211572443110904,
            "alpha_iso": 0.9003693332907735,
            "c6_ii": 0.26021343635299105,
            "c8_ii": 1.7036309793364417,
            "c10_ii": 15.394354905353243
        },
        {
            "index": 7,
            "element": "H",
            "charge": 0.10445621614893152,
            "dipole": [
                0.019417465817080686,
                -0.024320858872037387,
                -0.05397168117716684
            ],
            "quadrupole": [
                [
                    -0.5074398732913494,
                    -0.4949795232687346,
                    -0.004385493209368082
                ],
                [
                    -0.4949795232687346,
                    0.009780399535122443,
                    -0.5130290205795981
                ],
                [
                    -0.004385493209368082,
                    -0.5130290205795981,
                    0.0014300469879168012
                ]
            ],
            "volume_eff": 2.821157244310916,
            "alpha_iso": 0.9003693332907178,
            "c6_ii": 0.26021343635295885,
            "c8_ii": 1.7036309793361606,
            "c10_ii": 15.394354905350069
        },
        {
            "index": 8,
            "element": "H",
            "charge": 0.10445621614890432,
            "dipole": [
                -0.01941746581708377,
                -0.024320858872036305,
                0.053971681177181076
            ],
            "quadrupole": [
                [
                    -0.5074398732913746,
                    -0.49497952326877154,
                    0.004385493209333091
                ],
                [
                    -0.49497952326877154,
                    -0.00978039953511687,
                    -0.513029020579558
                ],
                [
                    0.004385493209333091,
                    -0.513029020579558,
                    0.0014300469878927116
                ]
            ],
            "volume_eff": 2.8211572443108874,
            "alpha_iso": 0.9003693332907088,
            "c6_ii": 0.2602134363529536,
            "c8_ii": 1.7036309793361153,
            "c10_ii": 15.394354905349555
        },
        {
            "index": 9,
            "element": "H",
            "charge": 0.10445621614890876,
            "dipole": [
                -0.019417465817086015,
                -0.024320858872033422,
                -0.053971681177175074
            ],
            "quadrupole": [
                [
                    -0.507439873291355,
                    -0.49497952326876193,
                    -0.004385493209353093
                ],
                [
                    -0.49497952326876193,
                    -0.009780399535121567,
                    -0.5130290205795703
                ],
                [
                    -0.004385493209353093,
                    -0.5130290205795703,
                    -0.001430046987901421
                ]
            ],
            "volume_eff": 2.821157244310858,
            "alpha_iso": 0.9003693332906995,
            "c6_ii": 0.2602134363529482,
            "c8_ii": 1.703630979336068,
            "c10_ii": 15.394354905349022
        }
    ],
    "c6_matrix": [
        [
            11.473410270558905,
            18.947114101163795,
            16.634974918259648,
            16.634974918260124,
            18.270143349957,
            18.270143349956033,
            1.7278559142359209,
            1.7278559142358139,
            1.7278559142357968,
            1.7278559142357788
        ],
        [
            18.947114101163795,
            33.307751504531325,
            29.24316642118449,
            29.24316642118533,
            30.17119431216759,
            30.171194312165984,
            2.8505138477862997,
            2.850513847786123,
            2.850513847786094,
            2.8505138477860643
        ],
        [
            16.634974918259648,
            29.24316642118449,
            25.674587557216288,
            25.674587557217027,
            26.489367085514004,
            26.489367085512598,
            2.502662205383741,
            2.502662205383586,
            2.5026622053835608,
            2.502662205383535
        ],
        [
            16.634974918260124,
            29.24316642118533,
            25.674587557217027,
            25.674587557217762,
            26.48936708551477,
            26.48936708551336,
            2.502662205383813,
            2.502662205383658,
            2.502662205383633,
            2.502662205383607
        ],
        [
            18.270143349957,
            30.17119431216759,
            26.489367085514004,
            26.48936708551477,
            29.093192883070834,
            29.093192883069293,
            2.7514204143966694,
            2.7514204143964993,
            2.751420414396471,
            2.7514204143964425
        ],
        [
            18.270143349956033,
            30.171194312165984,
            26.489367085512598,
            26.48936708551336,
            29.093192883069293,
            29.09319288306775,
            2.7514204143965233,
            2.751420414396353,
            2.751420414396326,
            2.7514204143962964
        ],
        [
            1.7278559142359209,
            2.8505138477862997,
            2.502662205383741,
            2.502662205383813,
            2.7514204143966694,
            2.7514204143965233,
            0.26021343635249106,
            0.26021343635247496,
            0.2602134363524723,
            0.2602134363524697
        ],
        [
            1.7278559142358139,
            2.850513847786123,
            2.502662205383586,
            2.502662205383658,
            2.7514204143964993,
            2.751420414396353,
            0.26021343635247496,
            0.26021343635245886,
            0.2602134363524562,
            0.2602134363524535
        ],
        [
            1.7278559142357968,
            2.850513847786094,
            2.5026622053835608,
            2.502662205383633,
            2.751420414396471,
            2.751420414396326,
            0.2602134363524723,
            0.2602134363524562,
            0.2602134363524536,
            0.26021343635245087
        ],
        [
            1.7278559142357788,
            2.8505138477860643,
            2.502662205383535,
            2.502662205383607,
            2.7514204143964425,
            2.7514204143962964,
            0.2602134363524697,
            0.2602134363524535,
            0.26021343635245087,
            0.2602134363524482
        ]
    ],
    "c8_matrix": [
        [
            208.32556944396464,
            556.1372440846906,
            467.54213278049787,
            467.5421327805158,
            387.3841250688545,
            387.38412506882713,
            18.839052361853113,
            18.83905236185156,
            18.83905236185131,
            18.839052361851046
        ],
        [
            556.1372440846906,
            1484.640772055142,
            1248.1309611298773,
            1248.130961129925,
            1034.1444897665358,
            1034.1444897664628,
            50.29194778947334,
            50.29194778946919,
            50.29194778946852,
            50.29194778946782
        ],
        [
            467.54213278049787,
            1248.1309611298773,
            1049.298204288526,
            1049.2982042885662,
            869.400719860826,
            869.4007198607646,
            42.28021910288582,
            42.280219102882334,
            42.28021910288177,
            42.28021910288118
        ],
        [
            467.5421327805158,
            1248.130961129925,
            1049.2982042885662,
            1049.2982042886063,
            869.4007198608592,
            869.400719860798,
            42.28021910288744,
            42.28021910288395,
            42.280219102883386,
            42.2802191028828
        ],
        [
            387.3841250688545,
            1034.1444897665358,
            869.400719860826,
            869.4007198608592,
            720.345854596244,
            720.3458545961931,
            35.03146462434514,
            35.031464624342256,
            35.03146462434179,
            35.0314646243413
        ],
        [
            387.38412506882713,
            1034.1444897664628,
            869.4007198607646,
            869.400719860798,
            720.3458545961931,
            720.3458545961423,
            35.031464624342675,
            35.03146462433978,
            35.031464624339314,
            35.03146462433883
        ],
        [
            18.839052361853113,
            50.29194778947334,
            42.28021910288582,
            42.28021910288744,
            35.03146462434514,
            35.031464624342675,
            1.7036309793364417,
            1.7036309793363011,
            1.7036309793362785,
            1.7036309793362547
        ],
        [
            18.83905236185156,
            50.29194778946919,
            42.280219102882334,
            42.28021910288395,
            35.031464624342256,
            35.03146462433978,
            1.7036309793363011,
            1.7036309793361606,
            1.703630979336138,
            1.7036309793361144
        ],
        [
            18.83905236185131,
            50.29194778946852,
            42.28021910288177,
            42.280219102883386,
            35.03146462434179,
            35.031464624339314,
            1.7036309793362785,
            1.703630979336138,
            1.7036309793361153,
            1.7036309793360918
        ],
        [
            18.839052361851046,
            50.29194778946782,
            42.28021910288118,
            42.2802191028828,
            35.0314646243413,
            35.03146462433883,
            1.7036309793362547,
            1.7036309793361144,
            1.7036309793360918,
            1.703630979336068
        ]
    ],
    "c10_matrix": [
        [
            4739.222420543884,
            17378.290906739767,
            13989.60748506703,
            13989.6074850677,
            10290.9660084571,
            10290.966008456191,
            270.1060382835967,
            270.10603828356886,
            270.1060382835644,
            270.10603828355966
        ],
        [
            17378.290906739767,
            63724.587715090885,
            51298.59858290813,
            51298.59858291059,
            37736.02189065734,
            37736.02189065401,
            990.4538956879429,
            990.4538956878407,
            990.4538956878242,
            990.4538956878071
        ],
        [
            13989.60748506703,
            51298.59858290813,
            41295.617765874646,
            41295.617765876625,
            30377.678514603223,
            30377.67851460054,
            797.3201339008598,
            797.3201339007775,
            797.3201339007642,
            797.3201339007504
        ],
        [
            13989.6074850677,
            51298.59858291059,
            41295.617765876625,
            41295.617765878604,
            30377.67851460468,
            30377.678514601994,
            797.320133900898,
            797.3201339008158,
            797.3201339008025,
            797.3201339007886
        ],
        [
            10290.9660084571,
            37736.02189065734,
            30377.678514603223,
            30377.67851460468,
            22346.27793119397,
            22346.277931191995,
            586.5207014986452,
            586.5207014985847,
            586.5207014985749,
            586.5207014985647
        ],
        [
            10290.966008456191,
            37736.02189065401,
            30377.67851460054,
            30377.678514601994,
            22346.277931191995,
            22346.277931190023,
            586.5207014985933,
            586.5207014985328,
            586.5207014985231,
            586.520701498513
        ],
        [
            270.1060382835967,
            990.4538956879429,
            797.3201339008598,
            797.320133900898,
            586.5207014986452,
            586.5207014985933,
            15.394354905353243,
            15.394354905351657,
            15.394354905351399,
            15.394354905351133
        ],
        [
            270.10603828356886,
            990.4538956878407,
            797.3201339007775,
            797.3201339008158,
            586.5207014985847,
            586.5207014985328,
            15.394354905351657,
            15.394354905350069,
            15.394354905349811,
            15.394354905349545
        ],
        [
            270.1060382835644,
            990.4538956878242,
            797.3201339007642,
            797.3201339008025,
            586.5207014985749,
            586.5207014985231,
            15.394354905351399,
            15.394354905349811,
            15.394354905349555,
            15.394354905349289
        ],
        [
            270.10603828355966,
            990.4538956878071,
            797.3201339007504,
            797.3201339007886,
            586.5207014985647,
            586.520701498513,
            15.394354905351133,
            15.394354905349545,
            15.394354905349289,
            15.394354905349022
        ]
    ]
}