{
    "molecule": "LCarb_14",
    "atoms": [
        {
            "index": 0,
            "element": "C",
            "charge": -0.5107262988878478,
            "dipole": [
                -0.05512442470849945,
                -0.03105348278748782,
                0.043734153657580835
            ],
            "quadrupole": [
                [
                    -5.308793765616596,
                    -5.241204292514309,
                    0.03869425592474254
                ],
                [
                    -5.241204292514309,
                    -0.04652737917206331,
                    -5.268192656904283
                ],
                [
                    0.03869425592474254,
                    -5.268192656904283,
                    0.0673312074144563
                ]
            ],
            "volume_eff": 40.05300818937066,
            "alpha_iso": 12.582096813414866,
            "c6_ii": 51.230603238555105,
            "c8_ii": 1531.7639322972134,
            "c10_ii": 57381.07343569719,
            "slater_b_init": 34.45171021121338
        },
        {
            "index": 1,
            "element": "C",
            "charge": 0.14138104993997302,
            "dipole": [
                0.14154348623753793,
                -0.08002794466589082,
                0.08682812415609613
            ],
            "quadrupole": [
                [
                    -4.243034151281626,
                    -4.122384465763603,
                    0.009517766400660483
                ],
                [
                    -4.122384465763603,
                    -0.05357943417949103,
                    -4.13846870792289
                ],
                [
                    0.009517766400660483,
                    -4.13846870792289,
                    0.07896167182690192
                ]
            ],
            "volume_eff": 30.310979944766732,
            "alpha_iso": 9.521773804638764,
            "c6_ii": 29.339934858475356,
            "c8_ii": 728.5031040960465,
            "c10_ii": 22663.03803564221,
            "slater_b_init": 37.805574284512886
        },
        {
            "index": 2,
            "element": "O",
            "charge": -0.37183689782302665,
            "dipole": [
                -0.10434048967692032,
                0.0007849153663573914,
                0.007393835760948593
            ],
            "quadrupole": [
                [
                    -3.960732094816517,
                    -4.013707873666697,
                    0.03252755282886084
                ],
                [
                    -4.013707873666697,
                    -0.003802559689813161,
                    -4.026577553592978
                ],
                [
                    0.03252755282886084,
                    -4.026577553592978,
                    0.0010579918160666534
                ]
            ],
            "volume_eff": 22.581568389121056,
            "alpha_iso": 6.737042502831696,
            "c6_ii": 24.281507897304106,
            "c8_ii": 974.0812108900549,
            "c10_ii": 37629.13743518942,
            "slater_b_init": 34.36976385706149
        },
        {
            "index": 3,
            "element": "C",
            "charge": 0.9919022712048964,
            "dipole": [
                -0.004954593689390723,
                -0.027991391691513084,
                0.035244931136833565
            ],
            "quadrupole": [
                [
                    -2.878228507109972,
                    -2.8141277055429703,
                    0.08884540722925968
                ],
                [
                    -2.8141277055429703,
                    0.004688730180319284,
                    -2.853476334611619
                ],
                [
                    0.08884540722925968,
                    -2.853476334611619,
                    0.0066804159105104755
                ]
            ],
            "volume_eff": 19.077770537766693,
            "alpha_iso": 5.993016922858646,
            "c6_ii": 11.622898164134915,
            "c8_ii": 211.95245754204777,
            "c10_ii": 4842.581516076693,
            "slater_b_init": 44.11435749898346
        },
        {
            "index": 4,
            "element": "O",
            "charge": -0.6399347839371181,
            "dipole": [
                0.03586857618387394,
                0.1035520460339302,
                -0.1301082948099037
            ],
            "quadrupole": [
                [
                    -4.481895850745274,
                    -4.402823216565412,
                    0.04910722090531792
                ],
                [
                    -4.402823216565412,
                    0.0072101680818942885,
                    -4.418597072899694
                ],
                [
                    0.04910722090531792,
                    -4.418597072899694,
                    0.0012320573042091296
                ]
            ],
            "volume_eff": 25.998092948366786,
            "alpha_iso": 7.756337122717162,
            "c6_ii": 32.184771699428985,
            "c8_ii": 1418.2785645110162,
            "c10_ii": 60184.16358260722,
            "slater_b_init": 32.79296999522098
        },
        {
            "index": 5,
            "element": "O",
            "charge": -0.4010034037306127,
            "dipole": [
                0.1127934167839288,
                -0.008681392863407036,
                0.0005291346831078552
            ],
            "quadrupole": [
                [
                    -4.003296471706827,
                    -4.077604426272094,
                    0.020822624035716216
                ],
                [
                    -4.077604426272094,
                    -0.003976747966628287,
                    -4.086974471292516
                ],
                [
                    0.020822624035716216,
                    -4.086974471292516,
                    0.0003100276387372905
                ]
            ],
            "volume_eff": 23.030287170440058,
            "alpha_iso": 6.87091440444068,
            "c6_ii": 25.256092254771826,
            "c8_ii": 1026.5556612192179,
            "c10_ii": 40179.86130460466,
            "slater_b_init": 34.1450797378142
        },
        {
            "index": 6,
            "element": "C",
            "charge": -0.10283494999019016,
            "dipole": [
                -0.15292436687554997,
                -0.04447737440678111,
                0.06880948404740203
            ],
            "quadrupole": [
                [
                    -4.409255571865478,
                    -4.515558358015427,
                    -0.004048435537057056
                ],
                [
                    -4.515558358015427,
                    0.04827886068060453,
                    -4.504100477640719
                ],
                [
                    -0.004048435537057056,
                    -4.504100477640719,
                    -0.07110006691215873
                ]
            ],
            "volume_eff": 32.682681031068384,
            "alpha_iso": 10.266810795100016,
            "c6_ii": 34.11100709618758,
            "c8_ii": 890.5916150119149,
            "c10_ii": 29132.457515353784,
            "slater_b_init": 36.86803067622068
        },
        {
            "index": 7,
            "element": "H",
            "charge": 0.20315970184715404,
            "dipole": [
                -0.00022908709035385493,
                -0.02907227257555707,
                0.03597466301614406
            ],
            "quadrupole": [
                [
                    -0.41558185434166844,
                    -0.42950399766392744,
                    -0.001203844832060438
                ],
                [
                    -0.42950399766392744,
                    -0.0012314516979566408,
                    -0.42851685669992884
                ],
                [
                    -0.001203844832060438,
                    -0.42851685669992884,
                    8.883145146879632e-05
                ]
            ],
            "volume_eff": 2.296138921170086,
            "alpha_iso": 0.7328102939904529,
            "c6_ii": 0.1723738777955275,
            "c8_ii": 0.9837796632963514,
            "c10_ii": 7.749334085280064,
            "slater_b_init": 73.24876534921484
        },
        {
            "index": 8,
            "element": "H",
            "charge": 0.20384687696504922,
            "dipole": [
                -0.038135999902059535,
                0.019811577913089927,
                -0.02114673396292383
            ],
            "quadrupole": [
                [
                    -0.4224155126359158,
                    -0.4274473036441598,
                    -0.005954170920827592
                ],
                [
                    -0.4274473036441598,
                    0.002573072640922052,
                    -0.4242291530838051
                ],
                [
                    -0.005954170920827592,
                    -0.4242291530838051,
                    -0.0039946770610674795
                ]
            ],
            "volume_eff": 2.297709234022587,
            "alpha_iso": 0.7333114576667831,
            "c6_ii": 0.17260972892073995,
            "c8_ii": 0.9855748187963751,
            "c10_ii": 7.767013896948216,
            "slater_b_init": 73.23207485748077
        },
        {
            "index": 9,
            "element": "H",
            "charge": 0.14336714261324024,
            "dipole": [
                0.006157991324203939,
                0.04568916768187266,
                -0.057177207733446075
            ],
            "quadrupole": [
                [
                    -0.46317157817763277,
                    -0.4792906225387723,
                    -0.008180123172991246
                ],
                [
                    -0.4792906225387723,
                    -0.006705985076510859,
                    -0.4761785545338491
                ],
                [
                    -0.008180123172991246,
                    -0.4761785545338491,
                    0.006097870776708783
                ]
            ],
            "volume_eff": 2.6094931831310015,
            "alpha_iso": 0.8328169733396813,
            "c6_ii": 0.22263193689073277,
            "c8_ii": 1.3837337202227231,
            "c10_ii": 11.87019187530684,
            "slater_b_init": 70.19092622700299
        },
        {
            "index": 10,
            "element": "H",
            "charge": 0.11276143186239262,
            "dipole": [
                0.006978693033812972,
                0.06292244125400323,
                0.007836989077063906
            ],
            "quadrupole": [
                [
                    -0.4976432440190603,
                    -0.5168108811544245,
                    0.0017563820278445098
                ],
                [
                    -0.5168108811544245,
                    0.0012511542596219415,
                    -0.5163762233865726
                ],
                [
                    0.0017563820278445098,
                    -0.5163762233865726,
                    -0.011133899604519583
                ]
            ],
            "volume_eff": 2.880512580583999,
            "alpha_iso": 0.9193125257182976,
            "c6_ii": 0.27127806812970917,
            "c8_ii": 1.8008967604585977,
            "c10_ii": 16.500727974274692,
            "slater_b_init": 67.91667825068134
        },
        {
            "index": 11,
            "element": "H",
            "charge": 0.11777440228787595,
            "dipole": [
                0.03671819159862502,
                -0.033110317460412875,
                0.03768558690651745
            ],
            "quadrupole": [
                [
                    -0.48532154618065054,
                    -0.507031611460582,
                    -0.004307771580935685
                ],
                [
                    -0.507031611460582,
                    0.005517535774837513,
                    -0.503559399721726
                ],
                [
                    -0.004307771580935685,
                    -0.503559399721726,
                    -0.008985582824331482
                ]
            ],
            "volume_eff": 2.7812470085199554,
            "alpha_iso": 0.8876320239957305,
            "c6_ii": 0.25290315877273684,
            "c8_ii": 1.6401173008662442,
            "c10_ii": 14.680326711079102,
            "slater_b_init": 68.71525700287181
        },
        {
            "index": 12,
            "element": "H",
            "charge": 0.11267449920600703,
            "dipole": [
                0.0006815881269149205,
                -0.0218296192658675,
                -0.06002437609119466
            ],
            "quadrupole": [
                [
                    -0.4965239817280494,
                    -0.5179838491426298,
                    0.0009172001917057756
                ],
                [
                    -0.5179838491426298,
                    0.00891893507590002,
                    -0.5167880092327347
                ],
                [
                    0.0009172001917057756,
                    -0.5167880092327347,
                    -0.005043783113791341
                ]
            ],
            "volume_eff": 2.8818643983339203,
            "alpha_iso": 0.9197439569150809,
            "c6_ii": 0.27153274818922307,
            "c8_ii": 1.8031513928724472,
            "c10_ii": 16.526554618801757,
            "slater_b_init": 67.90605719457415
        }
    ]
}