{
    "molecule": "Phos_683",
    "atoms": [
        {
            "index": 0,
            "element": "C",
            "charge": -0.06955256601434368,
            "dipole": [
                0.016128837004090006,
                -0.12183700623101627,
                0.14091050608016475
            ],
            "quadrupole": [
                [
                    -4.441576856307766,
                    -4.429096921742398,
                    -0.0889980916680758
                ],
                [
                    -4.429096921742398,
                    0.012161779859044122,
                    -4.358964720232438
                ],
                [
                    -0.0889980916680758,
                    -4.358964720232438,
                    0.009957318987959922
                ]
            ],
            "volume_eff": 32.03504542801431,
            "alpha_iso": 10.063365055920723,
            "c6_ii": 32.77252317493504,
            "c8_ii": 844.3043987261127,
            "c10_ii": 27252.27007879961,
            "slater_b_init": 37.114822160288966
        },
        {
            "index": 1,
            "element": "O",
            "charge": -0.5520660343905206,
            "dipole": [
                -0.06880404342938971,
                0.1855264485557486,
                0.03445436451957555
            ],
            "quadrupole": [
                [
                    -4.209081819381874,
                    -4.247658914321184,
                    -0.0315066781981996
                ],
                [
                    -4.247658914321184,
                    0.006176256802580804,
                    -4.235946875917919
                ],
                [
                    -0.0315066781981996,
                    -4.235946875917919,
                    0.00970201330327295
                ]
            ],
            "volume_eff": 24.22985995318045,
            "alpha_iso": 7.228797997081461,
            "c6_ii": 27.95562824172494,
            "c8_ii": 1175.4025738588289,
            "c10_ii": 47589.76958173757,
            "slater_b_init": 33.57203091562393
        },
        {
            "index": 2,
            "element": "P",
            "charge": 1.7424571957415704,
            "dipole": [
                0.04620430679441794,
                0.028967015619323674,
                0.0729623932306324
            ],
            "quadrupole": [
                [
                    -6.269395735048035,
                    -6.274095049997369,
                    0.002018711728226793
                ],
                [
                    -6.274095049997369,
                    0.007734990861254207,
                    -6.285480349565312
                ],
                [
                    0.002018711728226793,
                    -6.285480349565312,
                    -0.008237282199260029
                ]
            ],
            "volume_eff": 50.21689423642132,
            "alpha_iso": 19.314190090931277,
            "c6_ii": 110.41922990511387,
            "c8_ii": 3517.726097187397,
            "c10_ii": 63466.74639817702,
            "slater_b_init": 35.964037537709395
        },
        {
            "index": 3,
            "element": "O",
            "charge": -0.8489602701808607,
            "dipole": [
                -0.15533258456712498,
                -0.13088301318265352,
                -0.26594155364771627
            ],
            "quadrupole": [
                [
                    -4.741333513802157,
                    -4.735010173131489,
                    -0.011785163076490114
                ],
                [
                    -4.735010173131489,
                    -0.0016428640807135426,
                    -4.7686856365084385
                ],
                [
                    -0.011785163076490114,
                    -4.7686856365084385,
                    -0.011527577863652402
                ]
            ],
            "volume_eff": 28.342550797136525,
            "alpha_iso": 8.455788635609792,
            "c6_ii": 38.251222174954734,
            "c8_ii": 1785.4788769120637,
            "c10_ii": 80255.29604941393,
            "slater_b_init": 31.86262883021978
        },
        {
            "index": 4,
            "element": "O",
            "charge": -0.5154650213598391,
            "dipole": [
                0.18858500018536684,
                0.011562773593081282,
                -0.040512551589778206
            ],
            "quadrupole": [
                [
                    -4.214446598911528,
                    -4.154605683150206,
                    0.0007902074540861143
                ],
                [
                    -4.154605683150206,
                    -0.03311530723522562,
                    -4.162094084468028
                ],
                [
                    0.0007902074540861143,
                    -4.162094084468028,
                    -0.02379198808090929
                ]
            ],
            "volume_eff": 23.823978545705188,
            "alpha_iso": 7.107706306453482,
            "c6_ii": 27.02688708660007,
            "c8_ii": 1123.6274274398033,
            "c10_ii": 44984.01547577152,
            "slater_b_init": 33.761610296018986
        },
        {
            "index": 5,
            "element": "C",
            "charge": -0.18781060622964674,
            "dipole": [
                -0.09726214881481916,
                0.1726435997393066,
                0.09610434388902271
            ],
            "quadrupole": [
                [
                    -4.644016235663207,
                    -4.624740814587201,
                    0.07632909776277493
                ],
                [
                    -4.624740814587201,
                    -0.01484214951637705,
                    -4.598903152423008
                ],
                [
                    0.07632909776277493,
                    -4.598903152423008,
                    -0.014575655939755159
                ]
            ],
            "volume_eff": 33.992023366112306,
            "alpha_iso": 10.678122523386063,
            "c6_ii": 36.898883396521704,
            "c8_ii": 988.9405352715714,
            "c10_ii": 33207.91374875773,
            "slater_b_init": 36.38844466393997
        },
        {
            "index": 6,
            "element": "C",
            "charge": 0.7924881128642127,
            "dipole": [
                0.011864868842947683,
                -0.1318474449126495,
                0.06146594504484426
            ],
            "quadrupole": [
                [
                    -3.241772349667182,
                    -3.3522108387894325,
                    0.06768681259051107
                ],
                [
                    -3.3522108387894325,
                    -0.000752215385580552,
                    -3.2547559535359927
                ],
                [
                    0.06768681259051107,
                    -3.2547559535359927,
                    -0.017009369302929706
                ]
            ],
            "volume_eff": 23.17404036304469,
            "alpha_iso": 7.2798032554067085,
            "c6_ii": 17.149944106835022,
            "c8_ii": 356.04330592017357,
            "c10_ii": 9260.989685595696,
            "slater_b_init": 41.34489680640829
        },
        {
            "index": 7,
            "element": "F",
            "charge": -0.23046531357087474,
            "dipole": [
                -0.05908014972099572,
                -0.021729881617266113,
                0.0034326495485424145
            ],
            "quadrupole": [
                [
                    -3.4823867036827854,
                    -3.536108012619173,
                    0.006187194424637447
                ],
                [
                    -3.536108012619173,
                    0.016803851434281578,
                    -3.542892406736873
                ],
                [
                    0.006187194424637447,
                    -3.542892406736873,
                    -0.0034730773598478505
                ]
            ],
            "volume_eff": 17.677669207143897,
            "alpha_iso": 5.551664709681554,
            "c6_ii": 20.276961216265512,
            "c8_ii": 879.4051377833589,
            "c10_ii": 35383.33590392376,
            "slater_b_init": 33.48911872246604
        },
        {
            "index": 8,
            "element": "F",
            "charge": -0.24565353432790005,
            "dipole": [
                0.009845676153234688,
                0.007711291125821546,
                0.05601111168209575
            ],
            "quadrupole": [
                [
                    -3.5648563329736125,
                    -3.5619848974396287,
                    0.0097074314912198
                ],
                [
                    -3.5619848974396287,
                    -0.001974513860856646,
                    -3.512021992042726
                ],
                [
                    0.0097074314912198,
                    -3.512021992042726,
                    0.018341572116551488
                ]
            ],
            "volume_eff": 17.867889770962016,
            "alpha_iso": 5.611403399145097,
            "c6_ii": 20.715689544695486,
            "c8_ii": 904.866193764348,
            "c10_ii": 36668.48617948949,
            "slater_b_init": 33.36985338473872
        },
        {
            "index": 9,
            "element": "F",
            "charge": -0.25190626789289894,
            "dipole": [
                0.03280343337505109,
                -0.03243158635948827,
                -0.02822392500733804
            ],
            "quadrupole": [
                [
                    -3.553532096440127,
                    -3.5663649722538873,
                    0.014191115305436841
                ],
                [
                    -3.5663649722538873,
                    -0.026128828336074543,
                    -3.5624808753919246
                ],
                [
                    0.014191115305436841,
                    -3.5624808753919246,
                    -0.027969980226910038
                ]
            ],
            "volume_eff": 17.995755714262497,
            "alpha_iso": 5.651559645801446,
            "c6_ii": 21.013241072402217,
            "c8_ii": 922.237042064288,
            "c10_ii": 37550.50045382154,
            "slater_b_init": 33.29063074695209
        },
        {
            "index": 10,
            "element": "O",
            "charge": -0.5150213554188525,
            "dipole": [
                -0.040246988811585525,
                -0.12108772045818104,
                0.1546429093426626
            ],
            "quadrupole": [
                [
                    -4.147769918673628,
                    -4.161324594442075,
                    0.025226348239450337
                ],
                [
                    -4.161324594442075,
                    0.021230384388875298,
                    -4.202750292269332
                ],
                [
                    0.025226348239450337,
                    -4.202750292269332,
                    -0.019070292736738572
                ]
            ],
            "volume_eff": 23.781317642650144,
            "alpha_iso": 7.094978744216066,
            "c6_ii": 26.930181232568355,
            "c8_ii": 1118.269972487576,
            "c10_ii": 44716.07075590492,
            "slater_b_init": 33.78178636334226
        },
        {
            "index": 11,
            "element": "C",
            "charge": -0.17725475965700266,
            "dipole": [
                0.1889500488627165,
                0.1056108712317333,
                -0.02258972616000734
            ],
            "quadrupole": [
                [
                    -4.502773079294804,
                    -4.692892506923938,
                    -0.00840418267904961
                ],
                [
                    -4.692892506923938,
                    0.009560444130244988,
                    -4.633783224105515
                ],
                [
                    -0.00840418267904961,
                    -4.633783224105515,
                    0.009949990725068985
                ]
            ],
            "volume_eff": 33.92615047030452,
            "alpha_iso": 10.657429467111367,
            "c6_ii": 36.75600981003293,
            "c8_ii": 983.8382229551472,
            "c10_ii": 32993.88706267908,
            "slater_b_init": 36.41198071181091
        },
        {
            "index": 12,
            "element": "C",
            "charge": 0.8020666712958375,
            "dipole": [
                -0.005331458444557239,
                -0.13145421085353265,
                -0.050662429734337835
            ],
            "quadrupole": [
                [
                    -3.198746228433619,
                    -3.3501705383985803,
                    -0.05389353972435143
                ],
                [
                    -3.3501705383985803,
                    0.0025284988068516668,
                    -3.247467076195979
                ],
                [
                    -0.05389353972435143,
                    -3.247467076195979,
                    -0.01629080475601391
                ]
            ],
            "volume_eff": 23.024816515312263,
            "alpha_iso": 7.232926654024794,
            "c6_ii": 16.929789055448666,
            "c8_ii": 349.96231068782805,
            "c10_ii": 9063.698774426286,
            "slater_b_init": 41.43402330571028
        },
        {
            "index": 13,
            "element": "F",
            "charge": -0.2504823414681283,
            "dipole": [
                0.04529374077270053,
                -0.026492456171812857,
                0.010877942432155065
            ],
            "quadrupole": [
                [
                    -3.5382873029553847,
                    -3.5524001435963317,
                    -0.015130918865897439
                ],
                [
                    -3.5524001435963317,
                    -0.025636953370319824,
                    -3.574530599359667
                ],
                [
                    -0.015130918865897439,
                    -3.574530599359667,
                    0.021255715574305504
                ]
            ],
            "volume_eff": 17.946240157752435,
            "alpha_iso": 5.636009305740434,
            "c6_ii": 20.897763746311036,
            "c8_ii": 915.4857556813336,
            "c10_ii": 37207.20236197454,
            "slater_b_init": 33.3212200769591
        },
        {
            "index": 14,
            "element": "F",
            "charge": -0.22972436606130664,
            "dipole": [
                0.011564627787452878,
                0.01582837384932777,
                -0.06959908280998998
            ],
            "quadrupole": [
                [
                    -3.5420354002062284,
                    -3.5423834807088164,
                    -0.013689913989828323
                ],
                [
                    -3.5423834807088164,
                    0.006582626141138752,
                    -3.475863834177492
                ],
                [
                    -0.013689913989828323,
                    -3.475863834177492,
                    -0.0003875404459675512
                ]
            ],
            "volume_eff": 17.668250055059957,
            "alpha_iso": 5.5487066288618045,
            "c6_ii": 20.255358719194035,
            "c8_ii": 878.156168722255,
            "c10_ii": 35320.530887226545,
            "slater_b_init": 33.49506881303813
        },
        {
            "index": 15,
            "element": "F",
            "charge": -0.2616556951903135,
            "dipole": [
                -0.047409424702124066,
                -0.022939042378893777,
                0.016159257664832394
            ],
            "quadrupole": [
                [
                    -3.5472432575387605,
                    -3.587695932288039,
                    -0.004717653344431703
                ],
                [
                    -3.587695932288039,
                    0.019672958634417457,
                    -3.5942174248907857
                ],
                [
                    -0.004717653344431703,
                    -3.5942174248907857,
                    -0.02289677654011141
                ]
            ],
            "volume_eff": 18.117516657086526,
            "alpha_iso": 5.689798619580892,
            "c6_ii": 21.298558112753046,
            "c8_ii": 938.9708476572225,
            "c10_ii": 38404.106307269605,
            "slater_b_init": 33.21588515874171
        },
        {
            "index": 16,
            "element": "H",
            "charge": 0.10191204862177283,
            "dipole": [
                0.0598260191294896,
                0.011098518085792935,
                -0.022347378693829304
            ],
            "quadrupole": [
                [
                    -0.5215863764343903,
                    -0.5150451082604417,
                    -0.011837701932563468
                ],
                [
                    -0.5150451082604417,
                    -0.006816900967396061,
                    -0.5159298614111848
                ],
                [
                    -0.011837701932563468,
                    -0.5159298614111848,
                    0.0033029044052725292
                ]
            ],
            "volume_eff": 2.91961800510448,
            "alpha_iso": 0.9317929803524937,
            "c6_ii": 0.27869372980356477,
            "c8_ii": 1.8668331403400582,
            "c10_ii": 17.259331133375326,
            "slater_b_init": 67.61208847958557
        },
        {
            "index": 17,
            "element": "H",
            "charge": 0.11335945385953838,
            "dipole": [
                -0.04501667361615586,
                -0.02567645807951319,
                -0.04155836127166414
            ],
            "quadrupole": [
                [
                    -0.5151963744325077,
                    -0.49842468156513653,
                    -0.011162228511953459
                ],
                [
                    -0.49842468156513653,
                    0.0036932554038251043,
                    -0.5051511739024385
                ],
                [
                    -0.011162228511953459,
                    -0.5051511739024385,
                    0.0018807372026339072
                ]
            ],
            "volume_eff": 2.843617968608508,
            "alpha_iso": 0.9075376495559069,
            "c6_ii": 0.26437332369627115,
            "c8_ii": 1.7400407247750564,
            "c10_ii": 15.806705057017655,
            "slater_b_init": 68.20914603224216
        },
        {
            "index": 18,
            "element": "H",
            "charge": 0.11557313945910941,
            "dipole": [
                -0.022314779089561445,
                0.04475668426754397,
                0.03765987659736346
            ],
            "quadrupole": [
                [
                    -0.5105242105379963,
                    -0.4952224403696282,
                    -0.0134920385923594
                ],
                [
                    -0.4952224403696282,
                    -0.0026474219231478894,
                    -0.4931747993151616
                ],
                [
                    -0.0134920385923594,
                    -0.4931747993151616,
                    0.0005465807935656873
                ]
            ],
            "volume_eff": 2.7850072677282256,
            "alpha_iso": 0.8888321067217742,
            "c6_ii": 0.25358747361019934,
            "c8_ii": 1.6460371555016533,
            "c10_ii": 14.746590702078201,
            "slater_b_init": 68.68431710098227
        },
        {
            "index": 19,
            "element": "H",
            "charge": 0.16930560697983021,
            "dipole": [
                -0.029946830764723816,
                0.004172732415052915,
                -0.05424625659131152
            ],
            "quadrupole": [
                [
                    -0.44824797537177347,
                    -0.4388949417572827,
                    0.0041864079310231835
                ],
                [
                    -0.4388949417572827,
                    -0.007464002086201387,
                    -0.4479210835341865
                ],
                [
                    0.0041864079310231835,
                    -0.4479210835341865,
                    -0.0029228528970523604
                ]
            ],
            "volume_eff": 2.415327066654669,
            "alpha_iso": 0.7708490638259581,
            "c6_ii": 0.1907335217189538,
            "c8_ii": 1.125914144565494,
            "c10_ii": 9.173259461922827,
            "slater_b_init": 72.02352608474061
        },
        {
            "index": 20,
            "element": "H",
            "charge": 0.16651267172103745,
            "dipole": [
                0.04873666882814467,
                0.032562519076016316,
                0.00028865925412384103
            ],
            "quadrupole": [
                [
                    -0.44598699239289763,
                    -0.43835285203892754,
                    0.005751395499341293
                ],
                [
                    -0.43835285203892754,
                    -0.008233162690097754,
                    -0.4452308470729278
                ],
                [
                    0.005751395499341293,
                    -0.4452308470729278,
                    -0.005102494233441363
                ]
            ],
            "volume_eff": 2.392082570863243,
            "alpha_iso": 0.7634306077223116,
            "c6_ii": 0.18708004460479888,
            "c8_ii": 1.0972506780120796,
            "c10_ii": 8.88227890564271,
            "slater_b_init": 72.25606500779111
        },
        {
            "index": 21,
            "element": "H",
            "charge": 0.15993588413060245,
            "dipole": [
                -0.04318519894705757,
                0.04042922980142538,
                -0.019342629264565182
            ],
            "quadrupole": [
                [
                    -0.44951164091697193,
                    -0.4539929828523537,
                    -0.0010468462500418598
                ],
                [
                    -0.4539929828523537,
                    0.00643611926767151,
                    -0.4598804940029852
                ],
                [
                    -0.0010468462500418598,
                    -0.4598804940029852,
                    -0.0010065041684683804
                ]
            ],
            "volume_eff": 2.4807952831561613,
            "alpha_iso": 0.7917431754753707,
            "c6_ii": 0.20121344016922732,
            "c8_ii": 1.209145470248541,
            "c10_ii": 10.028599209911416,
            "slater_b_init": 71.38430239444587
        },
        {
            "index": 22,
            "element": "H",
            "charge": 0.16507538509705955,
            "dipole": [
                0.010008563001410667,
                0.0046345959435475665,
                0.058052037836865786
            ],
            "quadrupole": [
                [
                    -0.43668984634852415,
                    -0.44471856940053955,
                    -0.0008360296366599183
                ],
                [
                    -0.44471856940053955,
                    0.008039941838549615,
                    -0.45129516754616
                ],
                [
                    -0.0008360296366599183,
                    -0.45129516754616,
                    -0.0029363212767176453
                ]
            ],
            "volume_eff": 2.3986196087248706,
            "alpha_iso": 0.7655168964015545,
            "c6_ii": 0.1881039393281849,
            "c8_ii": 1.1052650209995143,
            "c10_ii": 8.963448260858438,
            "slater_b_init": 72.19036466677699
        }
    ]
}