{
    "molecule": "FRAG_C1CCOC1",
    "atoms": [
        {
            "index": 0,
            "element": "C",
            "charge": -0.30135958309400657,
            "dipole": [
                -0.05652986668797694,
                0.012128627573981799,
                -0.0165222157116927
            ],
            "quadrupole": [
                [
                    -4.842182880625567,
                    -4.833448426177478,
                    0.057281452312566886
                ],
                [
                    -4.833448426177478,
                    -0.010695689285385631,
                    -4.809481495164673
                ],
                [
                    0.057281452312566886,
                    -4.809481495164673,
                    -0.026908668005354342
                ]
            ],
            "volume_eff": 35.98189832070114,
            "alpha_iso": 11.303214132157425,
            "c6_ii": 41.34541303354858,
            "c8_ii": 1150.9478853623589,
            "c10_ii": 40141.94795887658,
            "slater_b_init": 35.704898925298444
        },
        {
            "index": 1,
            "element": "C",
            "charge": -0.27992991821472035,
            "dipole": [
                0.05833094040094277,
                0.018688296381884816,
                0.013482424412738519
            ],
            "quadrupole": [
                [
                    -4.7886290006762104,
                    -4.796936901419471,
                    -0.03554739332169936
                ],
                [
                    -4.796936901419471,
                    -0.0009548612445014233,
                    -4.733196437435643
                ],
                [
                    -0.03554739332169936,
                    -4.733196437435643,
                    -0.03697038415621455
                ]
            ],
            "volume_eff": 35.41759160006904,
            "alpha_iso": 11.12594500525729,
            "c6_ii": 40.05873607858644,
            "c8_ii": 1103.440371709232,
            "c10_ii": 38081.57976960698,
            "slater_b_init": 35.893528759112236
        },
        {
            "index": 2,
            "element": "C",
            "charge": 0.0938633033065166,
            "dipole": [
                0.13556538005511398,
                0.04350716745161749,
                -0.028074014901640697
            ],
            "quadrupole": [
                [
                    -4.15450681895481,
                    -4.197099098318233,
                    -0.02685777330587623
                ],
                [
                    -4.197099098318233,
                    0.06764567467288897,
                    -4.160220796096312
                ],
                [
                    -0.02685777330587623,
                    -4.160220796096312,
                    0.008826388475773281
                ]
            ],
            "volume_eff": 30.203274670575755,
            "alpha_iso": 9.48793968709186,
            "c6_ii": 29.131795673434745,
            "c8_ii": 721.6205402936752,
            "c10_ii": 22395.717340195417,
            "slater_b_init": 37.85045936461233
        },
        {
            "index": 3,
            "element": "O",
            "charge": -0.3888859367211648,
            "dipole": [
                -0.0035395510512137196,
                -0.10274064413410262,
                0.016462068198302208
            ],
            "quadrupole": [
                [
                    -3.9928100368287422,
                    -4.128782271091169,
                    -0.00367047152292984
                ],
                [
                    -4.128782271091169,
                    -0.008100759051773923,
                    -4.153944656257145
                ],
                [
                    -0.00367047152292984,
                    -4.153944656257145,
                    -0.018422859177153434
                ]
            ],
            "volume_eff": 23.434755352805396,
            "alpha_iso": 6.991584469897742,
            "c6_ii": 26.150999761164552,
            "c8_ii": 1075.3389028074616,
            "c10_ii": 42580.622124433474,
            "slater_b_init": 33.94749822913635
        },
        {
            "index": 4,
            "element": "C",
            "charge": 0.09349886985526545,
            "dipole": [
                -0.13128781773512,
                0.05867914393328932,
                0.011056448463609354
            ],
            "quadrupole": [
                [
                    -4.164049143878399,
                    -4.175827840860945,
                    0.03153464700133305
                ],
                [
                    -4.175827840860945,
                    -0.06638714124453297,
                    -4.178984385861948
                ],
                [
                    0.03153464700133305,
                    -4.178984385861948,
                    0.030353548096797956
                ]
            ],
            "volume_eff": 30.22309323328052,
            "alpha_iso": 9.494165413595974,
            "c6_ii": 29.17003919148365,
            "c8_ii": 722.8839179394637,
            "c10_ii": 22444.739707877812,
            "slater_b_init": 37.84218417227452
        },
        {
            "index": 5,
            "element": "H",
            "charge": 0.12596576422411143,
            "dipole": [
                -0.006532895145416824,
                0.009339257733708,
                0.04589260083008708
            ],
            "quadrupole": [
                [
                    -0.4916845999670978,
                    -0.4949574988815297,
                    0.0006168125919257854
                ],
                [
                    -0.4949574988815297,
                    0.002402716216713911,
                    -0.5134494460657415
                ],
                [
                    0.0006168125919257854,
                    -0.5134494460657415,
                    -0.0008557584358669935
                ]
            ],
            "volume_eff": 2.817529509700244,
            "alpha_iso": 0.8992115456490142,
            "c6_ii": 0.25954464814247796,
            "c8_ii": 1.6977953597129427,
            "c10_ii": 15.328468350176983,
            "slater_b_init": 68.4190234365112
        },
        {
            "index": 6,
            "element": "H",
            "charge": 0.13221411056075105,
            "dipole": [
                0.0213204332353549,
                -0.037864611841067215,
                -0.023389233785674566
            ],
            "quadrupole": [
                [
                    -0.4927134112079851,
                    -0.5001268936351073,
                    -0.0018439796936580263
                ],
                [
                    -0.5001268936351073,
                    0.008814896702311933,
                    -0.49654840321013327
                ],
                [
                    -0.0018439796936580263,
                    -0.49654840321013327,
                    0.001274316168622295
                ]
            ],
            "volume_eff": 2.7942595063919016,
            "alpha_iso": 0.8917849488484793,
            "c6_ii": 0.2552751885161704,
            "c8_ii": 1.6606599512546734,
            "c10_ii": 14.910526330615683,
            "slater_b_init": 68.60842503466449
        },
        {
            "index": 7,
            "element": "H",
            "charge": 0.12191389316808388,
            "dipole": [
                0.006992062956127244,
                -0.005892037237962136,
                -0.04756422777466242
            ],
            "quadrupole": [
                [
                    -0.4968392557795181,
                    -0.501760853566059,
                    -0.00602609121610414
                ],
                [
                    -0.501760853566059,
                    -0.00285870719837256,
                    -0.5161218077327032
                ],
                [
                    -0.00602609121610414,
                    -0.5161218077327032,
                    -0.00032482149912883726
                ]
            ],
            "volume_eff": 2.8536156650360676,
            "alpha_iso": 0.9107284037349151,
            "c6_ii": 0.2662355785136816,
            "c8_ii": 1.7564024236365563,
            "c10_ii": 15.992712067796603,
            "slater_b_init": 68.12939547956067
        },
        {
            "index": 8,
            "element": "H",
            "charge": 0.12848786561098247,
            "dipole": [
                -0.023834430386436147,
                -0.02762209868625393,
                0.0342764312304617
            ],
            "quadrupole": [
                [
                    -0.49794134702439263,
                    -0.5013214009427108,
                    0.0018034377807152754
                ],
                [
                    -0.5013214009427108,
                    -0.008134773676541624,
                    -0.5022680888832541
                ],
                [
                    0.0018034377807152754,
                    -0.5022680888832541,
                    0.0041470112050581
                ]
            ],
            "volume_eff": 2.8228519600846043,
            "alpha_iso": 0.9009102000270014,
            "c6_ii": 0.2605261592756788,
            "c8_ii": 1.7063614104276943,
            "c10_ii": 15.425201992618492,
            "slater_b_init": 68.37599532477921
        },
        {
            "index": 9,
            "element": "H",
            "charge": 0.06067767954489112,
            "dipole": [
                -0.0032914897681462383,
                0.011480957256970428,
                0.06000999452042853
            ],
            "quadrupole": [
                [
                    -0.5538286882466283,
                    -0.5510092263339534,
                    -0.005090873510111768
                ],
                [
                    -0.5510092263339534,
                    0.008495315001311683,
                    -0.5714768154341288
                ],
                [
                    -0.005090873510111768,
                    -0.5714768154341288,
                    0.0032252870309123585
                ]
            ],
            "volume_eff": 3.220915966301394,
            "alpha_iso": 1.0279519041387428,
            "c6_ii": 0.3391828771331376,
            "c8_ii": 2.4257598183117617,
            "c10_ii": 23.94428267806753,
            "slater_b_init": 65.43446623829296
        },
        {
            "index": 10,
            "element": "H",
            "charge": 0.07519684716061725,
            "dipole": [
                -0.03876358758948847,
                0.013913444926136132,
                -0.04846718494215108
            ],
            "quadrupole": [
                [
                    -0.5420011928115529,
                    -0.5377055393514183,
                    -0.0008344055925987479
                ],
                [
                    -0.5377055393514183,
                    0.012354291170406703,
                    -0.5483344348201332
                ],
                [
                    -0.0008344055925987479,
                    -0.5483344348201332,
                    -0.00576506539306743
                ]
            ],
            "volume_eff": 3.1005815522500297,
            "alpha_iso": 0.989547303909584,
            "c6_ii": 0.31431235226596166,
            "c8_ii": 2.1915489224139604,
            "c10_ii": 21.090216893820223,
            "slater_b_init": 66.27025514062348
        },
        {
            "index": 11,
            "element": "H",
            "charge": 0.06121148083986838,
            "dipole": [
                0.00342244304708324,
                -0.007689834632546915,
                -0.06055630645368044
            ],
            "quadrupole": [
                [
                    -0.5542301138458948,
                    -0.5479317333814538,
                    -0.0021046627725361403
                ],
                [
                    -0.5479317333814538,
                    -0.006873154249545437,
                    -0.572056584623512
                ],
                [
                    -0.0021046627725361403,
                    -0.572056584623512,
                    0.0058129306426444195
                ]
            ],
            "volume_eff": 3.21580538175172,
            "alpha_iso": 1.0263208665165064,
            "c6_ii": 0.3381073771262594,
            "c8_ii": 2.415509595749148,
            "c10_ii": 23.81787669075492,
            "slater_b_init": 65.46911089082931
        },
        {
            "index": 12,
            "element": "H",
            "charge": 0.0759227289783051,
            "dipole": [
                0.04007696984969054,
                0.0251243711611016,
                0.04214396972688971
            ],
            "quadrupole": [
                [
                    -0.5430796980169129,
                    -0.5353633482894149,
                    -0.0024661573594101866
                ],
                [
                    -0.5353633482894149,
                    -0.013317754078040435,
                    -0.5464480776631003
                ],
                [
                    -0.0024661573594101866,
                    -0.5464480776631003,
                    -0.0016294540828652169
                ]
            ],
            "volume_eff": 3.0920119304228724,
            "alpha_iso": 0.9868123182200657,
            "c6_ii": 0.3125773127921279,
            "c8_ii": 2.1754336525368387,
            "c10_ii": 20.896540201002214,
            "slater_b_init": 66.33142212856421
        }
    ]
}