{
    "molecule": "FRAG_COCC",
    "atoms": [
        {
            "index": 0,
            "element": "C",
            "charge": -0.0824328176454241,
            "dipole": [
                -0.10922775646448593,
                -0.003474131674758375,
                -0.12535191725111833
            ],
            "quadrupole": [
                [
                    -4.467414423466607,
                    -4.534711558489973,
                    -0.0029628651944554087
                ],
                [
                    -4.534711558489973,
                    0.014072721317566896,
                    -4.483346302524944
                ],
                [
                    -0.0029628651944554087,
                    -4.483346302524944,
                    0.04646134472900421
                ]
            ],
            "volume_eff": 33.14846145922373,
            "alpha_iso": 10.413129254206407,
            "c6_ii": 35.0902080298619,
            "c8_ii": 924.8411323779876,
            "c10_ii": 30539.56103665551,
            "slater_b_init": 36.69453370762691
        },
        {
            "index": 1,
            "element": "O",
            "charge": -0.36249713029374675,
            "dipole": [
                -0.016099578616837872,
                0.02917218991065895,
                0.09897068487264545
            ],
            "quadrupole": [
                [
                    -3.9731481328004588,
                    -4.1015355557299635,
                    -0.013390820872266158
                ],
                [
                    -4.1015355557299635,
                    -0.03935543164237325,
                    -4.081271417371108
                ],
                [
                    -0.013390820872266158,
                    -4.081271417371108,
                    0.03965369128033903
                ]
            ],
            "volume_eff": 23.125638217762894,
            "alpha_iso": 6.899361678227604,
            "c6_ii": 25.465658039956498,
            "c8_ii": 1037.9286483644573,
            "c10_ii": 40737.059694041505,
            "slater_b_init": 34.09808638116064
        },
        {
            "index": 2,
            "element": "C",
            "charge": 0.11917001991802678,
            "dipole": [
                0.0790630959785924,
                -0.11342808500425577,
                0.014862533958023718
            ],
            "quadrupole": [
                [
                    -4.108585517701072,
                    -4.168833616516959,
                    0.059358431023888235
                ],
                [
                    -4.168833616516959,
                    -0.05341986140166409,
                    -4.15788320805841
                ],
                [
                    0.059358431023888235,
                    -4.15788320805841,
                    0.02005630022074049
                ]
            ],
            "volume_eff": 30.040683438726255,
            "alpha_iso": 9.436863907453272,
            "c6_ii": 28.818993465300085,
            "c8_ii": 711.3078871576809,
            "c10_ii": 21996.36409696436,
            "slater_b_init": 37.918623406719625
        },
        {
            "index": 3,
            "element": "C",
            "charge": -0.5062577144933531,
            "dipole": [
                0.041650510945357384,
                0.011227912167893931,
                -0.025274756303246278
            ],
            "quadrupole": [
                [
                    -5.208211965542836,
                    -5.237007743858701,
                    0.0396481068072737
                ],
                [
                    -5.237007743858701,
                    -0.04721844581543979,
                    -5.229973714566817
                ],
                [
                    0.0396481068072737,
                    -5.229973714566817,
                    0.028801867407886043
                ]
            ],
            "volume_eff": 39.686653280424146,
            "alpha_iso": 12.46701150170392,
            "c6_ii": 50.29770216330967,
            "c8_ii": 1494.686364956716,
            "c10_ii": 55650.16551503956,
            "slater_b_init": 34.557395731572676
        },
        {
            "index": 4,
            "element": "H",
            "charge": 0.10618391499036806,
            "dipole": [
                0.04456542106849716,
                -0.03184684783741405,
                -0.026761169246530367
            ],
            "quadrupole": [
                [
                    -0.514595078291875,
                    -0.5219305060020971,
                    0.0019824226562383195
                ],
                [
                    -0.5219305060020971,
                    0.0004756846148786129,
                    -0.5052437659645808
                ],
                [
                    0.0019824226562383195,
                    -0.5052437659645808,
                    0.011268880686075556
                ]
            ],
            "volume_eff": 2.8987444380793015,
            "alpha_iso": 0.9251312036423303,
            "c6_ii": 0.274722979540375,
            "c8_ii": 1.8314534676537424,
            "c10_ii": 16.851437142210447,
            "slater_b_init": 67.77398976957079
        },
        {
            "index": 5,
            "element": "H",
            "charge": 0.07703850014805069,
            "dipole": [
                -0.03348992817941815,
                -0.03107927687865555,
                0.037875430699074585
            ],
            "quadrupole": [
                [
                    -0.5401147812195791,
                    -0.557174123717306,
                    0.002298759883290081
                ],
                [
                    -0.557174123717306,
                    0.0029021058482003198,
                    -0.5532589722401086
                ],
                [
                    0.002298759883290081,
                    -0.5532589722401086,
                    0.014223832439032106
                ]
            ],
            "volume_eff": 3.1732389936987566,
            "alpha_iso": 1.0127358490527947,
            "c6_ii": 0.3292158197391828,
            "c8_ii": 2.3311854992042886,
            "c10_ii": 22.78311618347889,
            "slater_b_init": 65.76054968280178
        },
        {
            "index": 6,
            "element": "H",
            "charge": 0.07172375920986407,
            "dipole": [
                0.014649860587971693,
                0.056048838536366934,
                0.0035343823001036216
            ],
            "quadrupole": [
                [
                    -0.5603616326627352,
                    -0.5764243614053572,
                    -0.007909922805370456
                ],
                [
                    -0.5764243614053572,
                    -0.0013617761514318095,
                    -0.5553796675835057
                ],
                [
                    -0.007909922805370456,
                    -0.5553796675835057,
                    0.013121632394020645
                ]
            ],
            "volume_eff": 3.296672092584412,
            "alpha_iso": 1.0521293912503442,
            "c6_ii": 0.3553257117809052,
            "c8_ii": 2.5809014269487878,
            "c10_ii": 25.873569976959427,
            "slater_b_init": 64.9293584367565
        },
        {
            "index": 7,
            "element": "H",
            "charge": 0.05771309579480066,
            "dipole": [
                0.015642469004040427,
                0.04798750750308386,
                0.032244319131726144
            ],
            "quadrupole": [
                [
                    -0.5543078018276102,
                    -0.5799249987875751,
                    -0.0045389002738124
                ],
                [
                    -0.5799249987875751,
                    -0.0113216198563539,
                    -0.5725238050053897
                ],
                [
                    -0.0045389002738124,
                    -0.5725238050053897,
                    -0.011205825927680858
                ]
            ],
            "volume_eff": 3.3128045887504247,
            "alpha_iso": 1.0572780602394973,
            "c6_ii": 0.35881184337356353,
            "c8_ii": 2.6147184463750808,
            "c10_ii": 26.29803185580208,
            "slater_b_init": 64.82379052903069
        },
        {
            "index": 8,
            "element": "H",
            "charge": 0.08374377416025858,
            "dipole": [
                -0.03029139727067187,
                -0.0034591229291216596,
                -0.05561699009296349
            ],
            "quadrupole": [
                [
                    -0.5171964213787121,
                    -0.5302056494778066,
                    0.00461111748228284
                ],
                [
                    -0.5302056494778066,
                    -0.004569369997125822,
                    -0.5401450072397513
                ],
                [
                    0.00461111748228284,
                    -0.5401450072397513,
                    -0.00806096799461128
                ]
            ],
            "volume_eff": 2.9970039665032373,
            "alpha_iso": 0.9564906276074162,
            "c6_ii": 0.2936633622002661,
            "c8_ii": 2.0017150781274555,
            "c10_ii": 18.831933389108645,
            "slater_b_init": 67.02506692527732
        },
        {
            "index": 9,
            "element": "H",
            "charge": 0.13606824423766706,
            "dipole": [
                0.023032838648312036,
                -0.0038681293668610243,
                0.03814476812405401
            ],
            "quadrupole": [
                [
                    -0.49707945704760476,
                    -0.4997520213121134,
                    0.0009173213581402256
                ],
                [
                    -0.4997520213121134,
                    0.004179825149196863,
                    -0.5084404983440032
                ],
                [
                    0.0009173213581402256,
                    -0.5084404983440032,
                    -0.005932681924941737
                ]
            ],
            "volume_eff": 2.8548230956015224,
            "alpha_iso": 0.9111137539153795,
            "c6_ii": 0.26646092699898943,
            "c8_ii": 1.7583849207602629,
            "c10_ii": 16.015279488380244,
            "slater_b_init": 68.11978914998915
        },
        {
            "index": 10,
            "element": "H",
            "charge": 0.14722941431106662,
            "dipole": [
                -0.03640967574640913,
                0.02714739667084495,
                -0.0008594023194272018
            ],
            "quadrupole": [
                [
                    -0.495013248890003,
                    -0.48719992550123475,
                    -0.004368395833288756
                ],
                [
                    -0.48719992550123475,
                    0.005271176253785174,
                    -0.48741348967650766
                ],
                [
                    -0.004368395833288756,
                    -0.48741348967650766,
                    -0.0008734270607393009
                ]
            ],
            "volume_eff": 2.7657386720378843,
            "alpha_iso": 0.8826825549057078,
            "c6_ii": 0.2500906272976119,
            "c8_ii": 1.6158428691636968,
            "c10_ii": 14.409237217949661,
            "slater_b_init": 68.84345345836026
        },
        {
            "index": 11,
            "element": "H",
            "charge": 0.15297977821994713,
            "dipole": [
                -0.0013449135472845034,
                -0.039967702041095655,
                -0.023037709592904333
            ],
            "quadrupole": [
                [
                    -0.48139417323888195,
                    -0.4906798619595806,
                    -0.004107049090508176
                ],
                [
                    -0.4906798619595806,
                    -0.000268777532134506,
                    -0.47773056573810035
                ],
                [
                    -0.004107049090508176,
                    -0.47773056573810035,
                    -0.00437032508051477
                ]
            ],
            "volume_eff": 2.7210687134072065,
            "alpha_iso": 0.8684261851299596,
            "c6_ii": 0.24207734585807095,
            "c8_ii": 1.547182116808968,
            "c10_ii": 13.647995789609613,
            "slater_b_init": 69.21812953068836
        }
    ]
}