{
    "molecule": "Est_407",
    "atoms": [
        {
            "index": 0,
            "element": "C",
            "charge": -0.48500186081531105,
            "dipole": [
                -0.047994643001615794,
                -0.02892080954112583,
                -0.002933244292609987
            ],
            "quadrupole": [
                [
                    -5.148047673545771,
                    -5.181496205540728,
                    0.0011157813376494155
                ],
                [
                    -5.181496205540728,
                    -0.041887788365902644,
                    -5.146033884592
                ],
                [
                    0.0011157813376494155,
                    -5.146033884592,
                    0.0038378847701242232
                ]
            ],
            "volume_eff": 38.953216965343366,
            "alpha_iso": 12.236612659270168,
            "c6_ii": 48.45580919987715,
            "c8_ii": 1422.1552657461286,
            "c10_ii": 52295.297322893464,
            "slater_b_init": 34.77293819999733
        },
        {
            "index": 1,
            "element": "C",
            "charge": 0.12511390605692174,
            "dipole": [
                -0.07691553633238218,
                0.11246780227503118,
                -0.02239867441528995
            ],
            "quadrupole": [
                [
                    -4.086315912734015,
                    -4.2171475745728655,
                    0.005434834853231901
                ],
                [
                    -4.2171475745728655,
                    -0.06157137623850988,
                    -4.100329408997518
                ],
                [
                    0.005434834853231901,
                    -4.100329408997518,
                    0.006805952389262947
                ]
            ],
            "volume_eff": 29.964020356396595,
            "alpha_iso": 9.412781263789507,
            "c6_ii": 28.672090431871666,
            "c8_ii": 706.4775352116999,
            "c10_ii": 21809.80663367274,
            "slater_b_init": 37.95093419007254
        },
        {
            "index": 2,
            "element": "O",
            "charge": -0.31613378854844143,
            "dipole": [
                0.00031306532756093146,
                -0.07445603465747398,
                0.008358263430891594
            ],
            "quadrupole": [
                [
                    -3.8679081946800773,
                    -4.024640269650585,
                    0.003704839875139659
                ],
                [
                    -4.024640269650585,
                    0.04382085713155814,
                    -4.037674570945987
                ],
                [
                    0.003704839875139659,
                    -4.037674570945987,
                    0.018740520519402264
                ]
            ],
            "volume_eff": 22.538661128059264,
            "alpha_iso": 6.7242414415204435,
            "c6_ii": 24.189320927168396,
            "c8_ii": 969.1534155179579,
            "c10_ii": 37391.334775514784,
            "slater_b_init": 34.39156014741816
        },
        {
            "index": 3,
            "element": "C",
            "charge": -0.17674539092786024,
            "dipole": [
                0.12379165043949056,
                0.126652506503269,
                0.002521663100052734
            ],
            "quadrupole": [
                [
                    -4.7432062115552975,
                    -4.676418141452446,
                    0.016217587933230037
                ],
                [
                    -4.676418141452446,
                    0.07339839151649619,
                    -4.625610189641678
                ],
                [
                    0.016217587933230037,
                    -4.625610189641678,
                    -0.025496611220146917
                ]
            ],
            "volume_eff": 34.94207166640202,
            "alpha_iso": 10.97656701562367,
            "c6_ii": 38.99029231041009,
            "c8_ii": 1064.3746791370922,
            "c10_ii": 36403.82662837458,
            "slater_b_init": 36.05561839559468
        },
        {
            "index": 4,
            "element": "C",
            "charge": 0.7342988606157075,
            "dipole": [
                -0.08176811109631156,
                0.007739065060527094,
                -0.007582815857082095
            ],
            "quadrupole": [
                [
                    -3.251674087753987,
                    -3.2692381368738843,
                    0.034306714373296625
                ],
                [
                    -3.2692381368738843,
                    0.061398593392717034,
                    -3.0240812014779834
                ],
                [
                    0.034306714373296625,
                    -3.0240812014779834,
                    -0.045178802726916774
                ]
            ],
            "volume_eff": 21.711395477254378,
            "alpha_iso": 6.820333657776244,
            "c6_ii": 15.053402264432151,
            "c8_ii": 299.22561564661595,
            "c10_ii": 7452.0769524729185,
            "slater_b_init": 42.2532305410441
        },
        {
            "index": 5,
            "element": "O",
            "charge": -0.5427485569704054,
            "dipole": [
                -0.009249606848832125,
                0.10445729087760591,
                -0.006562941990995201
            ],
            "quadrupole": [
                [
                    -4.376274977962378,
                    -4.331450467975451,
                    0.010051482527298846
                ],
                [
                    -4.331450467975451,
                    -0.00029217784823018083,
                    -4.216584286048135
                ],
                [
                    0.010051482527298846,
                    -4.216584286048135,
                    -0.0325058011792045
                ]
            ],
            "volume_eff": 25.068072275328856,
            "alpha_iso": 7.478872391534575,
            "c6_ii": 29.92328885741379,
            "c8_ii": 1286.9847336733594,
            "c10_ii": 53302.43502609806,
            "slater_b_init": 33.19359338240436
        },
        {
            "index": 6,
            "element": "O",
            "charge": -0.4054960044364009,
            "dipole": [
                -0.09194037437830772,
                0.002049754706450096,
                -0.0006884148707639296
            ],
            "quadrupole": [
                [
                    -4.03201161919615,
                    -4.103213777211373,
                    0.017387611342770923
                ],
                [
                    -4.103213777211373,
                    0.023588676530517782,
                    -4.069185221127864
                ],
                [
                    0.017387611342770923,
                    -4.069185221127864,
                    -0.004698089333368076
                ]
            ],
            "volume_eff": 23.177223189453596,
            "alpha_iso": 6.914751669781736,
            "c6_ii": 25.579394177437894,
            "c8_ii": 1044.114117531519,
            "c10_ii": 41040.747782180006,
            "slater_b_init": 34.072770501401564
        },
        {
            "index": 7,
            "element": "C",
            "charge": 0.2972211205460171,
            "dipole": [
                0.0905776220533415,
                -0.07016039290624031,
                0.04853476605159967
            ],
            "quadrupole": [
                [
                    -3.7531359007767087,
                    -3.851976688341999,
                    -0.03133961353384799
                ],
                [
                    -3.851976688341999,
                    -0.0499821775928611,
                    -3.8731973715238404
                ],
                [
                    -0.03133961353384799,
                    -3.8731973715238404,
                    0.029957255438099472
                ]
            ],
            "volume_eff": 27.136680086599547,
            "alpha_iso": 8.524611545528654,
            "c6_ii": 23.516496481254695,
            "c8_ii": 542.3954530998925,
            "c10_ii": 15673.78624365032,
            "slater_b_init": 39.225660067829715
        },
        {
            "index": 8,
            "element": "C",
            "charge": -0.5243741630700498,
            "dipole": [
                0.02089305199078224,
                0.02287139553979156,
                0.028041475907429683
            ],
            "quadrupole": [
                [
                    -5.227873408334265,
                    -5.294636334959195,
                    -0.00922667091372436
                ],
                [
                    -5.294636334959195,
                    -0.03016129647593113,
                    -5.238345753668938
                ],
                [
                    -0.00922667091372436,
                    -5.238345753668938,
                    -0.00136102831501288
                ]
            ],
            "volume_eff": 39.94965927627591,
            "alpha_iso": 12.549631186264683,
            "c6_ii": 50.96656333100728,
            "c8_ii": 1521.2468073392054,
            "c10_ii": 56889.02218569279,
            "slater_b_init": 34.48139324165217
        },
        {
            "index": 9,
            "element": "C",
            "charge": -0.5405480305756942,
            "dipole": [
                0.00919661635582331,
                -0.021874272147371972,
                -0.026337127463961465
            ],
            "quadrupole": [
                [
                    -5.2636072940064444,
                    -5.258221813614126,
                    -0.0030095859935878413
                ],
                [
                    -5.258221813614126,
                    -0.004886995254832761,
                    -5.334106255774857
                ],
                [
                    -0.0030095859935878413,
                    -5.334106255774857,
                    0.039770318682404535
                ]
            ],
            "volume_eff": 40.226289090642034,
            "alpha_iso": 12.636530604390167,
            "c6_ii": 51.6748389329939,
            "c8_ii": 1549.4993144221894,
            "c10_ii": 58212.74850867012,
            "slater_b_init": 34.402170336667545
        },
        {
            "index": 10,
            "element": "H",
            "charge": 0.15199192775515247,
            "dipole": [
                -0.01888722564766831,
                0.028404811235412546,
                0.032285331736933265
            ],
            "quadrupole": [
                [
                    -0.4777514663854514,
                    -0.48400513999753,
                    -0.005040458778783674
                ],
                [
                    -0.48400513999753,
                    0.0053298863543051805,
                    -0.4858403754115447
                ],
                [
                    -0.005040458778783674,
                    -0.4858403754115447,
                    -0.0016108385191763155
                ]
            ],
            "volume_eff": 2.711652048248797,
            "alpha_iso": 0.865420866462382,
            "c6_ii": 0.24040475529408648,
            "c8_ii": 1.5329452476357563,
            "c10_ii": 13.491194015993086,
            "slater_b_init": 69.29816080436224
        },
        {
            "index": 11,
            "element": "H",
            "charge": 0.14468675490772465,
            "dipole": [
                0.04113213997193974,
                -0.02187157664056718,
                0.007838619784426765
            ],
            "quadrupole": [
                [
                    -0.4968302055878334,
                    -0.48517445746938737,
                    -0.0002006359112637592
                ],
                [
                    -0.48517445746938737,
                    0.006311162692608735,
                    -0.4942788470534782
                ],
                [
                    -0.0002006359112637592,
                    -0.4942788470534782,
                    -0.0008530540461663929
                ]
            ],
            "volume_eff": 2.7790951591454887,
            "alpha_iso": 0.8869452635570709,
            "c6_ii": 0.25251196807659715,
            "c8_ii": 1.6367355944943505,
            "c10_ii": 14.642500336797657,
            "slater_b_init": 68.73298780215308
        },
        {
            "index": 12,
            "element": "H",
            "charge": 0.15232529936698214,
            "dipole": [
                -0.008898256557930403,
                0.02018021901227433,
                -0.041193571223214244
            ],
            "quadrupole": [
                [
                    -0.4784123109341036,
                    -0.4807123689786367,
                    0.005015561584579044
                ],
                [
                    -0.4807123689786367,
                    0.004428121089402543,
                    -0.48666390335251575
                ],
                [
                    0.005015561584579044,
                    -0.48666390335251575,
                    0.002786626411472565
                ]
            ],
            "volume_eff": 2.70614489431305,
            "alpha_iso": 0.8636632641424627,
            "c6_ii": 0.23942926024147593,
            "c8_ii": 1.5246571792684616,
            "c10_ii": 13.400078345263,
            "slater_b_init": 69.34513747696214
        },
        {
            "index": 13,
            "element": "H",
            "charge": 0.05781885629375583,
            "dipole": [
                0.0018194349773093135,
                -0.01111069502086546,
                0.061031856262467196
            ],
            "quadrupole": [
                [
                    -0.5461185895552603,
                    -0.5731772412944985,
                    0.008806522787195653
                ],
                [
                    -0.5731772412944985,
                    -0.005160210284065382,
                    -0.5770239671487417
                ],
                [
                    0.008806522787195653,
                    -0.5770239671487417,
                    0.004359499360305728
                ]
            ],
            "volume_eff": 3.2812478036201655,
            "alpha_iso": 1.047206745836223,
            "c6_ii": 0.3520085331067554,
            "c8_ii": 2.548825832387707,
            "c10_ii": 25.472248546894942,
            "slater_b_init": 65.0309380883188
        },
        {
            "index": 14,
            "element": "H",
            "charge": 0.05749893596363487,
            "dipole": [
                0.017668520988503158,
                -0.024001554958397484,
                -0.054819932137925735
            ],
            "quadrupole": [
                [
                    -0.5470664957742554,
                    -0.5787576647902176,
                    -0.010500364272584835
                ],
                [
                    -0.5787576647902176,
                    -0.0024491681151562164,
                    -0.573006173966053
                ],
                [
                    -0.010500364272584835,
                    -0.573006173966053,
                    0.004306164012612578
                ]
            ],
            "volume_eff": 3.289739063854721,
            "alpha_iso": 1.049916722506826,
            "c6_ii": 0.3538327559158809,
            "c8_ii": 2.5664528201706447,
            "c10_ii": 25.6926375214936,
            "slater_b_init": 64.9749386725003
        },
        {
            "index": 15,
            "element": "H",
            "charge": 0.12426803338362014,
            "dipole": [
                0.0009137032829168998,
                -0.014237858303844745,
                0.053818518776851176
            ],
            "quadrupole": [
                [
                    -0.49562824032899144,
                    -0.5024519643779495,
                    0.008953527292021101
                ],
                [
                    -0.5024519643779495,
                    0.01049589048061473,
                    -0.5106705422519051
                ],
                [
                    0.008953527292021101,
                    -0.5106705422519051,
                    -0.0014570314345795454
                ]
            ],
            "volume_eff": 2.8528792136179217,
            "alpha_iso": 0.9104933660482729,
            "c6_ii": 0.2660981779020466,
            "c8_ii": 1.7551939199581112,
            "c10_ii": 15.978958393996807,
            "slater_b_init": 68.1352573556307
        },
        {
            "index": 16,
            "element": "H",
            "charge": 0.12417296177381432,
            "dipole": [
                0.014704534765645422,
                -0.02517803039737327,
                -0.047463068331237535
            ],
            "quadrupole": [
                [
                    -0.49680281399189524,
                    -0.5061800562777959,
                    -0.0069174455047161035
                ],
                [
                    -0.5061800562777959,
                    0.013233948108702842,
                    -0.5058868559232964
                ],
                [
                    -0.0069174455047161035,
                    -0.5058868559232964,
                    0.0021325639477383137
                ]
            ],
            "volume_eff": 2.8528013491731343,
            "alpha_iso": 0.9104685156935536,
            "c6_ii": 0.2660836527135776,
            "c8_ii": 1.755066176176999,
            "c10_ii": 15.977504712746908,
            "slater_b_init": 68.13587724523722
        },
        {
            "index": 17,
            "element": "H",
            "charge": 0.0919331361340312,
            "dipole": [
                -0.009532674037422783,
                0.05070273437817248,
                -0.04519546292090931
            ],
            "quadrupole": [
                [
                    -0.5028722545318732,
                    -0.5226404235247302,
                    0.009114159006550734
                ],
                [
                    -0.5226404235247302,
                    -0.005945511837018197,
                    -0.5179781910282673
                ],
                [
                    0.009114159006550734,
                    -0.5179781910282673,
                    0.00034600877790612057
                ]
            ],
            "volume_eff": 2.877764195810221,
            "alpha_iso": 0.9184353816415599,
            "c6_ii": 0.27076064575960523,
            "c8_ii": 1.7963182951142969,
            "c10_ii": 16.448306876966658,
            "slater_b_init": 67.93829245765326
        },
        {
            "index": 18,
            "element": "H",
            "charge": 0.1599593179359392,
            "dipole": [
                -0.04190809162688344,
                0.013066773158552383,
                -0.005734395805526085
            ],
            "quadrupole": [
                [
                    -0.4800131028053707,
                    -0.4675229880048832,
                    0.00369487400889522
                ],
                [
                    -0.4675229880048832,
                    0.0025561077474744363,
                    -0.4740371050551023
                ],
                [
                    0.00369487400889522,
                    -0.4740371050551023,
                    0.0007111967390055705
                ]
            ],
            "volume_eff": 2.6496467910169152,
            "alpha_iso": 0.8456319545798665,
            "c6_ii": 0.22953615392309507,
            "c8_ii": 1.441243534416554,
            "c10_ii": 12.490039121230621,
            "slater_b_init": 69.83455456461657
        },
        {
            "index": 19,
            "element": "H",
            "charge": 0.15311648381924647,
            "dipole": [
                0.008096364591223463,
                -0.030313572109973395,
                0.030608664444990004
            ],
            "quadrupole": [
                [
                    -0.4808404618086857,
                    -0.4839565506036188,
                    0.008373624776425746
                ],
                [
                    -0.4839565506036188,
                    0.003068740378370459,
                    -0.4838203952207854
                ],
                [
                    0.008373624776425746,
                    -0.4838203952207854,
                    0.0034733375137603133
                ]
            ],
            "volume_eff": 2.7208266209092,
            "alpha_iso": 0.8683489215667659,
            "c6_ii": 0.24203427270667038,
            "c8_ii": 1.546815071403359,
            "c10_ii": 13.643948685574786,
            "slater_b_init": 69.22018242309204
        },
        {
            "index": 20,
            "element": "H",
            "charge": 0.1486182996642399,
            "dipole": [
                0.025722919452683495,
                -0.009798554503132656,
                -0.036802897957438525
            ],
            "quadrupole": [
                [
                    -0.4848491458226461,
                    -0.48423873380163046,
                    -0.002126758262550357
                ],
                [
                    -0.48423873380163046,
                    0.005771145913314996,
                    -0.4928158485727782
                ],
                [
                    -0.002126758262550357,
                    -0.4928158485727782,
                    0.0022616296965808883
                ]
            ],
            "volume_eff": 2.7472328973422364,
            "alpha_iso": 0.8767764565985862,
            "c6_ii": 0.24675507192573928,
            "c8_ii": 1.5871721061636632,
            "c10_ii": 14.090360726170452,
            "slater_b_init": 68.9976876183406
        },
        {
            "index": 21,
            "element": "H",
            "charge": 0.16338506148465326,
            "dipole": [
                0.026847623398947928,
                0.036740562535577996,
                0.013328929430505109
            ],
            "quadrupole": [
                [
                    -0.4687720648978523,
                    -0.4742175804999917,
                    -0.0006313369024990211
                ],
                [
                    -0.4742175804999917,
                    -0.002312245685814958,
                    -0.4688966937190411
                ],
                [
                    -0.0006313369024990211,
                    -0.4688966937190411,
                    -0.0036491478496852307
                ]
            ],
            "volume_eff": 2.626167813093396,
            "alpha_iso": 0.8381386637532116,
            "c6_ii": 0.225486258168253,
            "c8_ii": 1.407438233255825,
            "c10_ii": 12.124916719307615,
            "slater_b_init": 70.04205358378992
        },
        {
            "index": 22,
            "element": "H",
            "charge": 0.16017114448294179,
            "dipole": [
                -0.041565104933250295,
                0.0098207775639386,
                -0.009790339355235073
            ],
            "quadrupole": [
                [
                    -0.4815161174056364,
                    -0.47480281304841054,
                    0.0023664264949940714
                ],
                [
                    -0.47480281304841054,
                    0.0007349314450928496,
                    -0.4659069918763189
                ],
                [
                    0.0023664264949940714,
                    -0.4659069918763189,
                    -0.0014871005619267398
                ]
            ],
            "volume_eff": 2.651215414300082,
            "alpha_iso": 0.8461325790319412,
            "c6_ii": 0.2298080107874117,
            "c8_ii": 1.4435199471615907,
            "c10_ii": 12.514703668641001,
            "slater_b_init": 69.82077903118473
        },
        {
            "index": 23,
            "element": "H",
            "charge": 0.1513375181704847,
            "dipole": [
                0.007420820909203568,
                -0.0340512907141648,
                0.02637844999627509
            ],
            "quadrupole": [
                [
                    -0.4857890296452412,
                    -0.4897753545183747,
                    0.00883398223963198
                ],
                [
                    -0.4897753545183747,
                    -0.0026967455854900292,
                    -0.48428710874351544
                ],
                [
                    0.00883398223963198,
                    -0.48428710874351544,
                    -0.0035641089729186418
                ]
            ],
            "volume_eff": 2.7501981864967644,
            "alpha_iso": 0.8777228254776908,
            "c6_ii": 0.2472880409565193,
            "c8_ii": 1.591744618454658,
            "c10_ii": 14.14112044865226,
            "slater_b_init": 68.97288071859882
        }
    ]
}