{
    "molecule": "LEth_186",
    "atoms": [
        {
            "index": 0,
            "element": "C",
            "charge": -0.390690064552885,
            "dipole": [
                0.026692945949246445,
                -0.012203731151411849,
                -0.03267102333593019
            ],
            "quadrupole": [
                [
                    -5.162736235043138,
                    -5.019559775567063,
                    -0.0019249414600790275
                ],
                [
                    -5.019559775567063,
                    0.02315232442102276,
                    -5.159978906638482
                ],
                [
                    -0.0019249414600790275,
                    -5.159978906638482,
                    0.055226353280341825
                ]
            ],
            "volume_eff": 38.89655747655885,
            "alpha_iso": 12.218813866981835,
            "c6_ii": 48.3149487077997,
            "c8_ii": 1416.6456856771829,
            "c10_ii": 52042.17318185079,
            "slater_b_init": 34.789814252365474
        },
        {
            "index": 1,
            "element": "C",
            "charge": -0.14309035635090872,
            "dipole": [
                -0.0601311349263999,
                -0.017385898545838586,
                0.0007980307141189913
            ],
            "quadrupole": [
                [
                    -4.709703612445393,
                    -4.482164338965381,
                    0.006655342175640569
                ],
                [
                    -4.482164338965381,
                    0.05008899542928184,
                    -4.65616820114096
                ],
                [
                    0.006655342175640569,
                    -4.65616820114096,
                    0.031381360341293865
                ]
            ],
            "volume_eff": 34.31413876736591,
            "alpha_iso": 10.779310607549501,
            "c6_ii": 37.60151966881778,
            "c8_ii": 1014.1287059025655,
            "c10_ii": 34268.50943054323,
            "slater_b_init": 36.274224032505145
        },
        {
            "index": 2,
            "element": "C",
            "charge": 0.09775293540576513,
            "dipole": [
                -0.035518271862768125,
                -0.11721820143458607,
                0.06093042950043551
            ],
            "quadrupole": [
                [
                    -4.1682504002852925,
                    -4.142391757879166,
                    0.021563605839624807
                ],
                [
                    -4.142391757879166,
                    0.05633295163762251,
                    -4.166833990359212
                ],
                [
                    0.021563605839624807,
                    -4.166833990359212,
                    -0.0651593131270696
                ]
            ],
            "volume_eff": 30.154370292989828,
            "alpha_iso": 9.472577055389474,
            "c6_ii": 29.03753311719143,
            "c8_ii": 718.5089304325,
            "c10_ii": 22275.07025226307,
            "slater_b_init": 37.870910279460254
        },
        {
            "index": 3,
            "element": "O",
            "charge": -0.36438141649278855,
            "dipole": [
                -0.024825163027489962,
                0.06509916930379012,
                -0.04106351590372443
            ],
            "quadrupole": [
                [
                    -3.966156724633587,
                    -4.080480842772682,
                    -0.0023526144362707004
                ],
                [
                    -4.080480842772682,
                    0.04788375884178007,
                    -4.110791110094475
                ],
                [
                    -0.0023526144362707004,
                    -4.110791110094475,
                    -0.01542042240762458
                ]
            ],
            "volume_eff": 23.14679932410269,
            "alpha_iso": 6.905674936472625,
            "c6_ii": 25.512284043907016,
            "c8_ii": 1040.4632632587482,
            "c10_ii": 40861.447166401624,
            "slater_b_init": 34.0876922410177
        },
        {
            "index": 4,
            "element": "C",
            "charge": 0.04222956782255771,
            "dipole": [
                0.10317668387709997,
                0.015453431342943256,
                0.08016778984735284
            ],
            "quadrupole": [
                [
                    -4.241138892021534,
                    -4.367489955852753,
                    -0.04282798823710521
                ],
                [
                    -4.367489955852753,
                    0.008375473474457735,
                    -4.2883780808535725
                ],
                [
                    -0.04282798823710521,
                    -4.2883780808535725,
                    0.036072227248973625
                ]
            ],
            "volume_eff": 31.554987337218897,
            "alpha_iso": 9.912561467189182,
            "c6_ii": 31.797663663760098,
            "c8_ii": 810.9850120477333,
            "c10_ii": 25914.62355037837,
            "slater_b_init": 37.30208968395438
        },
        {
            "index": 5,
            "element": "C",
            "charge": -0.04959645101477861,
            "dipole": [
                -0.034954812671467286,
                -0.014218405071175657,
                0.036501585340471716
            ],
            "quadrupole": [
                [
                    -4.401129503427726,
                    -4.39003005651943,
                    -0.01684134535009427
                ],
                [
                    -4.39003005651943,
                    0.005453239824234089,
                    -4.436296162897425
                ],
                [
                    -0.01684134535009427,
                    -4.436296162897425,
                    0.010786676566193832
                ]
            ],
            "volume_eff": 32.3316196811532,
            "alpha_iso": 10.156529742770639,
            "c6_ii": 33.38213536788586,
            "c8_ii": 865.3092869078674,
            "c10_ii": 28102.378278340824,
            "slater_b_init": 37.000990050233895
        },
        {
            "index": 6,
            "element": "C",
            "charge": -0.4562018122863636,
            "dipole": [
                0.05732926988567564,
                -0.003778937180800443,
                0.037711710081503265
            ],
            "quadrupole": [
                [
                    -5.249149158760283,
                    -5.166470258346455,
                    -0.00904948101425798
                ],
                [
                    -5.166470258346455,
                    -0.004057031257418701,
                    -5.156178846577434
                ],
                [
                    -0.00904948101425798,
                    -5.156178846577434,
                    -0.026174559523523742
                ]
            ],
            "volume_eff": 39.661518419627505,
            "alpha_iso": 12.459115733914398,
            "c6_ii": 50.23401196522233,
            "c8_ii": 1492.163339843567,
            "c10_ii": 55532.76870678431,
            "slater_b_init": 34.56469425790411
        },
        {
            "index": 7,
            "element": "C",
            "charge": -0.4440072765602494,
            "dipole": [
                -0.002305820078980051,
                -0.0046574580023223755,
                -0.07479728970700192
            ],
            "quadrupole": [
                [
                    -5.1231359075239,
                    -5.127751530503385,
                    0.012480855765413256
                ],
                [
                    -5.127751530503385,
                    -0.013032098511569608,
                    -5.2140525618555245
                ],
                [
                    0.012480855765413256,
                    -5.2140525618555245,
                    0.007251826472210679
                ]
            ],
            "volume_eff": 39.28516777177806,
            "alpha_iso": 12.340890399511434,
            "c6_ii": 49.285187741238275,
            "c8_ii": 1454.7033308130706,
            "c10_ii": 53795.61923019893,
            "slater_b_init": 34.67471987599344
        },
        {
            "index": 8,
            "element": "H",
            "charge": 0.17049407783594317,
            "dipole": [
                0.04118416128148765,
                -0.010769569530363645,
                0.027658193371890717
            ],
            "quadrupole": [
                [
                    -0.45774181447343315,
                    -0.46127505594649265,
                    -0.0004470906539834961
                ],
                [
                    -0.46127505594649265,
                    -0.0004826839960386976,
                    -0.4476535822633148
                ],
                [
                    -0.0004470906539834961,
                    -0.4476535822633148,
                    -0.004591138333187296
                ]
            ],
            "volume_eff": 2.5065653993344954,
            "alpha_iso": 0.7999676806386687,
            "c6_ii": 0.2054155005151443,
            "c8_ii": 1.242930525891763,
            "c10_ii": 10.380078824276262,
            "slater_b_init": 71.13882408660228
        },
        {
            "index": 9,
            "element": "H",
            "charge": 0.16593326793507446,
            "dipole": [
                -0.0063809871831269575,
                0.003185058616941176,
                -0.04757288174711996
            ],
            "quadrupole": [
                [
                    -0.4548395415482094,
                    -0.46696536205488526,
                    0.0007035894850153382
                ],
                [
                    -0.46696536205488526,
                    -0.0013968379331733764,
                    -0.46746136167205377
                ],
                [
                    0.0007035894850153382,
                    -0.46746136167205377,
                    -0.003405157716643264
                ]
            ],
            "volume_eff": 2.569118213222052,
            "alpha_iso": 0.8199313446453358,
            "c6_ii": 0.21579595874357552,
            "c8_ii": 1.3273750430550761,
            "c10_ii": 11.268967945018005,
            "slater_b_init": 70.55671179937025
        },
        {
            "index": 10,
            "element": "H",
            "charge": 0.1471906040575398,
            "dipole": [
                0.00676205519537929,
                -0.008230773388443613,
                0.05215913054288061
            ],
            "quadrupole": [
                [
                    -0.4616538952275887,
                    -0.48148580325468043,
                    0.0006116789701956352
                ],
                [
                    -0.48148580325468043,
                    -0.004522557007842181,
                    -0.48097032941982243
                ],
                [
                    0.0006116789701956352,
                    -0.48097032941982243,
                    0.0009510899182599852
                ]
            ],
            "volume_eff": 2.6377817903004495,
            "alpha_iso": 0.8418452522235477,
            "c6_ii": 0.2274850511848709,
            "c8_ii": 1.424097493713854,
            "c10_ii": 12.304578358420832,
            "slater_b_init": 69.93910551510015
        },
        {
            "index": 11,
            "element": "H",
            "charge": 0.0689648917972806,
            "dipole": [
                -0.015293039304391862,
                0.048546555821062626,
                0.03557294309842198
            ],
            "quadrupole": [
                [
                    -0.5435708525781279,
                    -0.5580552721612085,
                    -0.003967387525003832
                ],
                [
                    -0.5580552721612085,
                    0.013845479498539565,
                    -0.5525476603771521
                ],
                [
                    -0.003967387525003832,
                    -0.5525476603771521,
                    -0.004583057687442047
                ]
            ],
            "volume_eff": 3.167985271400407,
            "alpha_iso": 1.0110591291703428,
            "c6_ii": 0.3281266003659998,
            "c8_ii": 2.320907454339849,
            "c10_ii": 22.65762386686769,
            "slater_b_init": 65.79688159190314
        },
        {
            "index": 12,
            "element": "H",
            "charge": 0.07159637361177884,
            "dipole": [
                0.00982706671837722,
                -0.01444819927158636,
                -0.05688750136664464
            ],
            "quadrupole": [
                [
                    -0.5437364609776698,
                    -0.5480918085945754,
                    -0.0008478507658458663
                ],
                [
                    -0.5480918085945754,
                    0.008774517452645467,
                    -0.5724907122568128
                ],
                [
                    -0.0008478507658458663,
                    -0.5724907122568128,
                    -0.005142839989261954
                ]
            ],
            "volume_eff": 3.217135125715583,
            "alpha_iso": 1.0267452528879522,
            "c6_ii": 0.3383870515126736,
            "c8_ii": 2.4181740324603425,
            "c10_ii": 23.850721712815453,
            "slater_b_init": 65.46008949457939
        },
        {
            "index": 13,
            "element": "H",
            "charge": 0.06264103942046717,
            "dipole": [
                0.003817014402185485,
                0.010024458199059014,
                -0.05584361098641077
            ],
            "quadrupole": [
                [
                    -0.5497764122105884,
                    -0.5708836756971267,
                    0.003093494172966845
                ],
                [
                    -0.5708836756971267,
                    -0.007710701645219999,
                    -0.5856116643728296
                ],
                [
                    0.003093494172966845,
                    -0.5856116643728296,
                    0.005246565159152516
                ]
            ],
            "volume_eff": 3.326913561378284,
            "alpha_iso": 1.0617809238441331,
            "c6_ii": 0.3618746541508867,
            "c8_ii": 2.644519616320239,
            "c10_ii": 26.673227841865046,
            "slater_b_init": 64.73202449056939
        },
        {
            "index": 14,
            "element": "H",
            "charge": 0.09528358942661574,
            "dipole": [
                -0.02127619386768966,
                -0.04929178257346541,
                0.02178043312417273
            ],
            "quadrupole": [
                [
                    -0.5101060250406828,
                    -0.5329632203583268,
                    0.0017835595959900497
                ],
                [
                    -0.5329632203583268,
                    -0.010077318775805776,
                    -0.5247353513292919
                ],
                [
                    0.0017835595959900497,
                    -0.5247353513292919,
                    0.005784139608326503
                ]
            ],
            "volume_eff": 2.969444233837135,
            "alpha_iso": 0.9476949682458943,
            "c6_ii": 0.288287278688929,
            "c8_ii": 1.9530043456636597,
            "c10_ii": 18.26085448421851,
            "slater_b_init": 67.23178434447478
        },
        {
            "index": 15,
            "element": "H",
            "charge": 0.10274100299756217,
            "dipole": [
                0.014279479074840984,
                0.04539738756741423,
                -0.0047023756659295025
            ],
            "quadrupole": [
                [
                    -0.5102193674610107,
                    -0.5273282346398783,
                    0.004835417697043689
                ],
                [
                    -0.5273282346398783,
                    -0.012413732491159997,
                    -0.5052191977192964
                ],
                [
                    0.004835417697043689,
                    -0.5052191977192964,
                    0.003848971090914514
                ]
            ],
            "volume_eff": 2.8996969751739066,
            "alpha_iso": 0.9254352048427362,
            "c6_ii": 0.27490355898049684,
            "c8_ii": 1.8330587650751942,
            "c10_ii": 16.869902347790863,
            "slater_b_init": 67.76656780903875
        },
        {
            "index": 16,
            "element": "H",
            "charge": 0.1429365161520959,
            "dipole": [
                -0.017774975054985223,
                0.0355958981184189,
                0.02332443407290243
            ],
            "quadrupole": [
                [
                    -0.4902700415351766,
                    -0.4952624837814347,
                    -0.0009733783835393094
                ],
                [
                    -0.4952624837814347,
                    0.005475551015185909,
                    -0.49145125470716355
                ],
                [
                    -0.0009733783835393094,
                    -0.49145125470716355,
                    0.006882186003513861
                ]
            ],
            "volume_eff": 2.782583168095064,
            "alpha_iso": 0.88805845790268,
            "c6_ii": 0.25314621532055115,
            "c8_ii": 1.642219318048718,
            "c10_ii": 14.703848840404783,
            "slater_b_init": 68.70425652321937
        },
        {
            "index": 17,
            "element": "H",
            "charge": 0.13798486187235093,
            "dipole": [
                -0.013548363773514132,
                -0.040471237734975365,
                0.013440510786620355
            ],
            "quadrupole": [
                [
                    -0.4941121996401472,
                    -0.5093035459246804,
                    0.0007655218733717094
                ],
                [
                    -0.5093035459246804,
                    -0.004885646957218021,
                    -0.49809697888074983
                ],
                [
                    0.0007655218733717094,
                    -0.49809697888074983,
                    0.005800933011829566
                ]
            ],
            "volume_eff": 2.85149230920186,
            "alpha_iso": 0.910050736979317,
            "c6_ii": 0.26583951778755,
            "c8_ii": 1.7529194456940411,
            "c10_ii": 15.953079600567293,
            "slater_b_init": 68.14630207219312
        },
        {
            "index": 18,
            "element": "H",
            "charge": 0.1323940151166505,
            "dipole": [
                0.010813069359433996,
                0.007610478369568796,
                -0.04457612703273351
            ],
            "quadrupole": [
                [
                    -0.4959975154132218,
                    -0.5053814837993295,
                    -0.0006263396699883562
                ],
                [
                    -0.5053814837993295,
                    0.0010096447604787688,
                    -0.5151881765556332
                ],
                [
                    -0.0006263396699883562,
                    -0.5151881765556332,
                    0.0011030608102377915
                ]
            ],
            "volume_eff": 2.881662907661308,
            "alpha_iso": 0.9196796513812684,
            "c6_ii": 0.2714947801269637,
            "c8_ii": 1.8028152243660254,
            "c10_ii": 16.522703321479383,
            "slater_b_init": 67.90763985924727
        },
        {
            "index": 19,
            "element": "H",
            "charge": 0.1321321710709482,
            "dipole": [
                -0.02767709217169552,
                0.0357061940817829,
                0.009710176398379771
            ],
            "quadrupole": [
                [
                    -0.510049352890728,
                    -0.5078475455001584,
                    -0.005868695215323221
                ],
                [
                    -0.5078475455001584,
                    0.0029929521557781635,
                    -0.49842300413899066
                ],
                [
                    -0.005868695215323221,
                    -0.49842300413899066,
                    0.003883094908609053
                ]
            ],
            "volume_eff": 2.8799305614586874,
            "alpha_iso": 0.9191267749336236,
            "c6_ii": 0.2711684535604566,
            "c8_ii": 1.799926581391205,
            "c10_ii": 16.489617132817504,
            "slater_b_init": 67.9212531460673
        },
        {
            "index": 20,
            "element": "H",
            "charge": 0.14232690429250772,
            "dipole": [
                0.047756524742719665,
                0.00325218255532897,
                0.010117445843463451
            ],
            "quadrupole": [
                [
                    -0.4986349176059736,
                    -0.4961464333511786,
                    -0.0017564672507097106
                ],
                [
                    -0.4961464333511786,
                    0.002624985012806693,
                    -0.48864125937455594
                ],
                [
                    -0.0017564672507097106,
                    -0.48864125937455594,
                    -0.004525454223912873
                ]
            ],
            "volume_eff": 2.7999268748951183,
            "alpha_iso": 0.8935936834771654,
            "c6_ii": 0.25631174629515435,
            "c8_ii": 1.6696569551177418,
            "c10_ii": 15.011571090491579,
            "slater_b_init": 68.56210336453297
        },
        {
            "index": 21,
            "element": "H",
            "charge": 0.1350820968410289,
            "dipole": [
                -0.01672919919822396,
                -0.041294733388288644,
                0.0030843520896787244
            ],
            "quadrupole": [
                [
                    -0.5054374779446474,
                    -0.5126025106414099,
                    0.002663371489563749
                ],
                [
                    -0.5126025106414099,
                    -0.004256372050056251,
                    -0.4937652074477575
                ],
                [
                    0.002663371489563749,
                    -0.4937652074477575,
                    0.0017105990672516276
                ]
            ],
            "volume_eff": 2.8758236068577565,
            "alpha_iso": 0.9178160447418371,
            "c6_ii": 0.2703955998965963,
            "c8_ii": 1.7930899028972698,
            "c10_ii": 16.411363500037847,
            "slater_b_init": 67.95357047581467
        }
    ]
}