{
    "molecule": "Phos_560",
    "atoms": [
        {
            "index": 0,
            "element": "C",
            "charge": -0.48678791999696003,
            "dipole": [
                -0.03870368849611657,
                0.035321846781974954,
                -0.003209599104474262
            ],
            "quadrupole": [
                [
                    -5.141162627669912,
                    -5.097547529148456,
                    0.034479449943553196
                ],
                [
                    -5.097547529148456,
                    -0.0022234007742754362,
                    -5.119151868735448
                ],
                [
                    0.034479449943553196,
                    -5.119151868735448,
                    -0.040118698710294866
                ]
            ],
            "volume_eff": 38.368893767392855,
            "alpha_iso": 12.053055633735973,
            "c6_ii": 47.01297635502046,
            "c8_ii": 1365.9753914734147,
            "c10_ii": 49725.87841266781,
            "slater_b_init": 34.94856965232166
        },
        {
            "index": 1,
            "element": "C",
            "charge": 0.13955393197724675,
            "dipole": [
                0.009309031842761108,
                0.08458174718937683,
                0.14799787438967918
            ],
            "quadrupole": [
                [
                    -4.125750363160493,
                    -4.038812845170979,
                    0.06307548166944822
                ],
                [
                    -4.038812845170979,
                    0.02926798193747282,
                    -4.055358650610645
                ],
                [
                    0.06307548166944822,
                    -4.055358650610645,
                    -0.08384366893791081
                ]
            ],
            "volume_eff": 29.195937402863894,
            "alpha_iso": 9.171498660585517,
            "c6_ii": 27.22099768014084,
            "c8_ii": 659.2112306791164,
            "c10_ii": 20001.364133873267,
            "slater_b_init": 38.2808604263035
        },
        {
            "index": 2,
            "element": "O",
            "charge": -0.5691992993989246,
            "dipole": [
                0.15304663045177092,
                -0.14843531588129377,
                0.06383357602022675
            ],
            "quadrupole": [
                [
                    -4.267242233256992,
                    -4.260203725555561,
                    0.017112855363318052
                ],
                [
                    -4.260203725555561,
                    0.011433827603131068,
                    -4.256611248481645
                ],
                [
                    0.017112855363318052,
                    -4.256611248481645,
                    -0.01768491955075681
                ]
            ],
            "volume_eff": 24.49917042055965,
            "alpha_iso": 7.309144766354813,
            "c6_ii": 28.580525259338078,
            "c8_ii": 1210.5644148813933,
            "c10_ii": 49375.91817332605,
            "slater_b_init": 33.44856234866504
        },
        {
            "index": 3,
            "element": "P",
            "charge": 1.7534495292306858,
            "dipole": [
                0.011519104602794277,
                -0.026384282384732803,
                -0.07588008727655492
            ],
            "quadrupole": [
                [
                    -6.252706052372442,
                    -6.283920569395162,
                    -0.04549878144753662
                ],
                [
                    -6.283920569395162,
                    -0.0049268673064728295,
                    -6.119747549840086
                ],
                [
                    -0.04549878144753662,
                    -6.119747549840086,
                    0.07496095477395699
                ]
            ],
            "volume_eff": 49.36983644973134,
            "alpha_iso": 18.988398634512052,
            "c6_ii": 106.7255476801292,
            "c8_ii": 3361.7100951323414,
            "c10_ii": 59967.92641286545,
            "slater_b_init": 36.168555361478745
        },
        {
            "index": 4,
            "element": "O",
            "charge": -0.8149200787505553,
            "dipole": [
                -0.12483477009336677,
                0.21693918947874866,
                0.25237710882659575
            ],
            "quadrupole": [
                [
                    -4.6858349505679735,
                    -4.691133422710094,
                    -0.024141033624630163
                ],
                [
                    -4.691133422710094,
                    -0.00279794516541749,
                    -4.698902249632632
                ],
                [
                    -0.024141033624630163,
                    -4.698902249632632,
                    0.01600911610614905
                ]
            ],
            "volume_eff": 27.82353338003294,
            "alpha_iso": 8.30094366034132,
            "c6_ii": 36.86311331185553,
            "c8_ii": 1699.6140411597214,
            "c10_ii": 75460.2419238084,
            "slater_b_init": 32.05953029881175
        },
        {
            "index": 5,
            "element": "O",
            "charge": -0.48889427442334643,
            "dipole": [
                0.01323806444695879,
                0.04936314260876184,
                -0.1616166290566316
            ],
            "quadrupole": [
                [
                    -4.049285033508633,
                    -4.0523756311686405,
                    0.009428206837471611
                ],
                [
                    -4.0523756311686405,
                    0.007050476396422057,
                    -4.114933974651333
                ],
                [
                    0.009428206837471611,
                    -4.114933974651333,
                    0.027481551995326932
                ]
            ],
            "volume_eff": 22.866923985369286,
            "alpha_iso": 6.822176216629511,
            "c6_ii": 24.89905960081026,
            "c8_ii": 1007.2521932306988,
            "c10_ii": 39237.65844808732,
            "slater_b_init": 34.22619862242567
        },
        {
            "index": 6,
            "element": "C",
            "charge": 0.6004231527066368,
            "dipole": [
                -0.1582616893107048,
                -0.10846216971029578,
                -0.07222456126528655
            ],
            "quadrupole": [
                [
                    -3.329646184644821,
                    -3.319901827335167,
                    0.0058527063219438605
                ],
                [
                    -3.319901827335167,
                    -0.11486705693512549,
                    -3.2169276980715638
                ],
                [
                    0.0058527063219438605,
                    -3.2169276980715638,
                    0.01662625883236781
                ]
            ],
            "volume_eff": 22.28961772116445,
            "alpha_iso": 7.001974153245377,
            "c6_ii": 15.865889716601252,
            "c8_ii": 320.95079405423604,
            "c10_ii": 8134.426465587753,
            "slater_b_init": 41.88465654792804
        },
        {
            "index": 7,
            "element": "N",
            "charge": -0.4963603973645281,
            "dipole": [
                0.1384583905966533,
                0.13383000340419196,
                0.04082063276919134
            ],
            "quadrupole": [
                [
                    -4.830185786548363,
                    -4.785615013341395,
                    -0.03781402022966165
                ],
                [
                    -4.785615013341395,
                    -0.16388030075256557,
                    -4.608256738866273
                ],
                [
                    -0.03781402022966165,
                    -4.608256738866273,
                    -0.03885142338878892
                ]
            ],
            "volume_eff": 31.023204802025628,
            "alpha_iso": 9.038256517125578,
            "c6_ii": 36.10116795176377,
            "c8_ii": 1295.4523434838143,
            "c10_ii": 50638.771235192435,
            "slater_b_init": 33.67840534366639
        },
        {
            "index": 8,
            "element": "O",
            "charge": -0.5771231174900038,
            "dipole": [
                -0.15828760621007304,
                -0.12159201385601374,
                -0.05095475431174333
            ],
            "quadrupole": [
                [
                    -4.252002884436368,
                    -4.271616968665143,
                    -0.03761770828873792
                ],
                [
                    -4.271616968665143,
                    0.0028735305282933665,
                    -4.280519753355292
                ],
                [
                    -0.03761770828873792,
                    -4.280519753355292,
                    -0.026003656809624368
                ]
            ],
            "volume_eff": 24.541835151878093,
            "alpha_iso": 7.321873470726061,
            "c6_ii": 28.68015656696243,
            "c8_ii": 1216.1943620574884,
            "c10_ii": 49663.124312321095,
            "slater_b_init": 33.42916823134795
        },
        {
            "index": 9,
            "element": "C",
            "charge": 0.13208435789358397,
            "dipole": [
                0.057193738826584184,
                0.018664280924231193,
                -0.16021543773419117
            ],
            "quadrupole": [
                [
                    -4.08980872213688,
                    -4.1181895049244215,
                    -0.09401850331486736
                ],
                [
                    -4.1181895049244215,
                    -0.023761029755144443,
                    -4.071745427157623
                ],
                [
                    -0.09401850331486736,
                    -4.071745427157623,
                    -0.06671019107546504
                ]
            ],
            "volume_eff": 29.394904255365287,
            "alpha_iso": 9.234001336763964,
            "c6_ii": 27.593277639103565,
            "c8_ii": 671.259225125065,
            "c10_ii": 20459.3439495944,
            "slater_b_init": 38.19429358270044
        },
        {
            "index": 10,
            "element": "C",
            "charge": -0.48627847933164325,
            "dipole": [
                0.03205607190763021,
                0.04064532901644941,
                0.007112984867461557
            ],
            "quadrupole": [
                [
                    -5.130690076318197,
                    -5.131114341310984,
                    -0.04195724669452769
                ],
                [
                    -5.131114341310984,
                    -0.0006744452267567886,
                    -5.13794046716084
                ],
                [
                    -0.04195724669452769,
                    -5.13794046716084,
                    -0.03731486881226332
                ]
            ],
            "volume_eff": 38.572812677620064,
            "alpha_iso": 12.117113930142429,
            "c6_ii": 47.51402340150007,
            "c8_ii": 1385.4205414329797,
            "c10_ii": 50612.279489748275,
            "slater_b_init": 34.88687447226325
        },
        {
            "index": 11,
            "element": "H",
            "charge": 0.1542028432228154,
            "dipole": [
                -0.017800195610130517,
                -0.012289839062338478,
                0.0420048169959289
            ],
            "quadrupole": [
                [
                    -0.4707748677168498,
                    -0.47958168483943037,
                    0.0015730993836390642
                ],
                [
                    -0.47958168483943037,
                    -0.004702267185373248,
                    -0.4845997908870311
                ],
                [
                    0.0015730993836390642,
                    -0.4845997908870311,
                    0.002626373986133882
                ]
            ],
            "volume_eff": 2.6748484093463487,
            "alpha_iso": 0.8536750242594731,
            "c6_ii": 0.23392329905129267,
            "c8_ii": 1.4780888644535195,
            "c10_ii": 12.890440692944688,
            "slater_b_init": 69.6145420810723
        },
        {
            "index": 12,
            "element": "H",
            "charge": 0.15964248857022556,
            "dipole": [
                0.02877097104074478,
                0.03723269954656572,
                0.009169350255231967
            ],
            "quadrupole": [
                [
                    -0.47266862766030426,
                    -0.46966272980381274,
                    -0.0037500067167509712
                ],
                [
                    -0.46966272980381274,
                    -0.006682255538840355,
                    -0.47243717809794766
                ],
                [
                    -0.0037500067167509712,
                    -0.47243717809794766,
                    0.001428281489069126
                ]
            ],
            "volume_eff": 2.6250053851231243,
            "alpha_iso": 0.8377676761031249,
            "c6_ii": 0.22528668712597513,
            "c8_ii": 1.4057775704988489,
            "c10_ii": 12.107036336967937,
            "slater_b_init": 70.05239093743188
        },
        {
            "index": 13,
            "element": "H",
            "charge": 0.15495063846946344,
            "dipole": [
                0.01579059186387135,
                -0.03381929012674998,
                -0.029873761863329705
            ],
            "quadrupole": [
                [
                    -0.4768880112695833,
                    -0.48355207430685365,
                    -0.0033137541812791687
                ],
                [
                    -0.48355207430685365,
                    -0.0013912674682342507,
                    -0.478426716996931
                ],
                [
                    -0.0033137541812791687,
                    -0.478426716996931,
                    0.005998140520313528
                ]
            ],
            "volume_eff": 2.6859302546760704,
            "alpha_iso": 0.8572117834072565,
            "c6_ii": 0.23586559360393186,
            "c8_ii": 1.4944751445785092,
            "c10_ii": 13.069318871513783,
            "slater_b_init": 69.51866952348777
        },
        {
            "index": 14,
            "element": "H",
            "charge": 0.08482787741753361,
            "dipole": [
                0.03369196374965561,
                0.029070593040857295,
                -0.05283165965224002
            ],
            "quadrupole": [
                [
                    -0.5238003676883147,
                    -0.5141086250934318,
                    0.00653787826739455
                ],
                [
                    -0.5141086250934318,
                    -0.007241644167114556,
                    -0.5271040409816355
                ],
                [
                    0.00653787826739455,
                    -0.5271040409816355,
                    -0.002368019117070666
                ]
            ],
            "volume_eff": 2.9212425812872436,
            "alpha_iso": 0.9323114621129501,
            "c6_ii": 0.27900396570452907,
            "c8_ii": 1.8696044792635256,
            "c10_ii": 17.291364210972286,
            "slater_b_init": 67.59955256337614
        },
        {
            "index": 15,
            "element": "H",
            "charge": 0.08533411566740079,
            "dipole": [
                -0.04641497388236338,
                -0.050415560088653485,
                0.003383934460390971
            ],
            "quadrupole": [
                [
                    -0.5208458206499216,
                    -0.5223210910623229,
                    0.006408265434966191
                ],
                [
                    -0.5223210910623229,
                    -0.009153824902975836,
                    -0.52537849415217
                ],
                [
                    0.006408265434966191,
                    -0.52537849415217,
                    -0.0072177361372380185
                ]
            ],
            "volume_eff": 2.9356223891541626,
            "alpha_iso": 0.9369007624960093,
            "c6_ii": 0.2817575186161197,
            "c8_ii": 1.8942469210973465,
            "c10_ii": 17.57671946501516,
            "slater_b_init": 67.48899564440909
        },
        {
            "index": 16,
            "element": "H",
            "charge": 0.08809019243161054,
            "dipole": [
                0.03557493567178472,
                -0.03767205485281526,
                0.043527832744685295
            ],
            "quadrupole": [
                [
                    -0.5148849753249651,
                    -0.5223528002833294,
                    -0.002728208138524844
                ],
                [
                    -0.5223528002833294,
                    0.008939016642961824,
                    -0.5230753197027485
                ],
                [
                    -0.002728208138524844,
                    -0.5230753197027485,
                    -0.0070981872729180325
                ]
            ],
            "volume_eff": 2.9166450732206304,
            "alpha_iso": 0.9308441723044566,
            "c6_ii": 0.27812645309805417,
            "c8_ii": 1.8617683139205083,
            "c10_ii": 17.200819040845012,
            "slater_b_init": 67.63505297841851
        },
        {
            "index": 17,
            "element": "H",
            "charge": 0.10628221066470067,
            "dipole": [
                -0.04589001552999048,
                0.04904577802731072,
                0.01445616738734019
            ],
            "quadrupole": [
                [
                    -0.4997973950919902,
                    -0.4995507928165897,
                    -0.006741883568377082
                ],
                [
                    -0.4995507928165897,
                    0.008197393886683207,
                    -0.5004260149307996
                ],
                [
                    -0.006741883568377082,
                    -0.5004260149307996,
                    -0.005072270928457798
                ]
            ],
            "volume_eff": 2.772805773800186,
            "alpha_iso": 0.8849380129149531,
            "c6_ii": 0.2513703389413396,
            "c8_ii": 1.6268765996282628,
            "c10_ii": 14.532333278962888,
            "slater_b_init": 68.78491616742599
        },
        {
            "index": 18,
            "element": "H",
            "charge": 0.14387284460174454,
            "dipole": [
                0.03158643655398519,
                -0.026851851485974305,
                -0.0190150847689638
            ],
            "quadrupole": [
                [
                    -0.4910760917976858,
                    -0.4931072557870405,
                    -0.00034340650055595556
                ],
                [
                    -0.4931072557870405,
                    0.007035120168614035,
                    -0.4936346920184504
                ],
                [
                    -0.00034340650055595556,
                    -0.4936346920184504,
                    0.005000377922295653
                ]
            ],
            "volume_eff": 2.787002131969416,
            "alpha_iso": 0.889468765522154,
            "c6_ii": 0.25395088649169284,
            "c8_ii": 1.649183125494423,
            "c10_ii": 14.781829434198226,
            "slater_b_init": 68.66792570197543
        },
        {
            "index": 19,
            "element": "H",
            "charge": 0.1592572447373226,
            "dipole": [
                -0.02945368626101735,
                -0.018994314910743652,
                0.03248980038649697
            ],
            "quadrupole": [
                [
                    -0.47626559667531293,
                    -0.4739951835739529,
                    0.00611389175616323
                ],
                [
                    -0.4739951835739529,
                    0.0012766109412335484,
                    -0.4722225239582765
                ],
                [
                    0.00611389175616323,
                    -0.4722225239582765,
                    0.003965397266599984
                ]
            ],
            "volume_eff": 2.6452911887094364,
            "alpha_iso": 0.8442418687370542,
            "c6_ii": 0.22878213155733912,
            "c8_ii": 1.4349343790500337,
            "c10_ii": 12.421731416655527,
            "slater_b_init": 69.87286222571201
        },
        {
            "index": 20,
            "element": "H",
            "charge": 0.15654161623298468,
            "dipole": [
                -0.018697753196141788,
                0.02574277464615934,
                -0.03469307760793364
            ],
            "quadrupole": [
                [
                    -0.4767286848457906,
                    -0.4683119896097878,
                    0.0037210562873332244
                ],
                [
                    -0.4683119896097878,
                    0.004712849705000089,
                    -0.48099517784898593
                ],
                [
                    0.0037210562873332244,
                    -0.48099517784898593,
                    -0.0013781630196479768
                ]
            ],
            "volume_eff": 2.653051636978204,
            "alpha_iso": 0.8467186075462353,
            "c6_ii": 0.23012644949988798,
            "c8_ii": 1.4461875580278605,
            "c10_ii": 12.543619157258705,
            "slater_b_init": 69.80466725943901
        }
    ]
}