{
    "molecule": "Est_329",
    "atoms": [
        {
            "index": 0,
            "element": "C",
            "charge": -0.23536284181750844,
            "dipole": [
                0.005550895306246183,
                -0.0023335805975682276,
                0.0033674998564407217
            ],
            "quadrupole": [
                [
                    -4.882835474424006,
                    -4.671791475575643,
                    0.0982234107758245
                ],
                [
                    -4.671791475575643,
                    0.010193204128489279,
                    -4.695221901002519
                ],
                [
                    0.0982234107758245,
                    -4.695221901002519,
                    -0.03670254530954469
                ]
            ],
            "volume_eff": 35.25531022202085,
            "alpha_iso": 11.074966561891367,
            "c6_ii": 39.692483406741346,
            "c8_ii": 1090.0093972206187,
            "c10_ii": 37503.057179186784,
            "slater_b_init": 35.94851751333229
        },
        {
            "index": 1,
            "element": "C",
            "charge": -0.35238478286471064,
            "dipole": [
                -0.006328806233582479,
                0.018616941666806396,
                -0.021478598650476424
            ],
            "quadrupole": [
                [
                    -5.0598845480555115,
                    -4.854288698314976,
                    0.11040036604914007
                ],
                [
                    -4.854288698314976,
                    -0.015242051062802481,
                    -4.876281913330668
                ],
                [
                    0.11040036604914007,
                    -4.876281913330668,
                    -0.010185254140026684
                ]
            ],
            "volume_eff": 36.85445315423415,
            "alpha_iso": 11.57731512698455,
            "c6_ii": 43.37496465699268,
            "c8_ii": 1226.8874522097826,
            "c10_ii": 43479.5234491506,
            "slater_b_init": 35.42086598529716
        },
        {
            "index": 2,
            "element": "C",
            "charge": 0.7893500251214434,
            "dipole": [
                -0.06602439509129059,
                -0.01991265211534798,
                0.016577035357621412
            ],
            "quadrupole": [
                [
                    -3.1384747175017207,
                    -3.0566526973422,
                    0.14064766907965942
                ],
                [
                    -3.0566526973422,
                    -0.03284797186621243,
                    -3.0788273120158722
                ],
                [
                    0.14064766907965942,
                    -3.0788273120158722,
                    0.01935267983492731
                ]
            ],
            "volume_eff": 20.96471162512519,
            "alpha_iso": 6.585773285379641,
            "c6_ii": 14.035793716077631,
            "c8_ii": 272.5640133000232,
            "c10_ii": 6631.541831658307,
            "slater_b_init": 42.74902372179307
        },
        {
            "index": 3,
            "element": "O",
            "charge": -0.5790470268831278,
            "dipole": [
                0.036230722964599685,
                -0.07089132872099406,
                0.07974164054631996
            ],
            "quadrupole": [
                [
                    -4.4312469510581085,
                    -4.330738479124157,
                    0.07058197900023801
                ],
                [
                    -4.330738479124157,
                    -0.01628486876658966,
                    -4.3390577130635615
                ],
                [
                    0.07058197900023801,
                    -4.3390577130635615,
                    0.004776121882842384
                ]
            ],
            "volume_eff": 25.567509080702532,
            "alpha_iso": 7.6278756373366665,
            "c6_ii": 31.12750319352943,
            "c8_ii": 1356.5006633802975,
            "c10_ii": 56925.298738617115,
            "slater_b_init": 32.97603555799974
        },
        {
            "index": 4,
            "element": "O",
            "charge": -0.38886745510160914,
            "dipole": [
                -0.09116306463039445,
                -0.019006122561156028,
                0.014095767310444879
            ],
            "quadrupole": [
                [
                    -4.001885483850138,
                    -4.0611009972670775,
                    0.032390103923553785
                ],
                [
                    -4.0611009972670775,
                    0.006053829223156719,
                    -4.066710087753128
                ],
                [
                    0.032390103923553785,
                    -4.066710087753128,
                    -0.0021342108910992275
                ]
            ],
            "volume_eff": 22.96241042614126,
            "alpha_iso": 6.850663884042144,
            "c6_ii": 25.107438003191444,
            "c8_ii": 1018.5073341645997,
            "c10_ii": 39786.4789295827,
            "slater_b_init": 34.17869085683504
        },
        {
            "index": 5,
            "element": "C",
            "charge": 0.09512113190380767,
            "dipole": [
                0.06388435308584749,
                0.0967053551794506,
                -0.1003933194218377
            ],
            "quadrupole": [
                [
                    -4.146168694131234,
                    -4.149515437738346,
                    0.028373427425834333
                ],
                [
                    -4.149515437738346,
                    0.07475033055906044,
                    -4.170813116406041
                ],
                [
                    0.028373427425834333,
                    -4.170813116406041,
                    -0.08471309574271833
                ]
            ],
            "volume_eff": 29.976225801421016,
            "alpha_iso": 9.416615435001365,
            "c6_ii": 28.695453578353455,
            "c8_ii": 707.2451936580412,
            "c10_ii": 21839.433824331518,
            "slater_b_init": 37.94578265291278
        },
        {
            "index": 6,
            "element": "C",
            "charge": -0.49225728136967994,
            "dipole": [
                0.04683693098763999,
                -0.009608944174563377,
                0.01325134147709787
            ],
            "quadrupole": [
                [
                    -5.173487457502243,
                    -5.158907209912552,
                    0.016315899430363268
                ],
                [
                    -5.158907209912552,
                    0.03637958938287365,
                    -5.172204287246081
                ],
                [
                    0.016315899430363268,
                    -5.172204287246081,
                    -0.04579850780216519
                ]
            ],
            "volume_eff": 38.991932829550485,
            "alpha_iso": 12.248774710853557,
            "c6_ii": 48.55217817599753,
            "c8_ii": 1425.927694195322,
            "c10_ii": 52468.75380330133,
            "slater_b_init": 34.76142547519167
        },
        {
            "index": 7,
            "element": "H",
            "charge": 0.15794856575675276,
            "dipole": [
                0.03481687014926122,
                0.03111093819875719,
                -0.03130889775262011
            ],
            "quadrupole": [
                [
                    -0.4613486397389278,
                    -0.4657415656682992,
                    -0.0030330171561675726
                ],
                [
                    -0.4657415656682992,
                    -0.0021926733893360673,
                    -0.4648059665240866
                ],
                [
                    -0.0030330171561675726,
                    -0.4648059665240866,
                    0.0030366528629989687
                ]
            ],
            "volume_eff": 2.553774148875666,
            "alpha_iso": 0.8150343028326594,
            "c6_ii": 0.21322597264989998,
            "c8_ii": 1.3063394543739641,
            "c10_ii": 11.046180570342543,
            "slater_b_init": 70.69774040925279
        },
        {
            "index": 8,
            "element": "H",
            "charge": 0.17718099544855526,
            "dipole": [
                0.007095887572443726,
                -0.037933098948954136,
                0.04221819729877267
            ],
            "quadrupole": [
                [
                    -0.44555957896184695,
                    -0.45217813805297385,
                    0.00039108081216547336
                ],
                [
                    -0.45217813805297385,
                    -0.0018618779324485859,
                    -0.45165872718173167
                ],
                [
                    0.00039108081216547336,
                    -0.45165872718173167,
                    0.0025573964936518767
                ]
            ],
            "volume_eff": 2.4702556242769647,
            "alpha_iso": 0.7883794545564782,
            "c6_ii": 0.19950736140167924,
            "c8_ii": 1.195495111711863,
            "c10_ii": 9.887280142742489,
            "slater_b_init": 71.4856817410996
        },
        {
            "index": 9,
            "element": "H",
            "charge": 0.1853171621584302,
            "dipole": [
                -0.010448313396358891,
                0.031975276695151086,
                -0.03594495815969471
            ],
            "quadrupole": [
                [
                    -0.428573252507013,
                    -0.4404364052096242,
                    -0.0018902691214252555
                ],
                [
                    -0.4404364052096242,
                    0.0033488843192553083,
                    -0.44029095529443496
                ],
                [
                    -0.0018902691214252555,
                    -0.44029095529443496,
                    -0.0025139024432711344
                ]
            ],
            "volume_eff": 2.373896781426805,
            "alpha_iso": 0.757626632370257,
            "c6_ii": 0.18424630822214946,
            "c8_ii": 1.075146464024798,
            "c10_ii": 8.659177105460161,
            "slater_b_init": 72.44010731261733
        },
        {
            "index": 10,
            "element": "H",
            "charge": 0.09426328321512345,
            "dipole": [
                -0.0014935994451406288,
                -0.0627480481711432,
                -0.01962771924133084
            ],
            "quadrupole": [
                [
                    -0.5093919920828547,
                    -0.5308280282131173,
                    -0.0011914915633375524
                ],
                [
                    -0.5308280282131173,
                    0.006932582971679279,
                    -0.5227467919840384
                ],
                [
                    -0.0011914915633375524,
                    -0.5227467919840384,
                    -0.006665362275858643
                ]
            ],
            "volume_eff": 2.943093958865398,
            "alpha_iso": 0.9392853060208718,
            "c6_ii": 0.2831935683799357,
            "c8_ii": 1.907130533329085,
            "c10_ii": 17.726280112120484,
            "slater_b_init": 67.4318362905582
        },
        {
            "index": 11,
            "element": "H",
            "charge": 0.09404710388035475,
            "dipole": [
                -0.00798577531817888,
                0.025350534941286324,
                0.060416937170069455
            ],
            "quadrupole": [
                [
                    -0.5094819096585014,
                    -0.5224034109994629,
                    -0.002413942557894043
                ],
                [
                    -0.5224034109994629,
                    0.007074747360758223,
                    -0.5317861969788857
                ],
                [
                    -0.002413942557894043,
                    -0.5317861969788857,
                    -0.006148629161512228
                ]
            ],
            "volume_eff": 2.944145236652453,
            "alpha_iso": 0.9396208202082297,
            "c6_ii": 0.2833959188887462,
            "c8_ii": 1.908947687515588,
            "c10_ii": 17.747395092913052,
            "slater_b_init": 67.42380928269246
        },
        {
            "index": 12,
            "element": "H",
            "charge": 0.15482737398420232,
            "dipole": [
                -0.03543792256902926,
                -0.022041477871769695,
                0.02133529609662675
            ],
            "quadrupole": [
                [
                    -0.48070131743763905,
                    -0.47893172518982696,
                    -0.0027907412180970185
                ],
                [
                    -0.47893172518982696,
                    -0.0048542081705698036,
                    -0.47770210814820846
                ],
                [
                    -0.0027907412180970185,
                    -0.47770210814820846,
                    0.005520049844392609
                ]
            ],
            "volume_eff": 2.6820901872891567,
            "alpha_iso": 0.8559862299859011,
            "c6_ii": 0.23519164288965894,
            "c8_ii": 1.488784205001874,
            "c10_ii": 13.007138791654615,
            "slater_b_init": 69.55183135546758
        },
        {
            "index": 13,
            "element": "H",
            "charge": 0.14877976629565537,
            "dipole": [
                0.0056528916287907575,
                0.04553741492963141,
                0.006213725172992655
            ],
            "quadrupole": [
                [
                    -0.4788500403210083,
                    -0.4939979006887842,
                    0.0004062270174495543
                ],
                [
                    -0.4939979006887842,
                    0.0006033870310126642,
                    -0.4833443242461033
                ],
                [
                    0.0004062270174495543,
                    -0.4833443242461033,
                    0.0048282767270819175
                ]
            ],
            "volume_eff": 2.7296726580670847,
            "alpha_iso": 0.871172124915027,
            "c6_ii": 0.24361065002411175,
            "c8_ii": 1.5602622426265325,
            "c10_ii": 13.792375816723704,
            "slater_b_init": 69.14532766598664
        },
        {
            "index": 14,
            "element": "H",
            "charge": 0.1482935755624044,
            "dipole": [
                0.009746927591427347,
                -0.010133390667985407,
                -0.044610194205183015
            ],
            "quadrupole": [
                [
                    -0.4785647940013625,
                    -0.48493919456375734,
                    -0.0013124098163346646
                ],
                [
                    -0.48493919456375734,
                    -0.004537739953212864,
                    -0.4949371205901045
                ],
                [
                    -0.0013124098163346646,
                    -0.4949371205901045,
                    0.0008816851875536857
                ]
            ],
            "volume_eff": 2.735075553610621,
            "alpha_iso": 0.8728964532799854,
            "c6_ii": 0.24457597125763236,
            "c8_ii": 1.5685111874182938,
            "c10_ii": 13.883584551030145,
            "slater_b_init": 69.09976752938357
        }
    ]
}