{
    "molecule": "LCarb_40",
    "atoms": [
        {
            "index": 0,
            "element": "C",
            "charge": -0.4093573445834773,
            "dipole": [
                -0.05218990972037184,
                -0.07365922564315684,
                -0.0019538272356018896
            ],
            "quadrupole": [
                [
                    -5.024089912259889,
                    -5.096874550834311,
                    -0.0034707599907861215
                ],
                [
                    -5.096874550834311,
                    -0.036515875239007616,
                    -5.019788025490237
                ],
                [
                    -0.0034707599907861215,
                    -5.019788025490237,
                    -0.0001677330760299661
                ]
            ],
            "volume_eff": 38.03977632857578,
            "alpha_iso": 11.949667956620665,
            "c6_ii": 46.209907605169995,
            "c8_ii": 1334.9531151638162,
            "c10_ii": 48318.271059486644,
            "slater_b_init": 35.04907120926871
        },
        {
            "index": 1,
            "element": "C",
            "charge": -0.24303845082662612,
            "dipole": [
                0.006853186945838267,
                0.08408909675433486,
                0.021824697281238297
            ],
            "quadrupole": [
                [
                    -4.681556175557013,
                    -4.745892565431804,
                    -0.03885092977683427
                ],
                [
                    -4.745892565431804,
                    -0.04500578580644414,
                    -4.699710071015962
                ],
                [
                    -0.03885092977683427,
                    -4.699710071015962,
                    0.03682773306190908
                ]
            ],
            "volume_eff": 34.84465886430311,
            "alpha_iso": 10.945966135383177,
            "c6_ii": 38.773198181125814,
            "c8_ii": 1056.4802423130086,
            "c10_ii": 36066.632433360035,
            "slater_b_init": 36.089186532922
        },
        {
            "index": 2,
            "element": "C",
            "charge": 0.06994282212339797,
            "dipole": [
                -0.04940621683977708,
                0.1306834732076849,
                -0.08885634036890913
            ],
            "quadrupole": [
                [
                    -4.221431903278728,
                    -4.154073747944816,
                    -0.017906965386047562
                ],
                [
                    -4.154073747944816,
                    -0.0368665548857486,
                    -4.257280956013252
                ],
                [
                    -0.017906965386047562,
                    -4.257280956013252,
                    0.07836034193478095
                ]
            ],
            "volume_eff": 30.563853275113832,
            "alpha_iso": 9.601210452915339,
            "c6_ii": 29.8315214216011,
            "c8_ii": 744.8230079894764,
            "c10_ii": 23299.426115974802,
            "slater_b_init": 37.701022582683095
        },
        {
            "index": 3,
            "element": "O",
            "charge": -0.4180935373468859,
            "dipole": [
                0.09735266724151065,
                -0.04421353542665779,
                -0.01129732816664138
            ],
            "quadrupole": [
                [
                    -4.031824529840852,
                    -4.0951396280290835,
                    0.01841882951406533
                ],
                [
                    -4.0951396280290835,
                    -0.03227793235530332,
                    -4.116328897263117
                ],
                [
                    0.01841882951406533,
                    -4.116328897263117,
                    -0.0012804874981532173
                ]
            ],
            "volume_eff": 23.272067080694715,
            "alpha_iso": 6.943047637334335,
            "c6_ii": 25.789170223284792,
            "c8_ii": 1055.546703338871,
            "c10_ii": 41603.236962210234,
            "slater_b_init": 34.026420311848156
        },
        {
            "index": 4,
            "element": "C",
            "charge": 0.9917358958309723,
            "dipole": [
                0.008234436035859731,
                0.02416966181269384,
                -0.02964380586492581
            ],
            "quadrupole": [
                [
                    -2.876490389843758,
                    -2.8592086062885778,
                    0.06747396820576687
                ],
                [
                    -2.8592086062885778,
                    0.03401254310974319,
                    -2.8872851865970324
                ],
                [
                    0.06747396820576687,
                    -2.8872851865970324,
                    0.03889691931064466
                ]
            ],
            "volume_eff": 19.427487425774935,
            "alpha_iso": 6.102875631133488,
            "c6_ii": 12.052925271939346,
            "c8_ii": 222.4722419996512,
            "c10_ii": 5144.861153714822,
            "slater_b_init": 43.84805022041077
        },
        {
            "index": 5,
            "element": "O",
            "charge": -0.6559507711999615,
            "dipole": [
                -0.03792152326372165,
                -0.09378711246245819,
                0.12280678668750374
            ],
            "quadrupole": [
                [
                    -4.48772383853088,
                    -4.454802753683475,
                    0.0316112969254501
                ],
                [
                    -4.454802753683475,
                    0.040444471402681925,
                    -4.4515855633255885
                ],
                [
                    0.0316112969254501,
                    -4.4515855633255885,
                    0.029002709282633522
                ]
            ],
            "volume_eff": 26.290068777830292,
            "alpha_iso": 7.843445933717325,
            "c6_ii": 32.91174376530489,
            "c8_ii": 1461.152300691215,
            "c10_ii": 62466.85815143134,
            "slater_b_init": 32.6711189068283
        },
        {
            "index": 6,
            "element": "O",
            "charge": -0.418799636533171,
            "dipole": [
                -0.0990579981389464,
                0.035385772806099204,
                0.007458545830064004
            ],
            "quadrupole": [
                [
                    -4.0343348941761725,
                    -4.096631699396094,
                    0.01592193423336299
                ],
                [
                    -4.096631699396094,
                    -0.017772959027140357,
                    -4.114249029366018
                ],
                [
                    0.01592193423336299,
                    -4.114249029366018,
                    0.0008986816824037406
                ]
            ],
            "volume_eff": 23.27507752010328,
            "alpha_iso": 6.9439457794783275,
            "c6_ii": 25.795842750961036,
            "c8_ii": 1055.9108597259903,
            "c10_ii": 41621.17877579224,
            "slater_b_init": 34.02495323627172
        },
        {
            "index": 7,
            "element": "C",
            "charge": 0.049127415694293575,
            "dipole": [
                0.10890119001586623,
                -0.04894951711724865,
                -0.09880369502887534
            ],
            "quadrupole": [
                [
                    -4.176969175323166,
                    -4.235198126539346,
                    -0.021924819688420378
                ],
                [
                    -4.235198126539346,
                    -0.018669037652369203,
                    -4.293169968662646
                ],
                [
                    -0.021924819688420378,
                    -4.293169968662646,
                    -0.08782256657760797
                ]
            ],
            "volume_eff": 30.758633968357355,
            "alpha_iso": 9.662398105243147,
            "c6_ii": 30.21296021472234,
            "c8_ii": 757.5481663223128,
            "c10_ii": 23798.067035958535,
            "slater_b_init": 37.62127275832082
        },
        {
            "index": 8,
            "element": "C",
            "charge": -0.045971262353066145,
            "dipole": [
                -0.03228833894391985,
                -0.04547901224402416,
                0.014424407466354112
            ],
            "quadrupole": [
                [
                    -4.380751152645813,
                    -4.399096080960228,
                    -0.0193456122145094
                ],
                [
                    -4.399096080960228,
                    -0.004711306428719924,
                    -4.37497875734938
                ],
                [
                    -0.0193456122145094,
                    -4.37497875734938,
                    -0.009589155068239971
                ]
            ],
            "volume_eff": 32.02334247175258,
            "alpha_iso": 10.059688734581961,
            "c6_ii": 32.748582809368514,
            "c8_ii": 843.4821450954842,
            "c10_ii": 27219.098468085765,
            "slater_b_init": 37.11934282350995
        },
        {
            "index": 9,
            "element": "C",
            "charge": -0.4509140219890666,
            "dipole": [
                0.057034532331286095,
                -0.03185057815978551,
                -0.024764287632532495
            ],
            "quadrupole": [
                [
                    -5.209217138774628,
                    -5.1267780030323085,
                    -0.011484316561183084
                ],
                [
                    -5.1267780030323085,
                    0.0068956555599282,
                    -5.1534430307265024
                ],
                [
                    -0.011484316561183084,
                    -5.1534430307265024,
                    0.032385066547270545
                ]
            ],
            "volume_eff": 39.321259087858266,
            "alpha_iso": 12.352227985714638,
            "c6_ii": 49.375786023860776,
            "c8_ii": 1458.2698921873418,
            "c10_ii": 53960.536139889606,
            "slater_b_init": 34.66410781027589
        },
        {
            "index": 10,
            "element": "C",
            "charge": -0.44603085075041626,
            "dipole": [
                -0.0063605601564097666,
                0.07278895868805074,
                0.01629243513132854
            ],
            "quadrupole": [
                [
                    -5.1077347962682715,
                    -5.19188140607263,
                    -0.005129845799155682
                ],
                [
                    -5.19188140607263,
                    -0.007525886652064756,
                    -5.121187887701654
                ],
                [
                    -0.005129845799155682,
                    -5.121187887701654,
                    -0.0017350650527418016
                ]
            ],
            "volume_eff": 39.057210271203715,
            "alpha_iso": 12.269280713467133,
            "c6_ii": 48.71487926336748,
            "c8_ii": 1432.302402063394,
            "c10_ii": 52762.12393799168,
            "slater_b_init": 34.74204875199884
        },
        {
            "index": 11,
            "element": "H",
            "charge": 0.12972034638016838,
            "dipole": [
                0.03610526345198143,
                -0.011466518077387125,
                -0.03083940108118965
            ],
            "quadrupole": [
                [
                    -0.511113506625849,
                    -0.49800177609660873,
                    0.003485335998931391
                ],
                [
                    -0.49800177609660873,
                    0.001875470509748596,
                    -0.5075616325033816
                ],
                [
                    0.003485335998931391,
                    -0.5075616325033816,
                    0.003250276354683457
                ]
            ],
            "volume_eff": 2.869713291181223,
            "alpha_iso": 0.9158659439940074,
            "c6_ii": 0.26924779150085054,
            "c8_ii": 1.7829483859311024,
            "c10_ii": 16.295419587876964,
            "slater_b_init": 68.00176616334896
        },
        {
            "index": 12,
            "element": "H",
            "charge": 0.1435982835160985,
            "dipole": [
                -0.03633337235785222,
                0.029994244283604393,
                -0.0167233238298938
            ],
            "quadrupole": [
                [
                    -0.4899613944072808,
                    -0.4900467008571083,
                    0.0018871129729937607
                ],
                [
                    -0.4900467008571083,
                    0.008013760130484002,
                    -0.4912536588314999
                ],
                [
                    0.0018871129729937607,
                    -0.4912536588314999,
                    0.0015145160859204435
                ]
            ],
            "volume_eff": 2.765879802771188,
            "alpha_iso": 0.8827275966291026,
            "c6_ii": 0.2501161513100665,
            "c8_ii": 1.616062754759999,
            "c10_ii": 14.411688289826131,
            "slater_b_init": 68.84228251179943
        },
        {
            "index": 13,
            "element": "H",
            "charge": 0.12593831818507284,
            "dipole": [
                0.009803829644858963,
                0.00010312181567773005,
                0.046106141672620816
            ],
            "quadrupole": [
                [
                    -0.5116258201370585,
                    -0.5044906986893583,
                    -0.004347456565472201
                ],
                [
                    -0.5044906986893583,
                    0.0034597985277561405,
                    -0.5204028414798505
                ],
                [
                    -0.004347456565472201,
                    -0.5204028414798505,
                    -0.0021802358173028174
                ]
            ],
            "volume_eff": 2.9277414724998976,
            "alpha_iso": 0.9343855763297545,
            "c6_ii": 0.2802467473651886,
            "c8_ii": 1.880716547889068,
            "c10_ii": 17.41992440069342,
            "slater_b_init": 67.54949718709003
        },
        {
            "index": 14,
            "element": "H",
            "charge": 0.12544265034028734,
            "dipole": [
                -0.015888500977492392,
                0.00841342343893168,
                -0.04747165062943629
            ],
            "quadrupole": [
                [
                    -0.4937464243288602,
                    -0.49789988970744187,
                    -0.0046681785550641355
                ],
                [
                    -0.49789988970744187,
                    0.004495233628979479,
                    -0.5103742064853697
                ],
                [
                    -0.0046681785550641355,
                    -0.5103742064853697,
                    -0.006702008952961746
                ]
            ],
            "volume_eff": 2.8227206015631956,
            "alpha_iso": 0.9008682770946369,
            "c6_ii": 0.26050191320446847,
            "c8_ii": 1.7061496752292469,
            "c10_ii": 15.422809469319692,
            "slater_b_init": 68.37705595995965
        },
        {
            "index": 15,
            "element": "H",
            "charge": 0.12660663400896655,
            "dipole": [
                0.03815610289922626,
                -0.028571319859852295,
                0.018834073151040433
            ],
            "quadrupole": [
                [
                    -0.49501673127454626,
                    -0.5048872556216567,
                    0.00010080859278929382
                ],
                [
                    -0.5048872556216567,
                    0.009989439859472739,
                    -0.4994243193856763
                ],
                [
                    0.00010080859278929382,
                    -0.4994243193856763,
                    -0.004698425753608747
                ]
            ],
            "volume_eff": 2.813498198355878,
            "alpha_iso": 0.8979249569220887,
            "c6_ii": 0.258802468331505,
            "c8_ii": 1.6913252152843705,
            "c10_ii": 15.25548391043921,
            "slater_b_init": 68.45168582991288
        },
        {
            "index": 16,
            "element": "H",
            "charge": 0.08994299015111307,
            "dipole": [
                -0.026543632880877327,
                -0.05838802939845108,
                -0.014578562618978526
            ],
            "quadrupole": [
                [
                    -0.5222792874556503,
                    -0.529714196439703,
                    -0.0016695735933739534
                ],
                [
                    -0.529714196439703,
                    -0.01151362293195516,
                    -0.5311577393546154
                ],
                [
                    -0.0016695735933739534,
                    -0.5311577393546154,
                    0.004983272237056521
                ]
            ],
            "volume_eff": 2.997973739698073,
            "alpha_iso": 0.9568001296908744,
            "c6_ii": 0.2938534406492386,
            "c8_ii": 2.0034427885426247,
            "c10_ii": 18.852253237169943,
            "slater_b_init": 67.01783914091963
        },
        {
            "index": 17,
            "element": "H",
            "charge": 0.09585616256983609,
            "dipole": [
                0.02274277264543803,
                0.018194333355982122,
                0.055748718850720594
            ],
            "quadrupole": [
                [
                    -0.5166996237318685,
                    -0.5178846728849322,
                    -0.004715715458421247
                ],
                [
                    -0.5178846728849322,
                    -0.010891482619071828,
                    -0.5315661015096091
                ],
                [
                    -0.004715715458421247,
                    -0.5315661015096091,
                    -0.00016113425397105375
                ]
            ],
            "volume_eff": 2.960998466982798,
            "alpha_iso": 0.9449995107391909,
            "c6_ii": 0.2866497031818526,
            "c8_ii": 1.938226676890941,
            "c10_ii": 18.08830165520834,
            "slater_b_init": 67.29564624340074
        },
        {
            "index": 18,
            "element": "H",
            "charge": 0.08809584610004051,
            "dipole": [
                -0.004701715318812088,
                0.06201909944494378,
                -0.0021536480898454217
            ],
            "quadrupole": [
                [
                    -0.5124067447565965,
                    -0.540906635455852,
                    -0.0008026934937730432
                ],
                [
                    -0.540906635455852,
                    -0.00056262053072818,
                    -0.5333714559324818
                ],
                [
                    -0.0008026934937730432,
                    -0.5333714559324818,
                    -0.005062870203177525
                ]
            ],
            "volume_eff": 3.005399128134617,
            "alpha_iso": 0.959169934511048,
            "c6_ii": 0.29531087709898923,
            "c8_ii": 2.0167024667146256,
            "c10_ii": 19.008347833793405,
            "slater_b_init": 66.96260034549886
        },
        {
            "index": 19,
            "element": "H",
            "charge": 0.11210283730859727,
            "dipole": [
                -0.00805759519406812,
                -0.03475648281656391,
                0.05522020544543527
            ],
            "quadrupole": [
                [
                    -0.49690283836482946,
                    -0.5197171291062758,
                    0.003259745402866764
                ],
                [
                    -0.5197171291062758,
                    -0.0005787920072668449,
                    -0.5159894086610419
                ],
                [
                    0.003259745402866764,
                    -0.5159894086610419,
                    -0.0028888619524618134
                ]
            ],
            "volume_eff": 2.8926184622585476,
            "alpha_iso": 0.9231761049761322,
            "c6_ii": 0.27356305112063545,
            "c8_ii": 1.8211504410659034,
            "c10_ii": 16.73302125990787,
            "slater_b_init": 67.82179986300144
        },
        {
            "index": 20,
            "element": "H",
            "charge": 0.11460322751154961,
            "dipole": [
                0.002040129830123702,
                0.016187927712561022,
                -0.046468660397213556
            ],
            "quadrupole": [
                [
                    -0.49074382959782764,
                    -0.4959023116235184,
                    0.011585207286537572
                ],
                [
                    -0.4959023116235184,
                    -0.001508970114242929,
                    -0.5137002849463506
                ],
                [
                    0.011585207286537572,
                    -0.5137002849463506,
                    0.0035533359137093
                ]
            ],
            "volume_eff": 2.7967012658401567,
            "alpha_iso": 0.8925642337787735,
            "c6_ii": 0.2557215271228187,
            "c8_ii": 1.6645325436374085,
            "c10_ii": 14.954002429125136,
            "slater_b_init": 68.58845221282641
        },
        {
            "index": 21,
            "element": "H",
            "charge": 0.13955584993581993,
            "dipole": [
                0.0005602471568574161,
                -0.024209534239657854,
                0.03900003670570451
            ],
            "quadrupole": [
                [
                    -0.48983679921767004,
                    -0.497588207269961,
                    0.004802547264882942
                ],
                [
                    -0.497588207269961,
                    -0.004875062475609181,
                    -0.5055384786663364
                ],
                [
                    0.004802547264882942,
                    -0.5055384786663364,
                    -0.0012011100888384718
                ]
            ],
            "volume_eff": 2.8273731227026166,
            "alpha_iso": 0.9023531242667926,
            "c6_ii": 0.26136136028055656,
            "c8_ii": 1.7136590304582373,
            "c10_ii": 15.507707503598818,
            "slater_b_init": 68.3395299196998
        },
        {
            "index": 22,
            "element": "H",
            "charge": 0.1451718017649094,
            "dipole": [
                -0.028665579466210536,
                -0.016187048673994838,
                -0.03338967145899029
            ],
            "quadrupole": [
                [
                    -0.4903594629567077,
                    -0.49003276798202317,
                    0.0008638783237623607
                ],
                [
                    -0.49003276798202317,
                    -0.005159421409886403,
                    -0.48850524208567675
                ],
                [
                    0.0008638783237623607,
                    -0.48850524208567675,
                    -0.00735541415844524
                ]
            ],
            "volume_eff": 2.7622874144168934,
            "alpha_iso": 0.8815810897075192,
            "c6_ii": 0.24946686001206572,
            "c8_ii": 1.6104715325592251,
            "c10_ii": 14.349388672354882,
            "slater_b_init": 68.87211299226377
        },
        {
            "index": 23,
            "element": "H",
            "charge": 0.13160850915995548,
            "dipole": [
                0.005821940237756455,
                0.04679176926427955,
                0.000563936250421073
            ],
            "quadrupole": [
                [
                    -0.4983526975231952,
                    -0.5144744695993322,
                    -0.002617867224231696
                ],
                [
                    -0.5144744695993322,
                    -5.227891455186402e-05,
                    -0.5056146872694842
                ],
                [
                    -0.002617867224231696,
                    -0.5056146872694842,
                    -0.003893993943980382
                ]
            ],
            "volume_eff": 2.884661112205193,
            "alpha_iso": 0.9206365251718701,
            "c6_ii": 0.2720600234381966,
            "c8_ii": 1.8078214970742867,
            "c10_ii": 16.580075986491718,
            "slater_b_init": 67.88410485050682
        },
        {
            "index": 24,
            "element": "H",
            "charge": 0.13546753935118716,
            "dipole": [
                -0.0383470084413394,
                -0.004527095306528571,
                -0.025966483711843735
            ],
            "quadrupole": [
                [
                    -0.5070982409713245,
                    -0.49295189318303356,
                    -0.0015760503545308117
                ],
                [
                    -0.49295189318303356,
                    -0.005141926428445026,
                    -0.5041970549617265
                ],
                [
                    -0.0015760503545308117,
                    -0.5041970549617265,
                    -0.0032193071102542487
                ]
            ],
            "volume_eff": 2.84949139778463,
            "alpha_iso": 0.9094121482291373,
            "c6_ii": 0.2654665659137666,
            "c8_ii": 1.7496412690025895,
            "c10_ii": 15.915795526508655,
            "slater_b_init": 68.16224910638302
        },
        {
            "index": 25,
            "element": "H",
            "charge": 0.14288444593176464,
            "dipole": [
                -0.0017579807208189847,
                -0.015387874639617482,
                0.043949633382584334
            ],
            "quadrupole": [
                [
                    -0.4966498002571679,
                    -0.4867618119026378,
                    0.00618959131487467
                ],
                [
                    -0.4867618119026378,
                    -0.0016627648698422609,
                    -0.5001238994245822
                ],
                [
                    0.00618959131487467,
                    -0.5001238994245822,
                    0.00019171838380045613
                ]
            ],
            "volume_eff": 2.805621153957518,
            "alpha_iso": 0.8954110065821866,
            "c6_ii": 0.257355341215082,
            "c8_ii": 1.6787272995586253,
            "c10_ii": 15.113577415238812,
            "slater_b_init": 68.51568747864293
        },
        {
            "index": 26,
            "element": "H",
            "charge": 0.13891789915273156,
            "dipole": [
                0.04273729392232096,
                -0.0051979798107883324,
                -0.02186470132821427
            ],
            "quadrupole": [
                [
                    -0.49819425549676055,
                    -0.48950130619060955,
                    -0.0005167954362168191
                ],
                [
                    -0.48950130619060955,
                    0.0035708066955156604,
                    -0.4974336281425642
                ],
                [
                    -0.0005167954362168191,
                    -0.4974336281425642,
                    0.001699455169504498
                ]
            ],
            "volume_eff": 2.7957168342911594,
            "alpha_iso": 0.8922500534971786,
            "c6_ii": 0.25554153218652675,
            "c8_ii": 1.6629705722772425,
            "c10_ii": 14.93646373399343,
            "slater_b_init": 68.59650175392262
        }
    ]
}