{
    "molecule": "Phos_706",
    "atoms": [
        {
            "index": 0,
            "element": "C",
            "charge": -0.42871253501905393,
            "dipole": [
                -0.0627403929047875,
                0.012867677209248925,
                0.04346419563031165
            ],
            "quadrupole": [
                [
                    -5.108482030754181,
                    -5.0596415210574595,
                    0.006081783841675957
                ],
                [
                    -5.0596415210574595,
                    0.0048063623009076085,
                    -5.129811107210497
                ],
                [
                    0.006081783841675957,
                    -5.129811107210497,
                    0.05975473678925705
                ]
            ],
            "volume_eff": 38.58985168330498,
            "alpha_iso": 12.12246649737329,
            "c6_ii": 47.55600999628545,
            "c8_ii": 1387.0531164653794,
            "c10_ii": 50686.842148606906,
            "slater_b_init": 34.88173905334223
        },
        {
            "index": 1,
            "element": "C",
            "charge": -0.15819898312780278,
            "dipole": [
                0.003097541010393914,
                0.026012633416616707,
                -0.07876456883843848
            ],
            "quadrupole": [
                [
                    -4.576451207089259,
                    -4.535102478279764,
                    0.028093249386000455
                ],
                [
                    -4.535102478279764,
                    0.03068760963589613,
                    -4.601325666055273
                ],
                [
                    0.028093249386000455,
                    -4.601325666055273,
                    0.03067942839776622
                ]
            ],
            "volume_eff": 33.63539513287844,
            "alpha_iso": 10.566092711898987,
            "c6_ii": 36.12869366773842,
            "c8_ii": 961.5138799740474,
            "c10_ii": 32060.723361348526,
            "slater_b_init": 36.51659885384534
        },
        {
            "index": 2,
            "element": "C",
            "charge": -0.30326714550927214,
            "dipole": [
                0.03998114070677458,
                -0.04083742239692539,
                -0.01829207279441354
            ],
            "quadrupole": [
                [
                    -4.788005772400813,
                    -4.838026340635397,
                    -0.028578835939775254
                ],
                [
                    -4.838026340635397,
                    0.006491041508666747,
                    -4.807142914592766
                ],
                [
                    -0.028578835939775254,
                    -4.807142914592766,
                    -0.03128571630876072
                ]
            ],
            "volume_eff": 35.77045890101717,
            "alpha_iso": 11.236793372047279,
            "c6_ii": 40.86092693285828,
            "c8_ii": 1133.0006667863604,
            "c10_ii": 39361.0410292171,
            "slater_b_init": 35.77511139576847
        },
        {
            "index": 3,
            "element": "C",
            "charge": 0.11689263856087617,
            "dipole": [
                -0.08579648889632713,
                0.1283103648463022,
                -0.00938821450844745
            ],
            "quadrupole": [
                [
                    -4.076989281761352,
                    -4.102565312746573,
                    -0.0981694052366044
                ],
                [
                    -4.102565312746573,
                    -0.061365148217125506,
                    -4.156746957454501
                ],
                [
                    -0.0981694052366044,
                    -4.156746957454501,
                    0.032029999858697526
                ]
            ],
            "volume_eff": 29.58728359697773,
            "alpha_iso": 9.294434637794051,
            "c6_ii": 27.95563618061197,
            "c8_ii": 683.0382939645372,
            "c10_ii": 20909.092567528158,
            "slater_b_init": 38.11133253451319
        },
        {
            "index": 4,
            "element": "O",
            "charge": -0.5639569229675025,
            "dipole": [
                0.2019153756272061,
                0.03962740965000803,
                -0.034810931307653954
            ],
            "quadrupole": [
                [
                    -4.248571689463457,
                    -4.235447621405232,
                    0.014785178064804609
                ],
                [
                    -4.235447621405232,
                    -0.011223402644835994,
                    -4.237179961308682
                ],
                [
                    0.014785178064804609,
                    -4.237179961308682,
                    0.04218125676598634
                ]
            ],
            "volume_eff": 24.305519254062663,
            "alpha_iso": 7.251370385189966,
            "c6_ii": 28.13048732599715,
            "c8_ii": 1185.2154472976092,
            "c10_ii": 48086.91702703762,
            "slater_b_init": 33.537159871062244
        },
        {
            "index": 5,
            "element": "P",
            "charge": 1.733745025682893,
            "dipole": [
                0.007565567636091072,
                0.027168218102354216,
                -0.1129329956638123
            ],
            "quadrupole": [
                [
                    -6.363709302497243,
                    -6.333207450092481,
                    -0.00847565378132034
                ],
                [
                    -6.333207450092481,
                    -0.02889581091908022,
                    -6.316174458352274
                ],
                [
                    -0.00847565378132034,
                    -6.316174458352274,
                    0.0069332835485756495
                ]
            ],
            "volume_eff": 51.118918560570435,
            "alpha_iso": 19.66112252329632,
            "c6_ii": 114.42168270731668,
            "c8_ii": 3688.7580975437204,
            "c10_ii": 67347.10455180875,
            "slater_b_init": 35.75124521739863
        },
        {
            "index": 6,
            "element": "O",
            "charge": -0.8387422529114428,
            "dipole": [
                -0.01593401039410258,
                -0.10252627557948256,
                0.3385456477291886
            ],
            "quadrupole": [
                [
                    -4.688092198200153,
                    -4.715975366354504,
                    0.011499497488992021
                ],
                [
                    -4.715975366354504,
                    -0.003845374946263544,
                    -4.747723108656457
                ],
                [
                    0.011499497488992021,
                    -4.747723108656457,
                    -0.004435679953974149
                ]
            ],
            "volume_eff": 28.07904206867132,
            "alpha_iso": 8.377172771868791,
            "c6_ii": 37.54326368093078,
            "c8_ii": 1741.5541944538559,
            "c10_ii": 77794.97530764707,
            "slater_b_init": 31.96199062984627
        },
        {
            "index": 7,
            "element": "O",
            "charge": -0.5823853336884355,
            "dipole": [
                -0.09439057671899771,
                0.10727636466298068,
                -0.10221396396915486
            ],
            "quadrupole": [
                [
                    -4.223696661426457,
                    -4.239641258585032,
                    0.026937459046332504
                ],
                [
                    -4.239641258585032,
                    0.025258845564209414,
                    -4.209732869230536
                ],
                [
                    0.026937459046332504,
                    -4.209732869230536,
                    -0.019742137814869498
                ]
            ],
            "volume_eff": 24.142378041179256,
            "alpha_iso": 7.202698421125303,
            "c6_ii": 27.754125065590618,
            "c8_ii": 1164.1198195608017,
            "c10_ii": 47019.435353713285,
            "slater_b_init": 33.61253238226274
        },
        {
            "index": 8,
            "element": "C",
            "charge": 0.6675896496064784,
            "dipole": [
                0.11450432274081367,
                0.0012482285916434275,
                -0.15684547262625398
            ],
            "quadrupole": [
                [
                    -3.4718884609776173,
                    -3.4416112045242606,
                    -0.005142256988024276
                ],
                [
                    -3.4416112045242606,
                    0.01439683377697689,
                    -3.4664910066939347
                ],
                [
                    -0.005142256988024276,
                    -3.4664910066939347,
                    0.10338094286732268
                ]
            ],
            "volume_eff": 24.60291263808913,
            "alpha_iso": 7.72866365594423,
            "c6_ii": 19.33001717258914,
            "c8_ii": 417.6336970172813,
            "c10_ii": 11305.070767773006,
            "slater_b_init": 40.52848072505961
        },
        {
            "index": 9,
            "element": "F",
            "charge": -0.21077532088213147,
            "dipole": [
                0.0012649958346200908,
                0.024647206202510458,
                -0.045215303727337175
            ],
            "quadrupole": [
                [
                    -3.538329094266417,
                    -3.467804938919603,
                    -0.03150870980387253
                ],
                [
                    -3.467804938919603,
                    -0.00905997619206046,
                    -3.5140996065772696
                ],
                [
                    -0.03150870980387253,
                    -3.5140996065772696,
                    0.00798482435991485
                ]
            ],
            "volume_eff": 17.59598143967448,
            "alpha_iso": 5.526010700063059,
            "c6_ii": 20.089996221849617,
            "c8_ii": 868.6103062073037,
            "c10_ii": 34841.251751970085,
            "slater_b_init": 33.54086214464379
        },
        {
            "index": 10,
            "element": "F",
            "charge": -0.19912335560692895,
            "dipole": [
                0.0622430894013943,
                0.0006254838192580965,
                0.005058981862583017
            ],
            "quadrupole": [
                [
                    -3.4477920938515414,
                    -3.508549979616393,
                    0.006023700236252588
                ],
                [
                    -3.508549979616393,
                    -0.001935595860992073,
                    -3.4952580243699907
                ],
                [
                    0.006023700236252588,
                    -3.4952580243699907,
                    0.023871859183830467
                ]
            ],
            "volume_eff": 17.423470610435455,
            "alpha_iso": 5.471833745426011,
            "c6_ii": 19.698002985251872,
            "c8_ii": 846.0865082979432,
            "c10_ii": 33715.60750350036,
            "slater_b_init": 33.65119549986123
        },
        {
            "index": 11,
            "element": "C",
            "charge": 0.6117068767498619,
            "dipole": [
                -0.13355010748458573,
                0.0036832583499430537,
                0.13146797915150588
            ],
            "quadrupole": [
                [
                    -3.6381611347147964,
                    -3.5457530854458463,
                    0.003989961858213572
                ],
                [
                    -3.5457530854458463,
                    0.0011789298307545875,
                    -3.6448133810678276
                ],
                [
                    0.003989961858213572,
                    -3.6448133810678276,
                    0.09234899092010822
                ]
            ],
            "volume_eff": 26.09268238092804,
            "alpha_iso": 8.19665415107687,
            "c6_ii": 21.741857570085006,
            "c8_ii": 488.5189422345649,
            "c10_ii": 13752.467569884568,
            "slater_b_init": 39.741988139116806
        },
        {
            "index": 12,
            "element": "F",
            "charge": -0.20977240839493838,
            "dipole": [
                -0.05050029155156526,
                -0.007702905636122652,
                -0.00603785429779951
            ],
            "quadrupole": [
                [
                    -3.4707825463096396,
                    -3.5291487906640135,
                    0.007422036061885679
                ],
                [
                    -3.5291487906640135,
                    0.008294543466121343,
                    -3.5194479364742457
                ],
                [
                    0.007422036061885679,
                    -3.5194479364742457,
                    0.027414384193201614
                ]
            ],
            "volume_eff": 17.597248585564298,
            "alpha_iso": 5.526408646706143,
            "c6_ii": 20.092889822623963,
            "c8_ii": 868.7771203609884,
            "c10_ii": 34849.61590762006,
            "slater_b_init": 33.540057053143535
        },
        {
            "index": 13,
            "element": "F",
            "charge": -0.1838539981845546,
            "dipole": [
                0.009366244345359114,
                -0.05508611920883694,
                0.03553948760518704
            ],
            "quadrupole": [
                [
                    -3.4890852797616465,
                    -3.434219017729071,
                    -0.03000247278624404
                ],
                [
                    -3.434219017729071,
                    -0.019895858052213777,
                    -3.4681342954301257
                ],
                [
                    -0.03000247278624404,
                    -3.4681342954301257,
                    0.010104995070893198
                ]
            ],
            "volume_eff": 17.267596113628592,
            "alpha_iso": 5.422881424114765,
            "c6_ii": 19.3471335131638,
            "c8_ii": 826.0519160020091,
            "c10_ii": 32720.633672386324,
            "slater_b_init": 33.75214872505621
        },
        {
            "index": 14,
            "element": "F",
            "charge": -0.2108826484931985,
            "dipole": [
                -0.010913164662520927,
                0.03785653646148607,
                0.03406329878099441
            ],
            "quadrupole": [
                [
                    -3.5374498803431473,
                    -3.4765738840358944,
                    0.036946621026734974
                ],
                [
                    -3.4765738840358944,
                    0.003676239071377591,
                    -3.5200912770947417
                ],
                [
                    0.036946621026734974,
                    -3.5200912770947417,
                    0.003182246028839667
                ]
            ],
            "volume_eff": 17.646046781544396,
            "alpha_iso": 5.541733699989149,
            "c6_ii": 20.204481843154888,
            "c8_ii": 875.2164279014212,
            "c10_ii": 35172.79275652038,
            "slater_b_init": 33.5091114005781
        },
        {
            "index": 15,
            "element": "O",
            "charge": -0.5646467708790581,
            "dipole": [
                0.035945148913221044,
                -0.11465263636829888,
                -0.1314545720038149
            ],
            "quadrupole": [
                [
                    -4.171713777455687,
                    -4.195047972956614,
                    -0.03688098979787829
                ],
                [
                    -4.195047972956614,
                    -0.014038962561297457,
                    -4.222100184898364
                ],
                [
                    -0.03688098979787829,
                    -4.222100184898364,
                    -0.008148080837475775
                ]
            ],
            "volume_eff": 23.892881789155506,
            "alpha_iso": 7.128263075217665,
            "c6_ii": 27.183446424018545,
            "c8_ii": 1132.314282331203,
            "c10_ii": 45419.153618373726,
            "slater_b_init": 33.72912468971688
        },
        {
            "index": 16,
            "element": "C",
            "charge": 0.647401600331162,
            "dipole": [
                0.10883227865756198,
                0.006011434283844689,
                -0.17223007111987795
            ],
            "quadrupole": [
                [
                    -3.4879911846355367,
                    -3.4411319314985627,
                    -0.00163596077455313
                ],
                [
                    -3.4411319314985627,
                    -0.036733126642636726,
                    -3.5678243551834687
                ],
                [
                    -0.00163596077455313,
                    -3.5678243551834687,
                    0.057988991752000854
                ]
            ],
            "volume_eff": 24.9532327061448,
            "alpha_iso": 7.83871184486224,
            "c6_ii": 19.884415262667464,
            "c8_ii": 433.6802506700849,
            "c10_ii": 11850.616007895782,
            "slater_b_init": 40.337925519326085
        },
        {
            "index": 17,
            "element": "F",
            "charge": -0.20878229159339412,
            "dipole": [
                0.019189301874740255,
                -0.02963871358490031,
                -0.03151187640287051
            ],
            "quadrupole": [
                [
                    -3.5262539634426817,
                    -3.4692733091965717,
                    0.037511289014900105
                ],
                [
                    -3.4692733091965717,
                    0.009278355691865558,
                    -3.5193009030358944
                ],
                [
                    0.037511289014900105,
                    -3.5193009030358944,
                    0.003739457068005102
                ]
            ],
            "volume_eff": 17.586933557291616,
            "alpha_iso": 5.523169216339515,
            "c6_ii": 20.0693409160003,
            "c8_ii": 867.4197742788288,
            "c10_ii": 34781.5694736773,
            "slater_b_init": 33.54661303819315
        },
        {
            "index": 18,
            "element": "F",
            "charge": -0.2109622945266132,
            "dipole": [
                -0.004122287170289174,
                0.034516893917374857,
                -0.03981971695990206
            ],
            "quadrupole": [
                [
                    -3.508618650111513,
                    -3.488898302934276,
                    -0.028641677832816983
                ],
                [
                    -3.488898302934276,
                    -0.019250169118643606,
                    -3.5097764590188216
                ],
                [
                    -0.028641677832816983,
                    -3.5097764590188216,
                    0.02409875446733746
                ]
            ],
            "volume_eff": 17.55248751260423,
            "alpha_iso": 5.512351450239345,
            "c6_ii": 19.99080165194461,
            "c8_ii": 862.8966536341657,
            "c10_ii": 34555.008812717795,
            "slater_b_init": 33.56854332107764
        },
        {
            "index": 19,
            "element": "C",
            "charge": 0.6085745039082688,
            "dipole": [
                -0.10433165057351128,
                -0.02716868389671056,
                0.16091569106141093
            ],
            "quadrupole": [
                [
                    -3.611994845107095,
                    -3.5780298147207126,
                    0.025973739416466562
                ],
                [
                    -3.5780298147207126,
                    -0.01354778046164404,
                    -3.6752074958611516
                ],
                [
                    0.025973739416466562,
                    -3.6752074958611516,
                    0.08017731127091875
                ]
            ],
            "volume_eff": 26.214135544441383,
            "alpha_iso": 8.234806977311429,
            "c6_ii": 21.94473153775478,
            "c8_ii": 494.6062226213806,
            "c10_ii": 13967.00662951036,
            "slater_b_init": 39.68051667608526
        },
        {
            "index": 20,
            "element": "F",
            "charge": -0.18903481757767615,
            "dipole": [
                0.02274251020310008,
                -0.019280547450273737,
                0.04847232132949921
            ],
            "quadrupole": [
                [
                    -3.477753506368554,
                    -3.4725926350266323,
                    -0.02747735688382105
                ],
                [
                    -3.4725926350266323,
                    -0.020182986979131637,
                    -3.4716403122312025
                ],
                [
                    -0.02747735688382105,
                    -3.4716403122312025,
                    0.027791347227690232
                ]
            ],
            "volume_eff": 17.345309010865176,
            "alpha_iso": 5.4472871273791466,
            "c6_ii": 19.52166911059905,
            "c8_ii": 836.0028685659175,
            "c10_ii": 33214.08070810755,
            "slater_b_init": 33.70166621283343
        },
        {
            "index": 21,
            "element": "F",
            "charge": -0.19474466217875985,
            "dipole": [
                -0.0013062980996091725,
                0.03384378951230705,
                0.04298815640407961
            ],
            "quadrupole": [
                [
                    -3.501522777719362,
                    -3.4396586063466796,
                    0.025369801555944215
                ],
                [
                    -3.4396586063466796,
                    0.006206628299250353,
                    -3.4949376199455364
                ],
                [
                    0.025369801555944215,
                    -3.4949376199455364,
                    0.005990553926166749
                ]
            ],
            "volume_eff": 17.386887407361613,
            "alpha_iso": 5.460344805617696,
            "c6_ii": 19.615371971208,
            "c8_ii": 841.3574968697775,
            "c10_ii": 33480.214992999485,
            "slater_b_init": 33.674780440246955
        },
        {
            "index": 22,
            "element": "F",
            "charge": -0.2050359344398096,
            "dipole": [
                -0.04917018372269838,
                -0.017932712062850832,
                0.004391265465760973
            ],
            "quadrupole": [
                [
                    -3.4624352892396795,
                    -3.5215923209010755,
                    0.007029082054285347
                ],
                [
                    -3.5215923209010755,
                    0.028165998604753256,
                    -3.5265264207058458
                ],
                [
                    0.007029082054285347,
                    -3.5265264207058458,
                    0.017097106020573922
                ]
            ],
            "volume_eff": 17.589910543044436,
            "alpha_iso": 5.52410413748503,
            "c6_ii": 20.0761358695916,
            "c8_ii": 867.8113772189721,
            "c10_ii": 34801.19857054553,
            "slater_b_init": 33.5447204111033
        },
        {
            "index": 23,
            "element": "H",
            "charge": 0.12689885555167102,
            "dipole": [
                -0.021547528596856044,
                -0.02729893068437525,
                -0.031684764882557455
            ],
            "quadrupole": [
                [
                    -0.50001304246976,
                    -0.5101399505421899,
                    -0.002351559767052075
                ],
                [
                    -0.5101399505421899,
                    0.00032981441114237156,
                    -0.5139665255833231
                ],
                [
                    -0.002351559767052075,
                    -0.5139665255833231,
                    -0.006745469921300542
                ]
            ],
            "volume_eff": 2.8906566602173918,
            "alpha_iso": 0.9225499979417209,
            "c6_ii": 0.2731921106945555,
            "c8_ii": 1.817858643655565,
            "c10_ii": 16.695222855189222,
            "slater_b_init": 67.83713926770007
        },
        {
            "index": 24,
            "element": "H",
            "charge": 0.13390574383102472,
            "dipole": [
                0.008877602778082916,
                0.04534926072936369,
                -0.007061628150848133
            ],
            "quadrupole": [
                [
                    -0.49878892478126013,
                    -0.5081638750451667,
                    0.006865988784960158
                ],
                [
                    -0.5081638750451667,
                    -0.0041390701003216615,
                    -0.5005594678468647
                ],
                [
                    0.006865988784960158,
                    -0.5005594678468647,
                    -0.0037317679967689113
                ]
            ],
            "volume_eff": 2.856800854391332,
            "alpha_iso": 0.9117449535291486,
            "c6_ii": 0.2668302514497852,
            "c8_ii": 1.761635251055438,
            "c10_ii": 16.052292836340246,
            "slater_b_init": 68.10406577963661
        },
        {
            "index": 25,
            "element": "H",
            "charge": 0.13677398220961434,
            "dipole": [
                0.031152019068114142,
                -0.023033449735777846,
                0.029971144292099353
            ],
            "quadrupole": [
                [
                    -0.5012459550655813,
                    -0.4992530160855472,
                    5.728184119554957e-05
                ],
                [
                    -0.4992530160855472,
                    0.0031269783024322016,
                    -0.4911623073604266
                ],
                [
                    5.728184119554957e-05,
                    -0.4911623073604266,
                    -0.005358302182921672
                ]
            ],
            "volume_eff": 2.809059146728411,
            "alpha_iso": 0.8965082383175781,
            "c6_ii": 0.2579864513043638,
            "c8_ii": 1.6842185113758692,
            "c10_ii": 15.17539936891138,
            "slater_b_init": 68.48772407048222
        },
        {
            "index": 26,
            "element": "H",
            "charge": 0.10811039259249,
            "dipole": [
                -0.01704887138852792,
                -0.0479902342133995,
                0.004594398140789074
            ],
            "quadrupole": [
                [
                    -0.5079566164824566,
                    -0.5268196547081722,
                    0.0035034907099005994
                ],
                [
                    -0.5268196547081722,
                    -0.010319353586655634,
                    -0.5199496959835385
                ],
                [
                    0.0035034907099005994,
                    -0.5199496959835385,
                    -0.0021590477085589406
                ]
            ],
            "volume_eff": 2.9447543209418683,
            "alpha_iso": 0.9398152088112345,
            "c6_ii": 0.2835131888214261,
            "c8_ii": 1.9100009965182136,
            "c10_ii": 17.759636641158032,
            "slater_b_init": 67.41916038160788
        },
        {
            "index": 27,
            "element": "H",
            "charge": 0.11380885477980507,
            "dipole": [
                0.02360287569317866,
                0.03161680537985703,
                0.03468613395583624
            ],
            "quadrupole": [
                [
                    -0.5001844506756368,
                    -0.509571807275203,
                    -0.002792433378876507
                ],
                [
                    -0.509571807275203,
                    -0.0054535519403053215,
                    -0.5201432764158774
                ],
                [
                    -0.002792433378876507,
                    -0.5201432764158774,
                    -0.005733525941508715
                ]
            ],
            "volume_eff": 2.8791463186453172,
            "alpha_iso": 0.9188764846740374,
            "c6_ii": 0.27102078822543,
            "c8_ii": 1.7986198284224566,
            "c10_ii": 16.474654091732788,
            "slater_b_init": 67.9274195478518
        },
        {
            "index": 28,
            "element": "H",
            "charge": 0.14738011330651424,
            "dipole": [
                -0.03334199948696665,
                6.084609364642779e-05,
                0.039271286261353705
            ],
            "quadrupole": [
                [
                    -0.47480009706465776,
                    -0.47838222962266425,
                    -0.002173185581542053
                ],
                [
                    -0.47838222962266425,
                    0.001223193137478164,
                    -0.4749925918706795
                ],
                [
                    -0.002173185581542053,
                    -0.4749925918706795,
                    0.00823519144673355
                ]
            ],
            "volume_eff": 2.6434959154088404,
            "alpha_iso": 0.8436689091730343,
            "c6_ii": 0.22847170291278585,
            "c8_ii": 1.432338931783511,
            "c10_ii": 12.393652905937122,
            "slater_b_init": 69.88867619603612
        },
        {
            "index": 29,
            "element": "H",
            "charge": 0.12825751617708236,
            "dipole": [
                0.01952553328641121,
                0.039456676361278635,
                -0.014075510847745984
            ],
            "quadrupole": [
                [
                    -0.49452600624439264,
                    -0.5101614079500177,
                    0.003801931359590876
                ],
                [
                    -0.5101614079500177,
                    -0.0047432868724741695,
                    -0.49532081216082713
                ],
                [
                    0.003801931359590876,
                    -0.49532081216082713,
                    0.009858829530816019
                ]
            ],
            "volume_eff": 2.8227380873722057,
            "alpha_iso": 0.9008738576719806,
            "c6_ii": 0.26050514065872465,
            "c8_ii": 1.706177859444012,
            "c10_ii": 15.423127935423691,
            "slater_b_init": 68.37691476955361
        },
        {
            "index": 30,
            "element": "H",
            "charge": 0.0968010121746945,
            "dipole": [
                0.04273363834331997,
                0.010944669269209008,
                -0.047985028959706216
            ],
            "quadrupole": [
                [
                    -0.5044897146295133,
                    -0.5147939014738325,
                    -0.0051672264647598795
                ],
                [
                    -0.5147939014738325,
                    -0.0065527546685905285,
                    -0.5146497162010476
                ],
                [
                    -0.0051672264647598795,
                    -0.5146497162010476,
                    0.010499655457265644
                ]
            ],
            "volume_eff": 2.859748644489585,
            "alpha_iso": 0.912685737603059,
            "c6_ii": 0.2673811931632721,
            "c8_ii": 1.7664867358784573,
            "c10_ii": 16.107571196018913,
            "slater_b_init": 68.08065748584667
        },
        {
            "index": 31,
            "element": "H",
            "charge": 0.0922215958365622,
            "dipole": [
                -0.0204935757102877,
                -0.05922190240460332,
                0.026059708410401623
            ],
            "quadrupole": [
                [
                    -0.5105255467874702,
                    -0.5257940006943689,
                    -0.0018578305630988809
                ],
                [
                    -0.5257940006943689,
                    -0.0022882579623500323,
                    -0.5235440336724285
                ],
                [
                    -0.0018578305630988809,
                    -0.5235440336724285,
                    0.009918112186902042
                ]
            ],
            "volume_eff": 2.9287188341891377,
            "alpha_iso": 0.934697500273129,
            "c6_ii": 0.28043388694367577,
            "c8_ii": 1.882391241923794,
            "c10_ii": 17.439316138612952,
            "slater_b_init": 67.54198222465567
        }
    ]
}