{
    "molecule": "LCarb_55",
    "atoms": [
        {
            "index": 0,
            "element": "C",
            "charge": -0.4278511741236741,
            "dipole": [
                -0.0675008250935591,
                -0.004765686497468487,
                -0.032351519075798835
            ],
            "quadrupole": [
                [
                    -5.158086950390584,
                    -5.081335050867763,
                    0.010795348197661224
                ],
                [
                    -5.081335050867763,
                    0.013683336753363595,
                    -5.0895147396883
                ],
                [
                    0.010795348197661224,
                    -5.0895147396883,
                    -0.05112668255537579
                ]
            ],
            "volume_eff": 38.73807078375969,
            "alpha_iso": 12.16902747133812,
            "c6_ii": 47.92202568941163,
            "c8_ii": 1401.3053166188433,
            "c10_ii": 51338.6957837052,
            "slater_b_init": 34.837194174480445
        },
        {
            "index": 1,
            "element": "C",
            "charge": -0.15807837260087076,
            "dipole": [
                0.03152505204305166,
                -0.05955274114288226,
                0.02396390486625364
            ],
            "quadrupole": [
                [
                    -4.5657671933496085,
                    -4.617244991092322,
                    0.020531198879090034
                ],
                [
                    -4.617244991092322,
                    0.019092496197205256,
                    -4.521483613008647
                ],
                [
                    0.020531198879090034,
                    -4.521483613008647,
                    -0.04564270546498763
                ]
            ],
            "volume_eff": 33.624862221488534,
            "alpha_iso": 10.562783943923097,
            "c6_ii": 36.10606983683043,
            "c8_ii": 960.711162259257,
            "c10_ii": 32027.2695744463,
            "slater_b_init": 36.52041136955034
        },
        {
            "index": 2,
            "element": "C",
            "charge": -0.29421444166428845,
            "dipole": [
                0.0022673182374912796,
                0.06258373499533121,
                0.0067363185851396805
            ],
            "quadrupole": [
                [
                    -4.795390769013448,
                    -4.889219446458086,
                    0.03210806120068311
                ],
                [
                    -4.889219446458086,
                    -0.011939127409999447,
                    -4.786392091621708
                ],
                [
                    0.03210806120068311,
                    -4.786392091621708,
                    -0.05108359975500441
                ]
            ],
            "volume_eff": 36.009167713424866,
            "alpha_iso": 11.311780433536606,
            "c6_ii": 41.40810519768638,
            "c8_ii": 1153.2753871645718,
            "c10_ii": 40243.44480217329,
            "slater_b_init": 35.69588365821468
        },
        {
            "index": 3,
            "element": "C",
            "charge": 0.05806063190813937,
            "dipole": [
                -0.05282528093863905,
                0.09477395605843758,
                0.12009506909732716
            ],
            "quadrupole": [
                [
                    -4.290659107304858,
                    -4.214735097992295,
                    0.02732026952709492
                ],
                [
                    -4.214735097992295,
                    -0.028755671924149323,
                    -4.257691620812348
                ],
                [
                    0.02732026952709492,
                    -4.257691620812348,
                    -0.0976854618889524
                ]
            ],
            "volume_eff": 31.03182312215978,
            "alpha_iso": 9.748216687589458,
            "c6_ii": 30.752028834791723,
            "c8_ii": 775.6234135039783,
            "c10_ii": 24509.954642408833,
            "slater_b_init": 37.510547369056624
        },
        {
            "index": 4,
            "element": "O",
            "charge": -0.4201492886389797,
            "dipole": [
                0.10344771243135471,
                -0.035391075626191516,
                -0.007992631014446286
            ],
            "quadrupole": [
                [
                    -4.043076173629872,
                    -4.096253908259336,
                    -0.014575492658986625
                ],
                [
                    -4.096253908259336,
                    -0.027155346429999522,
                    -4.127510765332606
                ],
                [
                    -0.014575492658986625,
                    -4.127510765332606,
                    -0.02009774409829011
                ]
            ],
            "volume_eff": 23.3444851429892,
            "alpha_iso": 6.964653026085175,
            "c6_ii": 25.949921525055387,
            "c8_ii": 1064.328505390524,
            "c10_ii": 42036.342567113636,
            "slater_b_init": 33.991198861743506
        },
        {
            "index": 5,
            "element": "C",
            "charge": 0.9878839931256742,
            "dipole": [
                0.01099439508560669,
                0.01581713715472775,
                0.036547590470490283
            ],
            "quadrupole": [
                [
                    -2.9014915877105087,
                    -2.8245034479923197,
                    -0.06930204723637079
                ],
                [
                    -2.8245034479923197,
                    0.02721543638759904,
                    -2.9189279046042538
                ],
                [
                    -0.06930204723637079,
                    -2.9189279046042538,
                    -0.028496139083597147
                ]
            ],
            "volume_eff": 19.487100667469953,
            "alpha_iso": 6.121602303917262,
            "c6_ii": 12.127007556648271,
            "c8_ii": 224.2973162212578,
            "c10_ii": 5197.67314967177,
            "slater_b_init": 43.80329250384967
        },
        {
            "index": 6,
            "element": "O",
            "charge": -0.6552543111877931,
            "dipole": [
                -0.05090345286631404,
                -0.06216052874838492,
                -0.1419062014604247
            ],
            "quadrupole": [
                [
                    -4.49806489271932,
                    -4.434381730158724,
                    -0.031042003198783922
                ],
                [
                    -4.434381730158724,
                    0.028630252039458293,
                    -4.469860141228677
                ],
                [
                    -0.031042003198783922,
                    -4.469860141228677,
                    -0.009439829824574308
                ]
            ],
            "volume_eff": 26.32510187668397,
            "alpha_iso": 7.853897797463725,
            "c6_ii": 32.999515965805436,
            "c8_ii": 1466.350263830767,
            "c10_ii": 62744.759268904614,
            "slater_b_init": 32.656619708232455
        },
        {
            "index": 7,
            "element": "O",
            "charge": -0.42225747910787703,
            "dipole": [
                -0.10548494397942279,
                0.02554312201857924,
                0.018981406824390503
            ],
            "quadrupole": [
                [
                    -4.039900553455014,
                    -4.10099867824568,
                    -0.01753850033704111
                ],
                [
                    -4.10099867824568,
                    -0.00607943693667168,
                    -4.1246921332349515
                ],
                [
                    -0.01753850033704111,
                    -4.1246921332349515,
                    -0.01420859112852953
                ]
            ],
            "volume_eff": 23.32349788045679,
            "alpha_iso": 6.958391632843463,
            "c6_ii": 25.903283271948013,
            "c8_ii": 1061.778797097704,
            "c10_ii": 41910.50231167614,
            "slater_b_init": 34.001391277275296
        },
        {
            "index": 8,
            "element": "C",
            "charge": 0.045990738343853366,
            "dipole": [
                0.12250873257262103,
                -0.04955795024792954,
                0.07989530476726868
            ],
            "quadrupole": [
                [
                    -4.178675372661295,
                    -4.360333470536181,
                    0.01853048903998596
                ],
                [
                    -4.360333470536181,
                    -0.02698382668547942,
                    -4.240082472422371
                ],
                [
                    0.01853048903998596,
                    -4.240082472422371,
                    0.0534476897653274
                ]
            ],
            "volume_eff": 31.057068492999804,
            "alpha_iso": 9.756147170575854,
            "c6_ii": 30.802084686176265,
            "c8_ii": 777.3072056777411,
            "c10_ii": 24576.483163206136,
            "slater_b_init": 37.5003808763389
        },
        {
            "index": 9,
            "element": "C",
            "charge": -0.056632843318944914,
            "dipole": [
                -0.041536951166835194,
                0.011062182215641174,
                0.0374159751627829
            ],
            "quadrupole": [
                [
                    -4.396396003442577,
                    -4.392997371636691,
                    0.020087055193239417
                ],
                [
                    -4.392997371636691,
                    -0.012775154607424314,
                    -4.416893343220495
                ],
                [
                    0.020087055193239417,
                    -4.416893343220495,
                    0.012491842707699036
                ]
            ],
            "volume_eff": 32.1653036456664,
            "alpha_iso": 10.104283867748606,
            "c6_ii": 33.03957878868114,
            "c8_ii": 853.4902198698621,
            "c10_ii": 27623.39512053713,
            "slater_b_init": 37.06465369943755
        },
        {
            "index": 10,
            "element": "C",
            "charge": -0.43998103587188453,
            "dipole": [
                0.06484330815768334,
                -0.009251973921751783,
                0.03444253752216603
            ],
            "quadrupole": [
                [
                    -5.184599530032803,
                    -5.114446352418648,
                    0.01120650423022409
                ],
                [
                    -5.114446352418648,
                    0.01621636862940248,
                    -5.108545556632177
                ],
                [
                    0.01120650423022409,
                    -5.108545556632177,
                    -0.01872216373870696
                ]
            ],
            "volume_eff": 39.04662214209064,
            "alpha_iso": 12.265954599609625,
            "c6_ii": 48.68847033589791,
            "c8_ii": 1431.267204254049,
            "c10_ii": 52714.460906398315,
            "slater_b_init": 34.74518875944685
        },
        {
            "index": 11,
            "element": "C",
            "charge": -0.4377939623003666,
            "dipole": [
                -0.007474067677432319,
                0.02051222788451526,
                -0.07222267229340432
            ],
            "quadrupole": [
                [
                    -5.088700755464355,
                    -5.101691102526473,
                    0.006422682770742059
                ],
                [
                    -5.101691102526473,
                    0.005783654283216755,
                    -5.183372941760252
                ],
                [
                    0.006422682770742059,
                    -5.183372941760252,
                    0.011780289832730445
                ]
            ],
            "volume_eff": 38.90966682699673,
            "alpha_iso": 12.222931987538237,
            "c6_ii": 48.347521478711954,
            "c8_ii": 1417.919253126077,
            "c10_ii": 52100.66228120311,
            "slater_b_init": 34.78590671358801
        },
        {
            "index": 12,
            "element": "H",
            "charge": 0.13249830918833405,
            "dipole": [
                0.009098911014461466,
                0.047948394756536596,
                -0.0010720152040227908
            ],
            "quadrupole": [
                [
                    -0.4991655506386767,
                    -0.5069268622715645,
                    -0.0025372372931643694
                ],
                [
                    -0.5069268622715645,
                    -0.006741195394627456,
                    -0.5013850433539239
                ],
                [
                    -0.0025372372931643694,
                    -0.5013850433539239,
                    0.002748530860588084
                ]
            ],
            "volume_eff": 2.8486358455664336,
            "alpha_iso": 0.9091390996488619,
            "c6_ii": 0.2653071785835669,
            "c8_ii": 1.7482407524435155,
            "c10_ii": 15.899872187807071,
            "slater_b_init": 68.16907231690179
        },
        {
            "index": 13,
            "element": "H",
            "charge": 0.12831245019084503,
            "dipole": [
                0.021468261136724284,
                -0.02649588081057604,
                -0.031686316509079125
            ],
            "quadrupole": [
                [
                    -0.5072799420560873,
                    -0.5143352433837896,
                    -0.0023074275977743304
                ],
                [
                    -0.5143352433837896,
                    0.005259940499211737,
                    -0.5056258525511791
                ],
                [
                    -0.0023074275977743304,
                    -0.5056258525511791,
                    0.008152097527946777
                ]
            ],
            "volume_eff": 2.906265457453203,
            "alpha_iso": 0.9275315289744266,
            "c6_ii": 0.2761504094849701,
            "c8_ii": 1.844152479719848,
            "c10_ii": 16.99762005390577,
            "slater_b_init": 67.7154759787812
        },
        {
            "index": 14,
            "element": "H",
            "charge": 0.13197926659734216,
            "dipole": [
                -0.014333735879996706,
                -0.018061245434837968,
                0.04077305614820859
            ],
            "quadrupole": [
                [
                    -0.4939985744465569,
                    -0.5082286563204459,
                    0.0046743220212561885
                ],
                [
                    -0.5082286563204459,
                    5.9182317221744075e-05,
                    -0.5116826550666073
                ],
                [
                    0.0046743220212561885,
                    -0.5116826550666073,
                    0.0015679574663291173
                ]
            ],
            "volume_eff": 2.872592139930062,
            "alpha_iso": 0.9167847255095942,
            "c6_ii": 0.26978827229778085,
            "c8_ii": 1.787722038810938,
            "c10_ii": 16.34997437316004,
            "slater_b_init": 67.9790419449354
        },
        {
            "index": 15,
            "element": "H",
            "charge": 0.10066067928522116,
            "dipole": [
                0.015956239656440524,
                0.01292465452616527,
                -0.046196254652635715
            ],
            "quadrupole": [
                [
                    -0.5182260232428902,
                    -0.5262930790221559,
                    0.008884290878373096
                ],
                [
                    -0.5262930790221559,
                    0.006671196745938673,
                    -0.5397537428274871
                ],
                [
                    0.008884290878373096,
                    -0.5397537428274871,
                    0.0017230488403392372
                ]
            ],
            "volume_eff": 3.0203356488776567,
            "alpha_iso": 0.9639369092162734,
            "c6_ii": 0.29825349986030836,
            "c8_ii": 2.0435407529481053,
            "c10_ii": 19.325076081156283,
            "slater_b_init": 66.85203409502927
        },
        {
            "index": 16,
            "element": "H",
            "charge": 0.12028801005760992,
            "dipole": [
                -0.029237355065974018,
                0.0227923787981546,
                0.0376551645028582
            ],
            "quadrupole": [
                [
                    -0.5021164474668207,
                    -0.5042427408353158,
                    -4.787194645333906e-06
                ],
                [
                    -0.5042427408353158,
                    0.010908939926175266,
                    -0.503591324910346
                ],
                [
                    -4.787194645333906e-06,
                    -0.503591324910346,
                    0.007105292952004617
                ]
            ],
            "volume_eff": 2.83563476238924,
            "alpha_iso": 0.9049898177838,
            "c6_ii": 0.2628909978716203,
            "c8_ii": 1.727044486887751,
            "c10_ii": 15.659269176387944,
            "slater_b_init": 68.27309614293809
        },
        {
            "index": 17,
            "element": "H",
            "charge": 0.13197242460216096,
            "dipole": [
                -0.0100550404415703,
                -0.006146867554334797,
                0.04645524028801152
            ],
            "quadrupole": [
                [
                    -0.48695237609830816,
                    -0.49453965539573025,
                    0.008283338269509666
                ],
                [
                    -0.49453965539573025,
                    0.005429884849760708,
                    -0.5062946464547818
                ],
                [
                    0.008283338269509666,
                    -0.5062946464547818,
                    0.0032633732617568306
                ]
            ],
            "volume_eff": 2.796858139684587,
            "alpha_iso": 0.8926142998993363,
            "c6_ii": 0.25575021602474496,
            "c8_ii": 1.6647815358611504,
            "c10_ii": 14.956798634546546,
            "slater_b_init": 68.58716982918737
        },
        {
            "index": 18,
            "element": "H",
            "charge": 0.1335501093078162,
            "dipole": [
                0.03367111132292627,
                -0.01893253961129209,
                -0.028164607933611592
            ],
            "quadrupole": [
                [
                    -0.4927410525162109,
                    -0.4969642309259057,
                    -0.0014446405647756558
                ],
                [
                    -0.4969642309259057,
                    0.010607171784680484,
                    -0.49560736074098444
                ],
                [
                    -0.0014446405647756558,
                    -0.49560736074098444,
                    0.007323779566594089
                ]
            ],
            "volume_eff": 2.7916642708038517,
            "alpha_iso": 0.890956682171442,
            "c6_ii": 0.25480122280437706,
            "c8_ii": 1.6565501265333944,
            "c10_ii": 14.86441463194644,
            "slater_b_init": 68.62967876982783
        },
        {
            "index": 19,
            "element": "H",
            "charge": 0.09349358794842366,
            "dipole": [
                -0.018382092156526857,
                -0.06203949585459365,
                0.003337988213496231
            ],
            "quadrupole": [
                [
                    -0.5171956658511013,
                    -0.5283634739942147,
                    0.002354155704921193
                ],
                [
                    -0.5283634739942147,
                    -0.009423844716814832,
                    -0.5231695585538602
                ],
                [
                    0.002354155704921193,
                    -0.5231695585538602,
                    -0.00876909736706302
                ]
            ],
            "volume_eff": 2.9604070201029713,
            "alpha_iso": 0.944810751096693,
            "c6_ii": 0.28653520049488057,
            "c8_ii": 1.9371944419203067,
            "c10_ii": 18.07626092319816,
            "slater_b_init": 67.30012751342102
        },
        {
            "index": 20,
            "element": "H",
            "charge": 0.09717351900353921,
            "dipole": [
                0.012128065661895487,
                0.032587162080600335,
                -0.052409225671496355
            ],
            "quadrupole": [
                [
                    -0.5145656502261255,
                    -0.5231096395398885,
                    0.008614016658521616
                ],
                [
                    -0.5231096395398885,
                    -0.010066241052387122,
                    -0.527663368841614
                ],
                [
                    0.008614016658521616,
                    -0.527663368841614,
                    -0.005108221711586863
                ]
            ],
            "volume_eff": 2.962986215409754,
            "alpha_iso": 0.9456338985350279,
            "c6_ii": 0.28703469409286964,
            "c8_ii": 1.941698355059676,
            "c10_ii": 18.128809569169924,
            "slater_b_init": 67.28059422838217
        },
        {
            "index": 21,
            "element": "H",
            "charge": 0.09909003578542308,
            "dipole": [
                -0.020032226228412203,
                0.044466159327689894,
                0.03458225338269918
            ],
            "quadrupole": [
                [
                    -0.5014971456918561,
                    -0.5253654378080789,
                    -0.003709646821414621
                ],
                [
                    -0.5253654378080789,
                    0.0041373749999426305,
                    -0.5246145196063513
                ],
                [
                    -0.003709646821414621,
                    -0.5246145196063513,
                    0.006684828309801061
                ]
            ],
            "volume_eff": 2.925535858528983,
            "alpha_iso": 0.9336816569773351,
            "c6_ii": 0.2798246586540061,
            "c8_ii": 1.8769406853875703,
            "c10_ii": 17.376218502923876,
            "slater_b_init": 67.56646851542062
        },
        {
            "index": 22,
            "element": "H",
            "charge": 0.10028311230519615,
            "dipole": [
                -0.0028136514412017413,
                0.0021136742701577138,
                -0.06563351765821346
            ],
            "quadrupole": [
                [
                    -0.5060012101289761,
                    -0.5295825885755362,
                    -0.0007774413025971549
                ],
                [
                    -0.5295825885755362,
                    0.004340347914160761,
                    -0.5312903128242153
                ],
                [
                    -0.0007774413025971549,
                    -0.5312903128242153,
                    0.003355905564408043
                ]
            ],
            "volume_eff": 2.97119431637601,
            "alpha_iso": 0.9482535052263862,
            "c6_ii": 0.2886271909200904,
            "c8_ii": 1.956075266162398,
            "c10_ii": 18.296753437971798,
            "slater_b_init": 67.21858154134489
        },
        {
            "index": 23,
            "element": "H",
            "charge": 0.12651293518518036,
            "dipole": [
                0.014342380120743098,
                -0.044917256296968106,
                -0.01831340550588381
            ],
            "quadrupole": [
                [
                    -0.48133464159348893,
                    -0.4944816867743565,
                    -0.007551504614219501
                ],
                [
                    -0.4944816867743565,
                    0.007414267430526655,
                    -0.4826531029629447
                ],
                [
                    -0.007551504614219501,
                    -0.4826531029629447,
                    0.005272987068125176
                ]
            ],
            "volume_eff": 2.6921845375546134,
            "alpha_iso": 0.8592078311344511,
            "c6_ii": 0.23696531511298707,
            "c8_ii": 1.503772995131345,
            "c10_ii": 13.171035960285678,
            "slater_b_init": 69.46479424811992
        },
        {
            "index": 24,
            "element": "H",
            "charge": 0.14295513250917102,
            "dipole": [
                -0.019949142925087277,
                -0.04039582121361716,
                0.014492205877081695
            ],
            "quadrupole": [
                [
                    -0.49028199045798226,
                    -0.49440137258844524,
                    0.00026835502802716584
                ],
                [
                    -0.49440137258844524,
                    -0.007028257228900927,
                    -0.49220612698849187
                ],
                [
                    0.00026835502802716584,
                    -0.49220612698849187,
                    0.005570743339037252
                ]
            ],
            "volume_eff": 2.781535685396897,
            "alpha_iso": 0.8877241549139033,
            "c6_ii": 0.25295566118095925,
            "c8_ii": 1.640571298555777,
            "c10_ii": 14.685406427785127,
            "slater_b_init": 68.71287975587524
        },
        {
            "index": 25,
            "element": "H",
            "charge": 0.13286652729695547,
            "dipole": [
                -0.011073572707089455,
                0.03710149325294574,
                0.023179064330238797
            ],
            "quadrupole": [
                [
                    -0.4987922930038735,
                    -0.5137743285681933,
                    -0.003504501098677188
                ],
                [
                    -0.5137743285681933,
                    0.0027876913034014204,
                    -0.5058366517131355
                ],
                [
                    -0.003504501098677188,
                    -0.5058366517131355,
                    0.0062533072726996585
                ]
            ],
            "volume_eff": 2.891768520373994,
            "alpha_iso": 0.9229048469278704,
            "c6_ii": 0.2734023119574921,
            "c8_ii": 1.8197238277079728,
            "c10_ii": 16.71663792526235,
            "slater_b_init": 67.82844388738968
        },
        {
            "index": 26,
            "element": "H",
            "charge": 0.13535876248114165,
            "dipole": [
                0.009437137007005313,
                0.0018566200646245971,
                -0.04746922013435468
            ],
            "quadrupole": [
                [
                    -0.49185776747343973,
                    -0.5023780275140763,
                    0.002484652198222551
                ],
                [
                    -0.5023780275140763,
                    -0.0017571424399675534,
                    -0.5085999476037035
                ],
                [
                    0.002484652198222551,
                    -0.5085999476037035,
                    -0.0004522519159181154
                ]
            ],
            "volume_eff": 2.8444716403884485,
            "alpha_iso": 0.9078100979963133,
            "c6_ii": 0.26453208055093796,
            "c8_ii": 1.7414340627129052,
            "c10_ii": 15.822528167898783,
            "slater_b_init": 68.20232179485456
        },
        {
            "index": 27,
            "element": "H",
            "charge": 0.12975591383726381,
            "dipole": [
                -0.015616728727232673,
                0.03967412720599594,
                0.01395532978563477
            ],
            "quadrupole": [
                [
                    -0.5116018954191075,
                    -0.5174129952098001,
                    -0.006771341040740051
                ],
                [
                    -0.5174129952098001,
                    0.002735555278474809,
                    -0.5025221724990034
                ],
                [
                    -0.006771341040740051,
                    -0.5025221724990034,
                    0.002947813032647601
                ]
            ],
            "volume_eff": 2.92515221513601,
            "alpha_iso": 0.933559217596599,
            "c6_ii": 0.27975127323146826,
            "c8_ii": 1.8762843979105848,
            "c10_ii": 17.3686241658882,
            "slater_b_init": 67.56942224160666
        },
        {
            "index": 28,
            "element": "H",
            "charge": 0.13459724908636783,
            "dipole": [
                -0.029450275860825954,
                -0.036465688142919055,
                0.0020531016487350864
            ],
            "quadrupole": [
                [
                    -0.507250562142334,
                    -0.506207556727197,
                    0.0026081303249884257
                ],
                [
                    -0.506207556727197,
                    -0.0035371882343621245,
                    -0.49323327692711044
                ],
                [
                    0.0026081303249884257,
                    -0.49323327692711044,
                    0.0034929202068147186
                ]
            ],
            "volume_eff": 2.8545268407725044,
            "alpha_iso": 0.9110192045018632,
            "c6_ii": 0.2664056267314987,
            "c8_ii": 1.7578983664076475,
            "c10_ii": 16.009740289943554,
            "slater_b_init": 68.12214565476246
        },
        {
            "index": 29,
            "element": "H",
            "charge": 0.14114397452068195,
            "dipole": [
                0.04819504304167149,
                -0.008303719898003574,
                0.00765549060435093
            ],
            "quadrupole": [
                [
                    -0.4999532476555818,
                    -0.49514428043691155,
                    -0.0001108453532873802
                ],
                [
                    -0.49514428043691155,
                    -5.23129418514885e-06,
                    -0.4885459466693273
                ],
                [
                    -0.0001108453532873802,
                    -0.4885459466693273,
                    -0.004523698621583074
                ]
            ],
            "volume_eff": 2.7969688335841667,
            "alpha_iso": 0.8926496277396277,
            "c6_ii": 0.2557704605616802,
            "c8_ii": 1.6649572446781098,
            "c10_ii": 14.95877192353974,
            "slater_b_init": 68.58626500663357
        }
    ]
}