{
    "molecule": "LCarb_88",
    "atoms": [
        {
            "index": 0,
            "element": "C",
            "charge": -0.3657335662267318,
            "dipole": [
                0.0006218344469097556,
                0.04001731236994973,
                0.018397687983640495
            ],
            "quadrupole": [
                [
                    -4.958702293254138,
                    -5.119959304373496,
                    -0.058004128995882004
                ],
                [
                    -5.119959304373496,
                    0.05158618377083568,
                    -5.065734887051356
                ],
                [
                    -0.058004128995882004,
                    -5.065734887051356,
                    -0.032292229254848405
                ]
            ],
            "volume_eff": 38.18579616810481,
            "alpha_iso": 11.995538063278996,
            "c6_ii": 46.56535206753476,
            "c8_ii": 1348.661833717745,
            "c10_ii": 48939.294424635176,
            "slater_b_init": 35.004339069670664
        },
        {
            "index": 1,
            "element": "C",
            "charge": -0.17323335653815342,
            "dipole": [
                0.03427458306951566,
                -0.04729358860476031,
                -0.0005056391260006544
            ],
            "quadrupole": [
                [
                    -4.551753459568047,
                    -4.735816287664291,
                    -0.03431490623878715
                ],
                [
                    -4.735816287664291,
                    0.06145588587840372,
                    -4.669479758122949
                ],
                [
                    -0.03431490623878715,
                    -4.669479758122949,
                    -0.05021248019952597
                ]
            ],
            "volume_eff": 34.51728782559923,
            "alpha_iso": 10.843127065633265,
            "c6_ii": 38.048060087253056,
            "c8_ii": 1030.218247544665,
            "c10_ii": 34949.45573270341,
            "slater_b_init": 36.202920838338315
        },
        {
            "index": 2,
            "element": "C",
            "charge": 0.0806573828319852,
            "dipole": [
                0.10462319778569172,
                0.006180148676282816,
                -0.11491509155927941
            ],
            "quadrupole": [
                [
                    -4.094843690556375,
                    -4.177091156513774,
                    0.07045909145813924
                ],
                [
                    -4.177091156513774,
                    -0.01602104076494279,
                    -4.158480063216715
                ],
                [
                    0.07045909145813924,
                    -4.158480063216715,
                    -0.0572590747355185
                ]
            ],
            "volume_eff": 29.778867409794103,
            "alpha_iso": 9.354618034490294,
            "c6_ii": 28.3188454265169,
            "c8_ii": 694.8962001668373,
            "c10_ii": 21363.81411282376,
            "slater_b_init": 38.02942625376963
        },
        {
            "index": 3,
            "element": "O",
            "charge": -0.42040575646424827,
            "dipole": [
                -0.1083693015443764,
                0.00974137686303899,
                0.004477209790057485
            ],
            "quadrupole": [
                [
                    -4.035505246883991,
                    -4.092060736660909,
                    -0.01564614873367212
                ],
                [
                    -4.092060736660909,
                    -0.01820047879985561,
                    -4.103832700051369
                ],
                [
                    -0.01564614873367212,
                    -4.103832700051369,
                    -0.01573140374829691
                ]
            ],
            "volume_eff": 23.20593507245291,
            "alpha_iso": 6.923317645925177,
            "c6_ii": 25.642808804235646,
            "c8_ii": 1047.5668680616018,
            "c10_ii": 41210.46341396127,
            "slater_b_init": 34.05871235716845
        },
        {
            "index": 4,
            "element": "C",
            "charge": 1.0046400339638657,
            "dipole": [
                -0.0029859474145772103,
                -0.01985464821355619,
                -0.03532805968295579
            ],
            "quadrupole": [
                [
                    -2.863903363588986,
                    -2.7900876549107085,
                    -0.07651141653151412
                ],
                [
                    -2.7900876549107085,
                    -0.02006365365907051,
                    -2.8556845130623643
                ],
                [
                    -0.07651141653151412,
                    -2.8556845130623643,
                    0.0054642128704613605
                ]
            ],
            "volume_eff": 19.037462512480644,
            "alpha_iso": 5.9803547159625055,
            "c6_ii": 11.573835707215627,
            "c8_ii": 210.7603755747732,
            "c10_ii": 4808.560384688801,
            "slater_b_init": 44.145469998743536
        },
        {
            "index": 5,
            "element": "O",
            "charge": -0.65094676536728,
            "dipole": [
                0.021055224948681714,
                0.10197593217406496,
                0.12241413749622246
            ],
            "quadrupole": [
                [
                    -4.479961664852107,
                    -4.413298198327045,
                    -0.038770688211847835
                ],
                [
                    -4.413298198327045,
                    -0.01139903943253237,
                    -4.440911287143559
                ],
                [
                    -0.038770688211847835,
                    -4.440911287143559,
                    0.01207713407434387
                ]
            ],
            "volume_eff": 26.08303442652722,
            "alpha_iso": 7.781678779184916,
            "c6_ii": 32.39542469512011,
            "c8_ii": 1430.669106078614,
            "c10_ii": 60842.11521650881,
            "slater_b_init": 32.757333643795484
        },
        {
            "index": 6,
            "element": "O",
            "charge": -0.41435748781373505,
            "dipole": [
                0.10337395826243422,
                0.013794665197171195,
                -0.015557028417800038
            ],
            "quadrupole": [
                [
                    -4.027754825098615,
                    -4.081489835079903,
                    -0.016902118440852515
                ],
                [
                    -4.081489835079903,
                    0.015205875582190675,
                    -4.114204526968434
                ],
                [
                    -0.016902118440852515,
                    -4.114204526968434,
                    -0.0039871569754007605
                ]
            ],
            "volume_eff": 23.1914320523415,
            "alpha_iso": 6.918990778046636,
            "c6_ii": 25.61076683238794,
            "c8_ii": 1045.821915393462,
            "c10_ii": 41124.67494159673,
            "slater_b_init": 34.06581054265846
        },
        {
            "index": 7,
            "element": "C",
            "charge": -0.011649179111641317,
            "dipole": [
                -0.14183849073475246,
                -0.029306412148565202,
                -0.058973885383052496
            ],
            "quadrupole": [
                [
                    -4.257598159592771,
                    -4.382986709305907,
                    0.04501575275237745
                ],
                [
                    -4.382986709305907,
                    0.06644020325182422,
                    -4.333340044340169
                ],
                [
                    0.04501575275237745,
                    -4.333340044340169,
                    0.0342016552871883
                ]
            ],
            "volume_eff": 31.456366442478146,
            "alpha_iso": 9.881581081406747,
            "c6_ii": 31.59921556630676,
            "c8_ii": 804.2436027926449,
            "c10_ii": 25645.630945872254,
            "slater_b_init": 37.34103174927768
        },
        {
            "index": 8,
            "element": "C",
            "charge": 0.026272786886478272,
            "dipole": [
                0.1470700673638099,
                0.010109073375152202,
                0.028960646617657886
            ],
            "quadrupole": [
                [
                    -4.192873397663561,
                    -4.362876514592635,
                    0.036905051139041516
                ],
                [
                    -4.362876514592635,
                    0.05260843108997955,
                    -4.300363294422383
                ],
                [
                    0.036905051139041516,
                    -4.300363294422383,
                    0.013896280813717386
                ]
            ],
            "volume_eff": 31.173634109064395,
            "alpha_iso": 9.792764641590908,
            "c6_ii": 31.033735781754434,
            "c8_ii": 785.1114129070334,
            "c10_ii": 24885.305844421116,
            "slater_b_init": 37.45358155529167
        },
        {
            "index": 9,
            "element": "F",
            "charge": -0.214808262238666,
            "dipole": [
                -0.0514559056906217,
                -0.017862350217083347,
                -0.0024731086015154
            ],
            "quadrupole": [
                [
                    -3.484346277474306,
                    -3.5558692204683147,
                    -0.003041318598166932
                ],
                [
                    -3.5558692204683147,
                    0.028471369032622967,
                    -3.5682969452628828
                ],
                [
                    -0.003041318598166932,
                    -3.5682969452628828,
                    0.01122314703239288
                ]
            ],
            "volume_eff": 17.855935460478282,
            "alpha_iso": 5.607649152877476,
            "c6_ii": 20.68797961958387,
            "c8_ii": 903.2527189248271,
            "c10_ii": 36586.77453047853,
            "slater_b_init": 33.37729861398654
        },
        {
            "index": 10,
            "element": "H",
            "charge": 0.17555480578451055,
            "dipole": [
                0.018572765095041882,
                0.007790971691340541,
                0.04613902455993223
            ],
            "quadrupole": [
                [
                    -0.4537295149876485,
                    -0.4447293254095923,
                    0.0013968454459636465
                ],
                [
                    -0.4447293254095923,
                    -0.0032397310012135102,
                    -0.45420018793823813
                ],
                [
                    0.0013968454459636465,
                    -0.45420018793823813,
                    -3.3137939757832063e-05
                ]
            ],
            "volume_eff": 2.477765600134511,
            "alpha_iso": 0.7907762553620781,
            "c6_ii": 0.200722274532793,
            "c8_ii": 1.2052116776455615,
            "c10_ii": 9.987832430853276,
            "slater_b_init": 71.41338554906346
        },
        {
            "index": 11,
            "element": "H",
            "charge": 0.17227988455667298,
            "dipole": [
                -0.023774870623642672,
                0.03195639246020759,
                -0.032008307832328844
            ],
            "quadrupole": [
                [
                    -0.456518195563869,
                    -0.4508881615700719,
                    0.005603408097762247
                ],
                [
                    -0.4508881615700719,
                    0.00019571495318184993,
                    -0.44793573154880634
                ],
                [
                    0.005603408097762247,
                    -0.44793573154880634,
                    0.001287101984014945
                ]
            ],
            "volume_eff": 2.4759865447225335,
            "alpha_iso": 0.7902084717199576,
            "c6_ii": 0.20043413763244156,
            "c8_ii": 1.2029054539644355,
            "c10_ii": 9.963947971534523,
            "slater_b_init": 71.43048552797426
        },
        {
            "index": 12,
            "element": "H",
            "charge": 0.1496173415613815,
            "dipole": [
                -0.01725652417210932,
                -0.0055392325848974775,
                -0.05026912234756982
            ],
            "quadrupole": [
                [
                    -0.47650575590912136,
                    -0.46029691285047125,
                    -0.001917473029691047
                ],
                [
                    -0.46029691285047125,
                    -0.007879916647922367,
                    -0.4771928517366877
                ],
                [
                    -0.001917473029691047,
                    -0.4771928517366877,
                    0.002722102591014209
                ]
            ],
            "volume_eff": 2.607703171933788,
            "alpha_iso": 0.8322456931703579,
            "c6_ii": 0.2223266078866154,
            "c8_ii": 1.3812039996833885,
            "c10_ii": 11.843071951090735,
            "slater_b_init": 70.20698298886151
        },
        {
            "index": 13,
            "element": "H",
            "charge": 0.099834787763592,
            "dipole": [
                -0.042484173447514297,
                -0.047441574128094875,
                -0.008808923232646232
            ],
            "quadrupole": [
                [
                    -0.5024128657967545,
                    -0.5198219560083671,
                    0.0025529018189470844
                ],
                [
                    -0.5198219560083671,
                    -0.008483856488873382,
                    -0.5151877758542034
                ],
                [
                    0.0025529018189470844,
                    -0.5151877758542034,
                    -0.0075495202346497646
                ]
            ],
            "volume_eff": 2.874071680814803,
            "alpha_iso": 0.9172569194089797,
            "c6_ii": 0.2700662550777153,
            "c8_ii": 1.790178489864535,
            "c10_ii": 16.378061658861274,
            "slater_b_init": 67.96737498521716
        },
        {
            "index": 14,
            "element": "H",
            "charge": 0.11653527701743016,
            "dipole": [
                0.013290492379794894,
                0.024257682008505185,
                0.06074715537164375
            ],
            "quadrupole": [
                [
                    -0.4978973139007557,
                    -0.507105593183165,
                    -0.0004087774243182913
                ],
                [
                    -0.507105593183165,
                    -0.010102335546480356,
                    -0.5072613279025511
                ],
                [
                    -0.0004087774243182913,
                    -0.5072613279025511,
                    -0.005173532781507468
                ]
            ],
            "volume_eff": 2.83783569785609,
            "alpha_iso": 0.9056922439966245,
            "c6_ii": 0.2632992526139095,
            "c8_ii": 1.730621414383304,
            "c10_ii": 15.699820074476477,
            "slater_b_init": 68.25544142782846
        },
        {
            "index": 15,
            "element": "H",
            "charge": 0.11593864631861828,
            "dipole": [
                0.00818609365675091,
                -0.0023884390405011433,
                0.06344840369016111
            ],
            "quadrupole": [
                [
                    -0.4971860056244101,
                    -0.501800169144526,
                    0.000249698883345909
                ],
                [
                    -0.501800169144526,
                    0.011973577295075824,
                    -0.5114156539312318
                ],
                [
                    0.000249698883345909,
                    -0.5114156539312318,
                    0.0033771413003299048
                ]
            ],
            "volume_eff": 2.8309171389742076,
            "alpha_iso": 0.9034841932896408,
            "c6_ii": 0.26201698611888957,
            "c8_ii": 1.7193930512327886,
            "c10_ii": 15.572596927728247,
            "slater_b_init": 68.31099999661697
        },
        {
            "index": 16,
            "element": "H",
            "charge": 0.11787085348952286,
            "dipole": [
                0.038310441929233253,
                -0.03335749892573657,
                -0.03422063137401853
            ],
            "quadrupole": [
                [
                    -0.48678033203135934,
                    -0.4960963361988673,
                    -0.00041286565617845646
                ],
                [
                    -0.4960963361988673,
                    0.010501396262839573,
                    -0.5003413517059945
                ],
                [
                    -0.00041286565617845646,
                    -0.5003413517059945,
                    0.004025439195805097
                ]
            ],
            "volume_eff": 2.752587069540316,
            "alpha_iso": 0.8784852349596753,
            "c6_ii": 0.2477178272727908,
            "c8_ii": 1.5954342868032265,
            "c10_ii": 14.182106258500593,
            "slater_b_init": 68.95292181815013
        },
        {
            "index": 17,
            "element": "H",
            "charge": 0.09209282174899569,
            "dipole": [
                -0.008047551868810263,
                0.0038712098011096804,
                -0.06135881901764676
            ],
            "quadrupole": [
                [
                    -0.508236806673248,
                    -0.5174848884321476,
                    0.0008762971781822638
                ],
                [
                    -0.5174848884321476,
                    0.007912851261582643,
                    -0.5302597858911008
                ],
                [
                    0.0008762971781822638,
                    -0.5302597858911008,
                    -0.0018263607855503116
                ]
            ],
            "volume_eff": 2.919935618548209,
            "alpha_iso": 0.931894346345173,
            "c6_ii": 0.27875436903089545,
            "c8_ii": 1.8673747500574935,
            "c10_ii": 17.265590504012817,
            "slater_b_init": 67.60963690875937
        },
        {
            "index": 18,
            "element": "H",
            "charge": 0.10627308458750173,
            "dipole": [
                -0.031958466227309544,
                0.039674759258759795,
                0.04189309635360741
            ],
            "quadrupole": [
                [
                    -0.49422489695226507,
                    -0.5046141865689105,
                    0.0010241312995625535
                ],
                [
                    -0.5046141865689105,
                    0.007850394957045674,
                    -0.5087857198341347
                ],
                [
                    0.0010241312995625535,
                    -0.5087857198341347,
                    0.003903734819677906
                ]
            ],
            "volume_eff": 2.800728294661829,
            "alpha_iso": 0.8938494557431369,
            "c6_ii": 0.25645849491160316,
            "c8_ii": 1.6709316696233834,
            "c10_ii": 15.02589835481177,
            "slater_b_init": 68.55556312917162
        }
    ]
}