{
    "molecule": "Est_397",
    "atoms": [
        {
            "index": 0,
            "element": "C",
            "charge": -0.09672005326920718,
            "dipole": [
                0.15583681469612443,
                -0.004436107437276452,
                -0.019944990984134964
            ],
            "quadrupole": [
                [
                    -4.423352723424069,
                    -4.557535716514127,
                    0.010096342716110304
                ],
                [
                    -4.557535716514127,
                    -0.005671176219314428,
                    -4.525154612893669
                ],
                [
                    0.010096342716110304,
                    -4.525154612893669,
                    -0.010075348313689503
                ]
            ],
            "volume_eff": 33.11745613645075,
            "alpha_iso": 10.403389362235835,
            "c6_ii": 35.02459566915507,
            "c8_ii": 922.5361363846297,
            "c10_ii": 30444.447914908727,
            "slater_b_init": 36.705981557430114
        },
        {
            "index": 1,
            "element": "O",
            "charge": -0.31287082576873715,
            "dipole": [
                -0.05586000065434983,
                -0.07188686399986233,
                0.02977252646718481
            ],
            "quadrupole": [
                [
                    -3.939648263341893,
                    -3.9610286030382302,
                    -0.010176423519626512
                ],
                [
                    -3.9610286030382302,
                    -0.0790066078740809,
                    -4.0315366049928345
                ],
                [
                    -0.010176423519626512,
                    -4.0315366049928345,
                    0.0059805287725319175
                ]
            ],
            "volume_eff": 22.539724773439325,
            "alpha_iso": 6.724558772186318,
            "c6_ii": 24.19160406780425,
            "c8_ii": 969.2753838504347,
            "c10_ii": 37397.21701048898,
            "slater_b_init": 34.39101916181971
        },
        {
            "index": 2,
            "element": "C",
            "charge": -0.15901300367721838,
            "dipole": [
                -0.06341158958849821,
                0.1602525483598155,
                -0.026850422333116637
            ],
            "quadrupole": [
                [
                    -4.700500402645118,
                    -4.5506261945841695,
                    -0.006935271936319091
                ],
                [
                    -4.5506261945841695,
                    -0.02467745319077036,
                    -4.573578577451473
                ],
                [
                    -0.006935271936319091,
                    -4.573578577451473,
                    0.008082289258944636
                ]
            ],
            "volume_eff": 34.08299813005763,
            "alpha_iso": 10.706700983264177,
            "c6_ii": 37.09665681276669,
            "c8_ii": 996.0143052441723,
            "c10_ii": 33505.09390176085,
            "slater_b_init": 36.35603965132576
        },
        {
            "index": 3,
            "element": "C",
            "charge": 0.727293137466674,
            "dipole": [
                0.08742660955592281,
                0.037507217304006045,
                -0.0027544163771982292
            ],
            "quadrupole": [
                [
                    -3.3162352999953995,
                    -3.19217431563323,
                    -0.09677882695823299
                ],
                [
                    -3.19217431563323,
                    0.015720429910722013,
                    -3.0476053418266096
                ],
                [
                    -0.09677882695823299,
                    -3.0476053418266096,
                    0.026876607618137507
                ]
            ],
            "volume_eff": 21.71167140835131,
            "alpha_iso": 6.820420337701981,
            "c6_ii": 15.05378489558992,
            "c8_ii": 299.235756745332,
            "c10_ii": 7452.392653085659,
            "slater_b_init": 42.253051543161284
        },
        {
            "index": 4,
            "element": "O",
            "charge": -0.5534419604488026,
            "dipole": [
                0.049648395515981096,
                -0.09889882958113645,
                -0.0425197091191467
            ],
            "quadrupole": [
                [
                    -4.415719531830991,
                    -4.33352333665754,
                    -0.05242578815299308
                ],
                [
                    -4.33352333665754,
                    -0.009222667699409185,
                    -4.241162348481685
                ],
                [
                    -0.05242578815299308,
                    -4.241162348481685,
                    -0.01349646471611233
                ]
            ],
            "volume_eff": 25.249040439725846,
            "alpha_iso": 7.532862893619865,
            "c6_ii": 30.356884932632735,
            "c8_ii": 1311.9095734664763,
            "c10_ii": 54595.91914539466,
            "slater_b_init": 33.114100032423806
        },
        {
            "index": 5,
            "element": "O",
            "charge": -0.33724435390410434,
            "dipole": [
                0.0723124454955029,
                0.02445621682998166,
                0.0007725796824279297
            ],
            "quadrupole": [
                [
                    -3.9190959460325554,
                    -3.9917479605746053,
                    -0.013890905248343268
                ],
                [
                    -3.9917479605746053,
                    0.026246572028402432,
                    -3.961651468201514
                ],
                [
                    -0.013890905248343268,
                    -3.961651468201514,
                    0.012585297660695889
                ]
            ],
            "volume_eff": 22.25898556943833,
            "alpha_iso": 6.64080232458381,
            "c6_ii": 23.59272928743089,
            "c8_ii": 937.4149483002698,
            "c10_ii": 35867.007913933856,
            "slater_b_init": 34.53499995022029
        },
        {
            "index": 6,
            "element": "C",
            "charge": -0.0423416689582945,
            "dipole": [
                -0.15430362989554602,
                0.057462871700188406,
                0.03310883925348218
            ],
            "quadrupole": [
                [
                    -4.254380995079327,
                    -4.414030252967319,
                    -0.043103371572471794
                ],
                [
                    -4.414030252967319,
                    -0.035591303134304975,
                    -4.336491978459473
                ],
                [
                    -0.043103371572471794,
                    -4.336491978459473,
                    -0.01687877986863866
                ]
            ],
            "volume_eff": 31.23873146541929,
            "alpha_iso": 9.813214072906582,
            "c6_ii": 31.163481545390542,
            "c8_ii": 789.4909820356767,
            "c10_ii": 25058.948089048492,
            "slater_b_init": 37.42754737087776
        },
        {
            "index": 7,
            "element": "C",
            "charge": 0.30705709696743444,
            "dipole": [
                -0.05189539253348925,
                -0.05045129130890943,
                -0.0240027249370249
            ],
            "quadrupole": [
                [
                    -3.581944727061185,
                    -3.796356268700064,
                    -0.11184182732833037
                ],
                [
                    -3.796356268700064,
                    -0.12505859332047273,
                    -3.597727813380309
                ],
                [
                    -0.11184182732833037,
                    -3.597727813380309,
                    -0.05577167377998918
                ]
            ],
            "volume_eff": 25.147345077999088,
            "alpha_iso": 7.899689553298142,
            "c6_ii": 20.194982144399525,
            "c8_ii": 442.7349879604032,
            "c10_ii": 12160.702800769715,
            "slater_b_init": 40.23386782733127
        },
        {
            "index": 8,
            "element": "N",
            "charge": -0.3991836929178376,
            "dipole": [
                0.03691824493507585,
                0.09011421029916272,
                0.04004852969630767
            ],
            "quadrupole": [
                [
                    -4.556461361713381,
                    -4.763581638194221,
                    -0.1089457598188677
                ],
                [
                    -4.763581638194221,
                    -0.1450816460790271,
                    -4.569672763089415
                ],
                [
                    -0.1089457598188677,
                    -4.569672763089415,
                    -0.06784371540151521
                ]
            ],
            "volume_eff": 30.29319344059818,
            "alpha_iso": 8.825576041749077,
            "c6_ii": 34.42215445110347,
            "c8_ii": 1215.748762627327,
            "c10_ii": 46774.71531106184,
            "slater_b_init": 33.94679050765512
        },
        {
            "index": 9,
            "element": "H",
            "charge": 0.08327172297117413,
            "dipole": [
                -0.006672363932611681,
                -0.008247874561139528,
                0.05747496973167738
            ],
            "quadrupole": [
                [
                    -0.5265938657122926,
                    -0.5566199274576762,
                    0.0037626674711659387
                ],
                [
                    -0.5566199274576762,
                    -0.003735120757613935,
                    -0.5564634338677888
                ],
                [
                    0.0037626674711659387,
                    -0.5564634338677888,
                    0.0033517189117485
                ]
            ],
            "volume_eff": 3.156847959170988,
            "alpha_iso": 1.0075046678205282,
            "c6_ii": 0.3258235437985675,
            "c8_ii": 2.2992129068872704,
            "c10_ii": 22.393195394447453,
            "slater_b_init": 65.87416757874351
        },
        {
            "index": 10,
            "element": "H",
            "charge": 0.08194399932201168,
            "dipole": [
                -0.020918259672211028,
                -0.03423294181295672,
                -0.04327710749824769
            ],
            "quadrupole": [
                [
                    -0.5314383433940414,
                    -0.5602597736687859,
                    -0.0005582745454298121
                ],
                [
                    -0.5602597736687859,
                    -0.007561367403798749,
                    -0.5531575390760258
                ],
                [
                    -0.0005582745454298121,
                    -0.5531575390760258,
                    -0.007874257015560649
                ]
            ],
            "volume_eff": 3.1702229820009378,
            "alpha_iso": 1.011773292127959,
            "c6_ii": 0.3285903093981438,
            "c8_ii": 2.325281697516761,
            "c10_ii": 22.71101531869395,
            "slater_b_init": 65.7813969781733
        },
        {
            "index": 11,
            "element": "H",
            "charge": 0.12144765448682926,
            "dipole": [
                -0.007815189893476245,
                0.059208213938022565,
                -0.013433349970077108
            ],
            "quadrupole": [
                [
                    -0.480228361886561,
                    -0.5014498904084588,
                    -0.0007760611233985997
                ],
                [
                    -0.5014498904084588,
                    0.0013920560252361062,
                    -0.5035003345790181
                ],
                [
                    -0.0007760611233985997,
                    -0.5035003345790181,
                    -0.003641730512274387
                ]
            ],
            "volume_eff": 2.7576489812713456,
            "alpha_iso": 0.8801007387036209,
            "c6_ii": 0.24862975391275483,
            "c8_ii": 1.603270143074789,
            "c10_ii": 14.269227590281188,
            "slater_b_init": 68.91070622253741
        },
        {
            "index": 12,
            "element": "H",
            "charge": 0.13213106902580773,
            "dipole": [
                -0.02245961964013685,
                -0.025884067017041018,
                -0.045705019278144444
            ],
            "quadrupole": [
                [
                    -0.4925025503718815,
                    -0.48364114274180214,
                    -0.006919075777589445
                ],
                [
                    -0.48364114274180214,
                    -0.011160531002068798,
                    -0.4910311078253188
                ],
                [
                    -0.006919075777589445,
                    -0.4910311078253188,
                    -0.001991971228649033
                ]
            ],
            "volume_eff": 2.742671508239809,
            "alpha_iso": 0.875320694119088,
            "c6_ii": 0.24593634884421198,
            "c8_ii": 1.5801544303895463,
            "c10_ii": 14.012528215414584,
            "slater_b_init": 69.03591688802281
        },
        {
            "index": 13,
            "element": "H",
            "charge": 0.12803603169921263,
            "dipole": [
                -0.01517630547692428,
                -0.005078124969017115,
                0.05337166318331361
            ],
            "quadrupole": [
                [
                    -0.49841141683048856,
                    -0.4827797559627998,
                    0.0016567321666917621
                ],
                [
                    -0.4827797559627998,
                    -0.008639226080784804,
                    -0.5055018655627151
                ],
                [
                    0.0016567321666917621,
                    -0.5055018655627151,
                    0.005879064835572061
                ]
            ],
            "volume_eff": 2.787733366441298,
            "alpha_iso": 0.8897021382259462,
            "c6_ii": 0.25408416375134985,
            "c8_ii": 1.6503372480312024,
            "c10_ii": 14.794761241405203,
            "slater_b_init": 68.6619212126968
        },
        {
            "index": 14,
            "element": "H",
            "charge": 0.1560020424503925,
            "dipole": [
                0.01019561710972347,
                -0.0020508978892342404,
                -0.06474141915037833
            ],
            "quadrupole": [
                [
                    -0.44652064355853893,
                    -0.46580139110134644,
                    -0.0014852745763218676
                ],
                [
                    -0.46580139110134644,
                    -5.3188018915882166e-05,
                    -0.4650667968305568
                ],
                [
                    -0.0014852745763218676,
                    -0.4650667968305568,
                    0.0009625391537964268
                ]
            ],
            "volume_eff": 2.508742429986519,
            "alpha_iso": 0.8006624776552721,
            "c6_ii": 0.20577247507718582,
            "c8_ii": 1.245811340886575,
            "c10_ii": 10.41016069994188,
            "slater_b_init": 71.11824057055799
        },
        {
            "index": 15,
            "element": "H",
            "charge": 0.15433029296141876,
            "dipole": [
                0.01613230583028437,
                -0.051456757823092586,
                0.037833475876023384
            ],
            "quadrupole": [
                [
                    -0.4496262937124332,
                    -0.47075513492247084,
                    -0.0007712601334442192
                ],
                [
                    -0.47075513492247084,
                    0.0008079969926844524,
                    -0.4663600500043955
                ],
                [
                    -0.0007712601334442192,
                    -0.4663600500043955,
                    -0.0019494269305312976
                ]
            ],
            "volume_eff": 2.534085010300852,
            "alpha_iso": 0.8087505352023996,
            "c6_ii": 0.20995077941906615,
            "c8_ii": 1.2796540037600892,
            "c10_ii": 10.764845062468396,
            "slater_b_init": 70.88036885173567
        }
    ]
}