{
    "molecule": "Phos_735",
    "atoms": [
        {
            "index": 0,
            "element": "C",
            "charge": -0.3799996582501155,
            "dipole": [
                0.03886099362935892,
                0.02576705004712484,
                0.023519051925024834
            ],
            "quadrupole": [
                [
                    -5.1365410798621305,
                    -5.105943929200498,
                    -0.023028900850560658
                ],
                [
                    -5.105943929200498,
                    -0.04236197712379819,
                    -4.97620468070873
                ],
                [
                    -0.023028900850560658,
                    -4.97620468070873,
                    -0.0775864756440569
                ]
            ],
            "volume_eff": 38.37837037635706,
            "alpha_iso": 12.05603257896033,
            "c6_ii": 47.036202388852814,
            "c8_ii": 1366.875250906147,
            "c10_ii": 49766.828990077716,
            "slater_b_init": 34.94569284793896
        },
        {
            "index": 1,
            "element": "C",
            "charge": -0.1522153466861642,
            "dipole": [
                -0.06886382378593163,
                0.003016243455814108,
                0.0025702217924863393
            ],
            "quadrupole": [
                [
                    -4.657344001004503,
                    -4.636460827527164,
                    -0.010305772794823323
                ],
                [
                    -4.636460827527164,
                    -0.012982176393483206,
                    -4.492312870362858
                ],
                [
                    -0.010305772794823323,
                    -4.492312870362858,
                    -0.10455181665439822
                ]
            ],
            "volume_eff": 33.92217337599427,
            "alpha_iso": 10.656180118113381,
            "c6_ii": 36.74739264910314,
            "c8_ii": 983.5306973356192,
            "c10_ii": 32980.996136041744,
            "slater_b_init": 36.413403657413156
        },
        {
            "index": 2,
            "element": "C",
            "charge": 0.10667685035020114,
            "dipole": [
                -0.06964102887025972,
                -0.08463283229579843,
                0.12790950575320034
            ],
            "quadrupole": [
                [
                    -4.10332060327112,
                    -4.118900501458288,
                    0.016541999827101625
                ],
                [
                    -4.118900501458288,
                    0.08140322831081757,
                    -4.059919438065673
                ],
                [
                    0.016541999827101625,
                    -4.059919438065673,
                    -0.06626665280077373
                ]
            ],
            "volume_eff": 29.302021995206523,
            "alpha_iso": 9.204823663415661,
            "c6_ii": 27.419174209967256,
            "c8_ii": 665.6179737976017,
            "c10_ii": 20244.64522248531,
            "slater_b_init": 38.234607416186854
        },
        {
            "index": 3,
            "element": "O",
            "charge": -0.5590829293441786,
            "dipole": [
                0.19514864369980542,
                -0.07401150439286822,
                0.020731035544754427
            ],
            "quadrupole": [
                [
                    -4.248273955040921,
                    -4.24036524726628,
                    0.016954208634342553
                ],
                [
                    -4.24036524726628,
                    0.01981237680334928,
                    -4.228608616675056
                ],
                [
                    0.016954208634342553,
                    -4.228608616675056,
                    -0.027510405901424024
                ]
            ],
            "volume_eff": 24.32368682847361,
            "alpha_iso": 7.256790545511463,
            "c6_ii": 28.172556266605724,
            "c8_ii": 1187.5793443411346,
            "c10_ii": 48206.832826873586,
            "slater_b_init": 33.52880805870264
        },
        {
            "index": 4,
            "element": "P",
            "charge": 1.7271856660593272,
            "dipole": [
                0.032965295679689,
                0.011481731495176272,
                0.09394430211798815
            ],
            "quadrupole": [
                [
                    -6.380359944426851,
                    -6.423191784373203,
                    0.0033325273126168834
                ],
                [
                    -6.423191784373203,
                    0.02276596301561233,
                    -6.382052186170535
                ],
                [
                    0.0033325273126168834,
                    -6.382052186170535,
                    -0.010378320647837938
                ]
            ],
            "volume_eff": 51.87992698377856,
            "alpha_iso": 19.95381807068406,
            "c6_ii": 117.85383725699552,
            "c8_ii": 3837.019786867462,
            "c10_ii": 70747.52601422218,
            "slater_b_init": 35.57557596777879
        },
        {
            "index": 5,
            "element": "O",
            "charge": -0.8580585965315848,
            "dipole": [
                -0.09612053375049592,
                0.004162165734364719,
                -0.3141597834835434
            ],
            "quadrupole": [
                [
                    -4.776795415738554,
                    -4.7498926198179925,
                    -0.006141455455518543
                ],
                [
                    -4.7498926198179925,
                    0.011775165962410008,
                    -4.790111217122266
                ],
                [
                    -0.006141455455518543,
                    -4.790111217122266,
                    -0.012332156321861742
                ]
            ],
            "volume_eff": 28.56249493263888,
            "alpha_iso": 8.52140732796961,
            "c6_ii": 38.847200701204294,
            "c8_ii": 1822.6667364773186,
            "c10_ii": 82350.14915006733,
            "slater_b_init": 31.780632445638687
        },
        {
            "index": 6,
            "element": "O",
            "charge": -0.5949247783339011,
            "dipole": [
                0.048225671711271074,
                0.15802074131400665,
                0.09436805813261288
            ],
            "quadrupole": [
                [
                    -4.26220342833814,
                    -4.278669174477722,
                    -0.03587987707205698
                ],
                [
                    -4.278669174477722,
                    -0.020444386979928706,
                    -4.254193146498855
                ],
                [
                    -0.03587987707205698,
                    -4.254193146498855,
                    -0.025775525934770106
                ]
            ],
            "volume_eff": 24.489949307140066,
            "alpha_iso": 7.30639371594234,
            "c6_ii": 28.559014762168815,
            "c8_ii": 1209.3497614182627,
            "c10_ii": 49313.99756709061,
            "slater_b_init": 33.45275991124209
        },
        {
            "index": 7,
            "element": "C",
            "charge": 0.5638253905989412,
            "dipole": [
                0.1627084091020305,
                0.047021111651593,
                0.0023648067874544017
            ],
            "quadrupole": [
                [
                    -3.421857947207104,
                    -3.426632944900003,
                    -0.04824582485867744
                ],
                [
                    -3.426632944900003,
                    -0.00605922504117637,
                    -3.542710862894822
                ],
                [
                    -0.04824582485867744,
                    -3.542710862894822,
                    0.016677461667571104
                ]
            ],
            "volume_eff": 24.178178188479748,
            "alpha_iso": 7.595239221511962,
            "c6_ii": 18.668367372020164,
            "c8_ii": 398.68295130635084,
            "c10_ii": 10667.519614332112,
            "slater_b_init": 40.764423738120385
        },
        {
            "index": 8,
            "element": "C",
            "charge": -0.6215671201036788,
            "dipole": [
                0.011866002782627526,
                -0.00226182135232821,
                0.01551785042326302
            ],
            "quadrupole": [
                [
                    -5.333436332205958,
                    -5.340905993958506,
                    -0.012412577870938257
                ],
                [
                    -5.340905993958506,
                    -0.01897271652351795,
                    -5.414069677097038
                ],
                [
                    -0.012412577870938257,
                    -5.414069677097038,
                    0.004697793977262093
                ]
            ],
            "volume_eff": 40.603911063105265,
            "alpha_iso": 12.75515530778176,
            "c6_ii": 52.64958188010073,
            "c8_ii": 1588.592282268187,
            "c10_ii": 60054.344341184995,
            "slater_b_init": 34.295189693660134
        },
        {
            "index": 9,
            "element": "F",
            "charge": -0.2545581662176559,
            "dipole": [
                0.01551844769052322,
                0.0031246771566454837,
                0.01806304618928818
            ],
            "quadrupole": [
                [
                    -3.597436839060558,
                    -3.534367189782974,
                    -0.024613082873186587
                ],
                [
                    -3.534367189782974,
                    0.003156030996165847,
                    -3.5885777445139317
                ],
                [
                    -0.024613082873186587,
                    -3.5885777445139317,
                    -0.01607717102193872
                ]
            ],
            "volume_eff": 18.10069890200785,
            "alpha_iso": 5.6845170105479195,
            "c6_ii": 21.259035291584645,
            "c8_ii": 936.6483558727755,
            "c10_ii": 38285.40503484094,
            "slater_b_init": 33.22616917605975
        },
        {
            "index": 10,
            "element": "O",
            "charge": -0.6021526144495581,
            "dipole": [
                -0.11669382843971168,
                -0.061818496711051454,
                0.1276847497429134
            ],
            "quadrupole": [
                [
                    -4.257524077896185,
                    -4.26861629088221,
                    0.008690909595724366
                ],
                [
                    -4.26861629088221,
                    8.511939073311952e-05,
                    -4.307342536056273
                ],
                [
                    0.008690909595724366,
                    -4.307342536056273,
                    0.044382566956434694
                ]
            ],
            "volume_eff": 24.597236543944152,
            "alpha_iso": 7.3384020628341675,
            "c6_ii": 28.8097894183339,
            "c8_ii": 1223.529393709705,
            "c10_ii": 50037.81237134974,
            "slater_b_init": 33.4040513900373
        },
        {
            "index": 11,
            "element": "C",
            "charge": 0.5729360054301598,
            "dipole": [
                -0.014693274689028054,
                0.07018869421813877,
                0.1526451554743348
            ],
            "quadrupole": [
                [
                    -3.546735480970162,
                    -3.4010281627563734,
                    0.00816712951595748
                ],
                [
                    -3.4010281627563734,
                    0.014751164533911128,
                    -3.410389651866493
                ],
                [
                    0.00816712951595748,
                    -3.410389651866493,
                    -0.013122651302065268
                ]
            ],
            "volume_eff": 24.100566702295705,
            "alpha_iso": 7.570858649935823,
            "c6_ii": 18.548709531212197,
            "c8_ii": 395.279368144173,
            "c10_ii": 10553.804688211114,
            "slater_b_init": 40.808134984662715
        },
        {
            "index": 12,
            "element": "C",
            "charge": -0.6406906408731885,
            "dipole": [
                -0.014909921214370035,
                0.004542912046623456,
                0.002511171379371273
            ],
            "quadrupole": [
                [
                    -5.459172639700016,
                    -5.385124226621769,
                    0.018627317275844046
                ],
                [
                    -5.385124226621769,
                    0.008361883639108047,
                    -5.3934217281777626
                ],
                [
                    0.018627317275844046,
                    -5.3934217281777626,
                    -0.014129539970783507
                ]
            ],
            "volume_eff": 41.12720629375756,
            "alpha_iso": 12.919541244112322,
            "c6_ii": 54.01540167817836,
            "c8_ii": 1643.7762183692155,
            "c10_ii": 62673.252798758556,
            "slater_b_init": 34.14911308938467
        },
        {
            "index": 13,
            "element": "F",
            "charge": -0.253554229931666,
            "dipole": [
                -0.019421358357237906,
                0.016889220919190196,
                0.006828511413129828
            ],
            "quadrupole": [
                [
                    -3.5991797701324195,
                    -3.559338322468288,
                    -0.04186391537247442
                ],
                [
                    -3.559338322468288,
                    0.014370603078297366,
                    -3.554350643388682
                ],
                [
                    -0.04186391537247442,
                    -3.554350643388682,
                    0.006652694916085142
                ]
            ],
            "volume_eff": 18.07991418479575,
            "alpha_iso": 5.677989578696186,
            "c6_ii": 21.2102405630148,
            "c8_ii": 933.7830010236055,
            "c10_ii": 38139.059705544154,
            "slater_b_init": 33.23889659749541
        },
        {
            "index": 14,
            "element": "H",
            "charge": 0.17187070648028202,
            "dipole": [
                0.0020565426367224952,
                0.0488275413013049,
                0.003824116399950988
            ],
            "quadrupole": [
                [
                    -0.4483461985981875,
                    -0.45920540556618544,
                    0.0010274072682419013
                ],
                [
                    -0.45920540556618544,
                    0.0012062191358384027,
                    -0.4572336160932291
                ],
                [
                    0.0010274072682419013,
                    -0.4572336160932291,
                    0.003575839727934075
                ]
            ],
            "volume_eff": 2.5058547550113053,
            "alpha_iso": 0.7997408792589272,
            "c6_ii": 0.20529904102350482,
            "c8_ii": 1.2419910487349413,
            "c10_ii": 10.370272438089067,
            "slater_b_init": 71.14554828895004
        },
        {
            "index": 15,
            "element": "H",
            "charge": 0.17628807460381357,
            "dipole": [
                0.03442256328575773,
                -0.03487735647113587,
                0.013346788182998668
            ],
            "quadrupole": [
                [
                    -0.4481278834664048,
                    -0.44273583954858725,
                    0.001995610632218371
                ],
                [
                    -0.44273583954858725,
                    0.004790412019895242,
                    -0.4518160092521645
                ],
                [
                    0.001995610632218371,
                    -0.4518160092521645,
                    0.002286015891463354
                ]
            ],
            "volume_eff": 2.446084527724948,
            "alpha_iso": 0.7806652748058345,
            "c6_ii": 0.1956221611540666,
            "c8_ii": 1.1645549208307702,
            "c10_ii": 9.56846014361943,
            "slater_b_init": 71.72037340671898
        },
        {
            "index": 16,
            "element": "H",
            "charge": 0.1493759732756108,
            "dipole": [
                -7.981931151968418e-05,
                -0.05369253219586916,
                0.00016145264843328528
            ],
            "quadrupole": [
                [
                    -0.4599900352645763,
                    -0.47637251015893994,
                    -0.0004173035992803598
                ],
                [
                    -0.47637251015893994,
                    -0.004035225744764125,
                    -0.4768671724136615
                ],
                [
                    -0.0004173035992803598,
                    -0.4768671724136615,
                    0.0075906433294316055
                ]
            ],
            "volume_eff": 2.6049067264890393,
            "alpha_iso": 0.8313532105816083,
            "c6_ii": 0.22185002690559313,
            "c8_ii": 1.377257731756821,
            "c10_ii": 11.800790695222336,
            "slater_b_init": 70.23209710424291
        },
        {
            "index": 17,
            "element": "H",
            "charge": 0.1060045928538128,
            "dipole": [
                0.01296064699308608,
                0.06098666107524318,
                0.019084795823637885
            ],
            "quadrupole": [
                [
                    -0.49396748989178246,
                    -0.5116194703373794,
                    -0.0023001732886494047
                ],
                [
                    -0.5116194703373794,
                    -0.002765905366758087,
                    -0.5037143426813636
                ],
                [
                    -0.0023001732886494047,
                    -0.5037143426813636,
                    -0.007524739148579797
                ]
            ],
            "volume_eff": 2.8058049776023366,
            "alpha_iso": 0.8954696737028734,
            "c6_ii": 0.25738906604394807,
            "c8_ii": 1.6790206217648802,
            "c10_ii": 15.116878461136553,
            "slater_b_init": 68.51419116670374
        },
        {
            "index": 18,
            "element": "H",
            "charge": 0.10591930449697196,
            "dipole": [
                -0.012239829379751977,
                -0.022864346331699825,
                -0.06188340919292623
            ],
            "quadrupole": [
                [
                    -0.49751828506342516,
                    -0.5095318361522084,
                    -0.002710039456000226
                ],
                [
                    -0.5095318361522084,
                    0.004562214809208183,
                    -0.5089273470265666
                ],
                [
                    -0.002710039456000226,
                    -0.5089273470265666,
                    -0.006930808472678061
                ]
            ],
            "volume_eff": 2.8220194568164283,
            "alpha_iso": 0.9006445074946048,
            "c6_ii": 0.2603725154430269,
            "c8_ii": 1.7050197863068712,
            "c10_ii": 15.410043430204452,
            "slater_b_init": 68.38271836406109
        },
        {
            "index": 19,
            "element": "H",
            "charge": 0.0677504549669723,
            "dipole": [
                -0.06859527272382566,
                -0.018389127702414656,
                -0.050981859464164864
            ],
            "quadrupole": [
                [
                    -0.5173483776524883,
                    -0.5175211880948903,
                    -0.0036786927147384116
                ],
                [
                    -0.5175211880948903,
                    -0.0005146641372438948,
                    -0.5259785034256017
                ],
                [
                    -0.0036786927147384116,
                    -0.5259785034256017,
                    -0.006102001498680998
                ]
            ],
            "volume_eff": 2.8792815155264915,
            "alpha_iso": 0.9189196326148377,
            "c6_ii": 0.27104624162135427,
            "c8_ii": 1.7988450593576688,
            "c10_ii": 16.477232916180643,
            "slater_b_init": 67.92635635217123
        },
        {
            "index": 20,
            "element": "H",
            "charge": 0.1824154066277095,
            "dipole": [
                0.03339425617842914,
                0.012620281837521613,
                0.024250573202164748
            ],
            "quadrupole": [
                [
                    -0.4515558466502762,
                    -0.45318690426957964,
                    -1.3766637204482453e-05
                ],
                [
                    -0.45318690426957964,
                    -0.002155413768547456,
                    -0.44967876923276767
                ],
                [
                    -1.3766637204482453e-05,
                    -0.44967876923276767,
                    -0.007043719676959482
                ]
            ],
            "volume_eff": 2.4935383334688472,
            "alpha_iso": 0.7958101064262278,
            "c6_ii": 0.20328588719436086,
            "c8_ii": 1.225779096033454,
            "c10_ii": 10.201342930369167,
            "slater_b_init": 71.26249319226255
        },
        {
            "index": 21,
            "element": "H",
            "charge": 0.17621248275295165,
            "dipole": [
                -0.030604130131918778,
                0.03283347321024851,
                0.00032344408568928167
            ],
            "quadrupole": [
                [
                    -0.4616204589000132,
                    -0.46140488335817775,
                    -0.0006493440121835503
                ],
                [
                    -0.46140488335817775,
                    0.0024227333699942347,
                    -0.4500408313474556
                ],
                [
                    -0.0006493440121835503,
                    -0.4500408313474556,
                    -0.0005256067967845345
                ]
            ],
            "volume_eff": 2.535102154446893,
            "alpha_iso": 0.8090751556745402,
            "c6_ii": 0.21011935550338667,
            "c8_ii": 1.281024152989817,
            "c10_ii": 10.779254638867396,
            "slater_b_init": 70.87088794562064
        },
        {
            "index": 22,
            "element": "H",
            "charge": 0.18695044673181027,
            "dipole": [
                -0.011764402545895074,
                -0.03998823881471525,
                0.01684979769058179
            ],
            "quadrupole": [
                [
                    -0.44607298392693306,
                    -0.44698221041300906,
                    0.0036597981641765666
                ],
                [
                    -0.44698221041300906,
                    -0.0029204605252696426,
                    -0.44154530361687416
                ],
                [
                    0.0036597981641765666,
                    -0.44154530361687416,
                    -0.0018796153073777533
                ]
            ],
            "volume_eff": 2.4419524433127497,
            "alpha_iso": 0.7793465244615159,
            "c6_ii": 0.1949618041351401,
            "c8_ii": 1.1593163253340473,
            "c10_ii": 9.51468737352721,
            "slater_b_init": 71.76080384706553
        },
        {
            "index": 23,
            "element": "H",
            "charge": 0.06307143946546478,
            "dipole": [
                0.05102612169685975,
                -0.04640355739401426,
                -0.05288584069366205
            ],
            "quadrupole": [
                [
                    -0.5291416239582611,
                    -0.5237697476325635,
                    -0.00022405037165421085
                ],
                [
                    -0.5237697476325635,
                    0.0065602717080888865,
                    -0.520105283503641
                ],
                [
                    -0.00022405037165421085,
                    -0.520105283503641,
                    0.004202007753789182
                ]
            ],
            "volume_eff": 2.9075732888900765,
            "alpha_iso": 0.9279489219861947,
            "c6_ii": 0.27639900305183784,
            "c8_ii": 1.8463663129356003,
            "c10_ii": 17.023130106109434,
            "slater_b_init": 67.7053216105186
        },
        {
            "index": 24,
            "element": "H",
            "charge": 0.17890619074384706,
            "dipole": [
                -0.026242390291030804,
                0.019649071402992765,
                0.02609316922219573
            ],
            "quadrupole": [
                [
                    -0.45399425487751405,
                    -0.45882328532565436,
                    -0.0002808305286145588
                ],
                [
                    -0.45882328532565436,
                    0.003479518512248171,
                    -0.45668266233322713
                ],
                [
                    -0.0002808305286145588,
                    -0.45668266233322713,
                    0.007044616369691317
                ]
            ],
            "volume_eff": 2.532444430606044,
            "alpha_iso": 0.8082269459380993,
            "c6_ii": 0.20967902098334698,
            "c8_ii": 1.2774459832105187,
            "c10_ii": 10.74163188315978,
            "slater_b_init": 70.89567156226971
        },
        {
            "index": 25,
            "element": "H",
            "charge": 0.17946515227294046,
            "dipole": [
                -0.014490562745937225,
                -0.04070479247531975,
                -0.005697827958962633
            ],
            "quadrupole": [
                [
                    -0.4485749800900821,
                    -0.4583595786519676,
                    -0.0014187903150745884
                ],
                [
                    -0.4583595786519676,
                    -0.004517012428879455,
                    -0.4543438451154074
                ],
                [
                    -0.0014187903150745884,
                    -0.4543438451154074,
                    0.0022429777985540447
                ]
            ],
            "volume_eff": 2.506274726659595,
            "alpha_iso": 0.7998749127637005,
            "c6_ii": 0.20536786145416264,
            "c8_ii": 1.2425462007611348,
            "c10_ii": 10.376066963935704,
            "slater_b_init": 71.14157415927869
        },
        {
            "index": 26,
            "element": "H",
            "charge": 0.20111525839122912,
            "dipole": [
                0.0030365790134971268,
                0.024911625213573655,
                -0.03818830700679533
            ],
            "quadrupole": [
                [
                    -0.4262722842883275,
                    -0.4327897039665966,
                    0.0008793336111385349
                ],
                [
                    -0.4327897039665966,
                    0.0014987031605265648,
                    -0.4335240817733384
                ],
                [
                    0.0008793336111385349,
                    -0.4335240817733384,
                    0.0012531817697820622
                ]
            ],
            "volume_eff": 2.3468089958483325,
            "alpha_iso": 0.7489815944196806,
            "c6_ii": 0.18006554504031627,
            "c8_ii": 1.0427416754046306,
            "c10_ii": 8.334182338732711,
            "slater_b_init": 72.71775247322599
        }
    ]
}