{
    "molecule": "Sulf_473",
    "atoms": [
        {
            "index": 0,
            "element": "C",
            "charge": -0.37887995053627677,
            "dipole": [
                0.005145117733547092,
                0.04835919158425131,
                0.022126268978574722
            ],
            "quadrupole": [
                [
                    -5.020252303334262,
                    -5.112516033144092,
                    -0.09145609119364456
                ],
                [
                    -5.112516033144092,
                    -0.02852006877445436,
                    -4.955406559049067
                ],
                [
                    -0.09145609119364456,
                    -4.955406559049067,
                    -0.012595529471236525
                ]
            ],
            "volume_eff": 37.827171945967336,
            "alpha_iso": 11.88288123957089,
            "c6_ii": 45.69481653753163,
            "c8_ii": 1315.1495183270147,
            "c10_ii": 47423.95634713006,
            "slater_b_init": 35.11461200844008
        },
        {
            "index": 1,
            "element": "C",
            "charge": -0.05103163471031369,
            "dipole": [
                -0.11366547199146607,
                -0.014023668386988727,
                -0.004803295004814194
            ],
            "quadrupole": [
                [
                    -4.496781359663584,
                    -4.472758182610904,
                    -0.06378363058997047
                ],
                [
                    -4.472758182610904,
                    -0.058985385551208386,
                    -4.362202175575036
                ],
                [
                    -0.06378363058997047,
                    -4.362202175575036,
                    -0.026294690105986052
                ]
            ],
            "volume_eff": 32.62916422353617,
            "alpha_iso": 10.249999232524452,
            "c6_ii": 33.99938726965719,
            "c8_ii": 886.7080815700514,
            "c10_ii": 28973.74961918002,
            "slater_b_init": 36.88817606480644
        },
        {
            "index": 2,
            "element": "C",
            "charge": -0.46360794594628274,
            "dipole": [
                0.12099105216454327,
                0.0025392925858256617,
                0.000273679831058418
            ],
            "quadrupole": [
                [
                    -5.179151297926949,
                    -5.075987819613403,
                    -0.04753589776255754
                ],
                [
                    -5.075987819613403,
                    0.025633251326370867,
                    -4.997417435340468
                ],
                [
                    -0.04753589776255754,
                    -4.997417435340468,
                    0.01476970532231059
                ]
            ],
            "volume_eff": 38.117424521079585,
            "alpha_iso": 11.97406005897788,
            "c6_ii": 46.398750876347464,
            "c8_ii": 1342.232029302756,
            "c10_ii": 48647.81814970158,
            "slater_b_init": 35.02525579217611
        },
        {
            "index": 3,
            "element": "S",
            "charge": 1.2084971741152746,
            "dipole": [
                0.05862129887272254,
                0.13050062223314626,
                0.05929828986364232
            ],
            "quadrupole": [
                [
                    -7.628008198499817,
                    -7.723176086290179,
                    -0.0210710499767464
                ],
                [
                    -7.723176086290179,
                    -0.03549625654633474,
                    -7.678595367920872
                ],
                [
                    -0.0210710499767464,
                    -7.678595367920872,
                    -0.02334876264358685
                ]
            ],
            "volume_eff": 59.60071205616249,
            "alpha_iso": 15.534228142297671,
            "c6_ii": 84.1728464517693,
            "c8_ii": 2151.8712273283413,
            "c10_ii": 55287.455801618315,
            "slater_b_init": 36.73959640342585
        },
        {
            "index": 4,
            "element": "O",
            "charge": -0.6087748453347572,
            "dipole": [
                0.025623628391344196,
                0.012556325522739132,
                0.17321475385057739
            ],
            "quadrupole": [
                [
                    -4.332584138379454,
                    -4.330347129817182,
                    -0.010063319995120817
                ],
                [
                    -4.330347129817182,
                    -0.0074676354151827105,
                    -4.374339375437562
                ],
                [
                    -0.010063319995120817,
                    -4.374339375437562,
                    -0.0033642730275842947
                ]
            ],
            "volume_eff": 25.15519789120365,
            "alpha_iso": 7.504865669198879,
            "c6_ii": 30.131650751660867,
            "c8_ii": 1298.947291449337,
            "c10_ii": 53922.462385226485,
            "slater_b_init": 33.15522679154208
        },
        {
            "index": 5,
            "element": "O",
            "charge": -0.6080256752994089,
            "dipole": [
                0.024635986214595593,
                0.13776795188479837,
                -0.10342247963226865
            ],
            "quadrupole": [
                [
                    -4.331941342564105,
                    -4.361321233999949,
                    0.01790810849512953
                ],
                [
                    -4.361321233999949,
                    -0.010045243464912758,
                    -4.339398923164064
                ],
                [
                    0.01790810849512953,
                    -4.339398923164064,
                    -0.0008208219849292238
                ]
            ],
            "volume_eff": 25.142978979256398,
            "alpha_iso": 7.501220247954947,
            "c6_ii": 30.102385502398374,
            "c8_ii": 1297.265433757423,
            "c10_ii": 53835.20400879063,
            "slater_b_init": 33.16059681536102
        },
        {
            "index": 6,
            "element": "C",
            "charge": -0.5163532385013987,
            "dipole": [
                -0.12627692609086846,
                0.033830523822946906,
                0.018843187960427672
            ],
            "quadrupole": [
                [
                    -5.326851641714562,
                    -5.2797765954779265,
                    -0.06125017369115056
                ],
                [
                    -5.2797765954779265,
                    0.015609664628190302,
                    -5.179556771964698
                ],
                [
                    -0.06125017369115056,
                    -5.179556771964698,
                    0.016281732123231456
                ]
            ],
            "volume_eff": 40.09655031191087,
            "alpha_iso": 12.595774967092417,
            "c6_ii": 51.34205063338925,
            "c8_ii": 1536.2084883089042,
            "c10_ii": 57589.26954126357,
            "slater_b_init": 34.439234957471726
        },
        {
            "index": 7,
            "element": "C",
            "charge": -0.10751227015871478,
            "dipole": [
                -0.004037919397865345,
                -0.08617759562007521,
                -0.03995452978974125
            ],
            "quadrupole": [
                [
                    -4.457965620102166,
                    -4.45700640133018,
                    -0.03879478423502701
                ],
                [
                    -4.45700640133018,
                    -0.014389147268722874,
                    -4.393658662687827
                ],
                [
                    -0.03879478423502701,
                    -4.393658662687827,
                    -0.004581466318602248
                ]
            ],
            "volume_eff": 32.24417608848915,
            "alpha_iso": 10.129060551357847,
            "c6_ii": 33.20180994884192,
            "c8_ii": 859.0825388870203,
            "c10_ii": 27849.825885995117,
            "slater_b_init": 37.034407755266024
        },
        {
            "index": 8,
            "element": "C",
            "charge": -0.4305125730864461,
            "dipole": [
                0.07357151225989991,
                0.018217331054780867,
                0.008082845653256898
            ],
            "quadrupole": [
                [
                    -5.121975000159777,
                    -5.07618730191705,
                    -0.01659977921451186
                ],
                [
                    -5.07618730191705,
                    -0.042683846959632434,
                    -5.053328469847424
                ],
                [
                    -0.01659977921451186,
                    -5.053328469847424,
                    -0.01857927473188117
                ]
            ],
            "volume_eff": 38.33991929569693,
            "alpha_iso": 12.04395370545453,
            "c6_ii": 46.94199897246909,
            "c8_ii": 1363.2263928915918,
            "c10_ii": 49600.81945715039,
            "slater_b_init": 34.95737128241575
        },
        {
            "index": 9,
            "element": "H",
            "charge": 0.1711778273169795,
            "dipole": [
                0.05058254000427611,
                -0.002787174045135498,
                -0.0017509640746731093
            ],
            "quadrupole": [
                [
                    -0.45705366434418426,
                    -0.4490055751405274,
                    0.004823685646957507
                ],
                [
                    -0.4490055751405274,
                    0.0004056727912557108,
                    -0.4572859081187087
                ],
                [
                    0.004823685646957507,
                    -0.4572859081187087,
                    0.00011319016436347589
                ]
            ],
            "volume_eff": 2.497201139643978,
            "alpha_iso": 0.7969790871204185,
            "c6_ii": 0.2038835468887616,
            "c8_ii": 1.2305864964796318,
            "c10_ii": 10.251378413380195,
            "slater_b_init": 71.22763437656589
        },
        {
            "index": 10,
            "element": "H",
            "charge": 0.20010647142482307,
            "dipole": [
                -0.02893854469683871,
                0.03981479696338236,
                0.018467725569727735
            ],
            "quadrupole": [
                [
                    -0.41596460598639223,
                    -0.42055719862027424,
                    0.0024882452002769903
                ],
                [
                    -0.42055719862027424,
                    0.002715026752002572,
                    -0.4248375895315662
                ],
                [
                    0.0024882452002769903,
                    -0.4248375895315662,
                    0.0010803790379264214
                ]
            ],
            "volume_eff": 2.255555291032,
            "alpha_iso": 0.7198580716059575,
            "c6_ii": 0.16633440400817834,
            "c8_ii": 0.9380918294577097,
            "c10_ii": 7.3021168003202455,
            "slater_b_init": 73.68547198574868
        },
        {
            "index": 11,
            "element": "H",
            "charge": 0.13037283563689972,
            "dipole": [
                0.036157083495875715,
                -0.04109172026772915,
                -0.01913728605382629
            ],
            "quadrupole": [
                [
                    -0.47791538972913716,
                    -0.4962200658103665,
                    0.003564970639919813
                ],
                [
                    -0.4962200658103665,
                    0.008150587478301531,
                    -0.5025218826254368
                ],
                [
                    0.003564970639919813,
                    -0.5025218826254368,
                    0.0034724918870544337
                ]
            ],
            "volume_eff": 2.753529355415771,
            "alpha_iso": 0.878785964494395,
            "c6_ii": 0.24788745748396235,
            "c8_ii": 1.5968911311508942,
            "c10_ii": 14.198295799546335,
            "slater_b_init": 68.94505545600919
        },
        {
            "index": 12,
            "element": "H",
            "charge": 0.19873673585804408,
            "dipole": [
                -0.0014699084657437468,
                -0.0357531337552812,
                0.032234077110627264
            ],
            "quadrupole": [
                [
                    -0.4197346621078591,
                    -0.43383888622541816,
                    0.0029243722180454265
                ],
                [
                    -0.43383888622541816,
                    -0.004119131036606439,
                    -0.4243873249720179
                ],
                [
                    0.0029243722180454265,
                    -0.4243873249720179,
                    -0.000571088418664716
                ]
            ],
            "volume_eff": 2.30371675842619,
            "alpha_iso": 0.7352287526892096,
            "c6_ii": 0.17351350973215068,
            "c8_ii": 0.9924614142127417,
            "c10_ii": 7.834911987806776,
            "slater_b_init": 73.16836238768816
        },
        {
            "index": 13,
            "element": "H",
            "charge": 0.1989908697822368,
            "dipole": [
                -0.0023384351344178933,
                0.0011904802035572985,
                -0.04784081794502221
            ],
            "quadrupole": [
                [
                    -0.41957608030038085,
                    -0.42520368416349846,
                    -0.003925984555104862
                ],
                [
                    -0.42520368416349846,
                    -0.0031315506678813755,
                    -0.4319483772777839
                ],
                [
                    -0.003925984555104862,
                    -0.4319483772777839,
                    -0.0030803952148467065
                ]
            ],
            "volume_eff": 2.300402221941764,
            "alpha_iso": 0.7341709218963077,
            "c6_ii": 0.17301457415444363,
            "c8_ii": 0.9886581611065601,
            "c10_ii": 7.797399363404682,
            "slater_b_init": 73.20348708884902
        },
        {
            "index": 14,
            "element": "H",
            "charge": 0.1948663720324202,
            "dipole": [
                -0.010310202000643974,
                0.0025603947073792655,
                -0.043026393316776206
            ],
            "quadrupole": [
                [
                    -0.4218667581132358,
                    -0.42768936943859376,
                    -0.004519610718011497
                ],
                [
                    -0.42768936943859376,
                    -0.003153534561054819,
                    -0.4374134251033814
                ],
                [
                    -0.004519610718011497,
                    -0.4374134251033814,
                    -0.004972778715197203
                ]
            ],
            "volume_eff": 2.326904644893138,
            "alpha_iso": 0.7426291419871718,
            "c6_ii": 0.17702406303387253,
            "c8_ii": 1.0193241429206552,
            "c10_ii": 8.100885094111897,
            "slater_b_init": 72.92450670496856
        },
        {
            "index": 15,
            "element": "H",
            "charge": 0.19478165803617375,
            "dipole": [
                -0.009646759542183024,
                -0.031164302861961066,
                0.030101296879714124
            ],
            "quadrupole": [
                [
                    -0.42207774841499573,
                    -0.43850728875800987,
                    0.00417857250694086
                ],
                [
                    -0.43850728875800987,
                    -0.005748912686277112,
                    -0.4272877210525116
                ],
                [
                    0.00417857250694086,
                    -0.4272877210525116,
                    0.0008102693998101125
                ]
            ],
            "volume_eff": 2.330372044873109,
            "alpha_iso": 0.7437357590020561,
            "c6_ii": 0.1775520353046602,
            "c8_ii": 1.0233796535131896,
            "c10_ii": 8.141193111137621,
            "slater_b_init": 72.88832021589204
        },
        {
            "index": 16,
            "element": "H",
            "charge": 0.1311556709129662,
            "dipole": [
                0.00499225057806948,
                0.0011974679785095943,
                0.05505540829081204
            ],
            "quadrupole": [
                [
                    -0.47741347818693536,
                    -0.48890398692964243,
                    -0.0010028116606454439
                ],
                [
                    -0.48890398692964243,
                    -0.00337186893469481,
                    -0.49634899135211497
                ],
                [
                    -0.0010028116606454439,
                    -0.49634899135211497,
                    -0.003380003168153489
                ]
            ],
            "volume_eff": 2.7102166095695748,
            "alpha_iso": 0.8649627477349707,
            "c6_ii": 0.24015030159506168,
            "c8_ii": 1.5307822579047594,
            "c10_ii": 13.46740307704726,
            "slater_b_init": 69.31039300055951
        },
        {
            "index": 17,
            "element": "H",
            "charge": 0.13059412718769137,
            "dipole": [
                0.004232000038431777,
                0.043060843493860225,
                -0.03531069212404397
            ],
            "quadrupole": [
                [
                    -0.4784333552056136,
                    -0.4958742762584787,
                    0.003856007639473543
                ],
                [
                    -0.4958742762584787,
                    -0.004783754434437918,
                    -0.49166574381212547
                ],
                [
                    0.003856007639473543,
                    -0.49166574381212547,
                    -0.0004509631932752007
                ]
            ],
            "volume_eff": 2.720220826622519,
            "alpha_iso": 0.8681555829646338,
            "c6_ii": 0.2419265064450524,
            "c8_ii": 1.5458968427332653,
            "c10_ii": 13.633825194317657,
            "slater_b_init": 69.22532049597241
        },
        {
            "index": 18,
            "element": "H",
            "charge": 0.13344571816615547,
            "dipole": [
                0.002184432000663083,
                -0.03789320194986611,
                0.02752441797256194
            ],
            "quadrupole": [
                [
                    -0.49225106257921436,
                    -0.5103546717068712,
                    0.0028348706536729085
                ],
                [
                    -0.5103546717068712,
                    -0.0005400483973556593,
                    -0.5012871588491301
                ],
                [
                    0.0028348706536729085,
                    -0.5012871588491301,
                    0.004263758328031692
                ]
            ],
            "volume_eff": 2.8435950173675066,
            "alpha_iso": 0.9075303246917574,
            "c6_ii": 0.26436905612485545,
            "c8_ii": 1.7400032740571236,
            "c10_ii": 15.806279800548452,
            "slater_b_init": 68.20932954177005
        },
        {
            "index": 19,
            "element": "H",
            "charge": 0.14343332412604615,
            "dipole": [
                -0.025829893892382494,
                0.03816545212850462,
                0.01755934366708053
            ],
            "quadrupole": [
                [
                    -0.4891250810564464,
                    -0.4881312465550386,
                    0.0012505328357004404
                ],
                [
                    -0.4881312465550386,
                    0.00698181324137669,
                    -0.49000755280873665
                ],
                [
                    0.0012505328357004404,
                    -0.49000755280873665,
                    0.002931783124013151
                ]
            ],
            "volume_eff": 2.7481684540458113,
            "alpha_iso": 0.877075038525259,
            "c6_ii": 0.2469231630037802,
            "c8_ii": 1.5886138583890184,
            "c10_ii": 14.106361759565926,
            "slater_b_init": 68.98985712120643
        },
        {
            "index": 20,
            "element": "H",
            "charge": 0.13412418344879207,
            "dipole": [
                0.001688730508250332,
                -0.003669946430559214,
                -0.04602070852478331
            ],
            "quadrupole": [
                [
                    -0.49149344295135666,
                    -0.5014711281769754,
                    -0.003724840296017649
                ],
                [
                    -0.5014711281769754,
                    0.0031355213903663712,
                    -0.5074425879725343
                ],
                [
                    -0.003724840296017649,
                    -0.5074425879725343,
                    -0.003076255258876306
                ]
            ],
            "volume_eff": 2.834013640793022,
            "alpha_iso": 0.9044724385509644,
            "c6_ii": 0.262590496229093,
            "c8_ii": 1.7244128217347752,
            "c10_ii": 15.62944792620955,
            "slater_b_init": 68.28611159354126
        }
    ]
}