{
    "molecule": "Est_390",
    "atoms": [
        {
            "index": 0,
            "element": "C",
            "charge": -0.09107058083599462,
            "dipole": [
                -0.13223522987011233,
                0.08522205914357003,
                0.012886363295613476
            ],
            "quadrupole": [
                [
                    -4.453259447930253,
                    -4.521426155108937,
                    0.01516408536606102
                ],
                [
                    -4.521426155108937,
                    -0.05721296177478503,
                    -4.521717649116643
                ],
                [
                    0.01516408536606102,
                    -4.521717649116643,
                    -0.0032108704886142482
                ]
            ],
            "volume_eff": 33.12233801543458,
            "alpha_iso": 10.40492293678573,
            "c6_ii": 35.034922455090005,
            "c8_ii": 922.8988263225496,
            "c10_ii": 30459.409981254772,
            "slater_b_init": 36.70417811223096
        },
        {
            "index": 1,
            "element": "O",
            "charge": -0.3043169512470456,
            "dipole": [
                0.0032330350227499924,
                -0.09192253373399376,
                0.021724681100273802
            ],
            "quadrupole": [
                [
                    -3.8631013357625896,
                    -4.016915087855277,
                    -0.004296454508718797
                ],
                [
                    -4.016915087855277,
                    0.013389419352064324,
                    -4.009587699724208
                ],
                [
                    -0.004296454508718797,
                    -4.009587699724208,
                    -0.04536495411405133
                ]
            ],
            "volume_eff": 22.42529593571051,
            "alpha_iso": 6.690419781924682,
            "c6_ii": 23.946597496246845,
            "c8_ii": 956.2087525481032,
            "c10_ii": 36768.10088444057,
            "slater_b_init": 34.44941526536653
        },
        {
            "index": 2,
            "element": "C",
            "charge": -0.1543842238331372,
            "dipole": [
                0.132071992058459,
                0.10864262719158192,
                -0.05963322346717483
            ],
            "quadrupole": [
                [
                    -4.656486738704041,
                    -4.636247324501048,
                    -0.0004278885048244326
                ],
                [
                    -4.636247324501048,
                    0.07345180274457391,
                    -4.56550662628543
                ],
                [
                    -0.0004278885048244326,
                    -4.56550662628543,
                    0.0005453686582222414
                ]
            ],
            "volume_eff": 34.28606094699938,
            "alpha_iso": 10.770490349842737,
            "c6_ii": 37.540009352251296,
            "c8_ii": 1011.9173639170975,
            "c10_ii": 34175.13034681598,
            "slater_b_init": 36.28412332508643
        },
        {
            "index": 3,
            "element": "C",
            "charge": 0.7241208460764978,
            "dipole": [
                -0.08256507468777846,
                0.01685900682038268,
                0.016368443341561977
            ],
            "quadrupole": [
                [
                    -3.2621556978515804,
                    -3.29560397793047,
                    0.04713642990112788
                ],
                [
                    -3.29560397793047,
                    0.07728508815982628,
                    -3.056928591052727
                ],
                [
                    0.04713642990112788,
                    -3.056928591052727,
                    0.038986657027787544
                ]
            ],
            "volume_eff": 21.94085657665505,
            "alpha_iso": 6.892415678530382,
            "c6_ii": 15.373273299106645,
            "c8_ii": 307.7331933209022,
            "c10_ii": 7717.85826669108,
            "slater_b_init": 42.105416964649365
        },
        {
            "index": 4,
            "element": "O",
            "charge": -0.5363613013082933,
            "dipole": [
                -0.006263673360862815,
                0.09734402275460802,
                -0.023977734889953493
            ],
            "quadrupole": [
                [
                    -4.359820953496269,
                    -4.314562665505602,
                    0.02293586854985669
                ],
                [
                    -4.314562665505602,
                    0.013690245258588241,
                    -4.222235494875969
                ],
                [
                    0.02293586854985669,
                    -4.222235494875969,
                    0.0395650423264377
                ]
            ],
            "volume_eff": 25.000078929650925,
            "alpha_iso": 7.458587083984254,
            "c6_ii": 29.761184228884666,
            "c8_ii": 1277.6970920019419,
            "c10_ii": 52822.042251822946,
            "slater_b_init": 33.223658627034744
        },
        {
            "index": 5,
            "element": "O",
            "charge": -0.39341308230862637,
            "dipole": [
                -0.09814737156791119,
                0.021583132051785393,
                0.00016990670954412264
            ],
            "quadrupole": [
                [
                    -4.022053352047949,
                    -4.102384875835845,
                    0.0074203243394345185
                ],
                [
                    -4.102384875835845,
                    0.014183244493690936,
                    -4.0607671919503
                ],
                [
                    0.0074203243394345185,
                    -4.0607671919503,
                    0.001514448118805662
                ]
            ],
            "volume_eff": 23.14356922224447,
            "alpha_iso": 6.904711259675146,
            "c6_ii": 25.5051641371729,
            "c8_ii": 1040.0761212951518,
            "c10_ii": 40842.4430775269,
            "slater_b_init": 34.089278017681785
        },
        {
            "index": 6,
            "element": "C",
            "charge": 0.042109413939758866,
            "dipole": [
                0.11504913893766391,
                -0.07594241714944822,
                -0.05772220532361222
            ],
            "quadrupole": [
                [
                    -4.183780089201604,
                    -4.243167211740176,
                    0.009873744683656602
                ],
                [
                    -4.243167211740176,
                    -0.05012856140670035,
                    -4.375873540056596
                ],
                [
                    0.009873744683656602,
                    -4.375873540056596,
                    -0.020850718419171986
                ]
            ],
            "volume_eff": 31.13608753693307,
            "alpha_iso": 9.780969906889968,
            "c6_ii": 30.959024653389598,
            "c8_ii": 782.5923043588064,
            "c10_ii": 24785.53716422935,
            "slater_b_init": 37.468630424417654
        },
        {
            "index": 7,
            "element": "C",
            "charge": -0.05543643074529214,
            "dipole": [
                -0.04525329803614773,
                -0.03359596072615668,
                0.00033979382743272733
            ],
            "quadrupole": [
                [
                    -4.386954897172081,
                    -4.406017385697679,
                    -0.0234414942511202
                ],
                [
                    -4.406017385697679,
                    -0.006869492566234448,
                    -4.40266829726274
                ],
                [
                    -0.0234414942511202,
                    -4.40266829726274,
                    -0.015170873286451328
                ]
            ],
            "volume_eff": 32.12685272918711,
            "alpha_iso": 10.09220504581794,
            "c6_ii": 32.96063392504459,
            "c8_ii": 850.7721940044627,
            "c10_ii": 27513.477061530462,
            "slater_b_init": 37.07943470650289
        },
        {
            "index": 8,
            "element": "C",
            "charge": -0.4447075345623386,
            "dipole": [
                -0.00028335896232545575,
                0.064142395198869,
                0.03245007079820516
            ],
            "quadrupole": [
                [
                    -5.114124298782081,
                    -5.198326492977442,
                    -0.029531633606111735
                ],
                [
                    -5.198326492977442,
                    -0.01682156131441207,
                    -5.13160348517427
                ],
                [
                    -0.029531633606111735,
                    -5.13160348517427,
                    0.0006314005996158723
                ]
            ],
            "volume_eff": 39.1677033068894,
            "alpha_iso": 12.303990567609233,
            "c6_ii": 48.99089839702967,
            "c8_ii": 1443.1331993194444,
            "c10_ii": 53261.315836636764,
            "slater_b_init": 34.70934859757118
        },
        {
            "index": 9,
            "element": "C",
            "charge": -0.43509674043896585,
            "dipole": [
                0.06297508107746522,
                -0.04111544982484335,
                -0.013387806859474391
            ],
            "quadrupole": [
                [
                    -5.16707529942575,
                    -5.084932120649823,
                    -0.0041422500441257865
                ],
                [
                    -5.084932120649823,
                    0.023917678467214386,
                    -5.101141092472165
                ],
                [
                    -0.0041422500441257865,
                    -5.101141092472165,
                    0.007750918284518702
                ]
            ],
            "volume_eff": 38.835997237809124,
            "alpha_iso": 12.19978970821229,
            "c6_ii": 48.164617304767205,
            "c8_ii": 1410.7715667311534,
            "c10_ii": 51772.5721579685,
            "slater_b_init": 34.80788842246457
        },
        {
            "index": 10,
            "element": "H",
            "charge": 0.07695801850722095,
            "dipole": [
                0.012533338829208016,
                -0.012758287675496494,
                0.05569231753734831
            ],
            "quadrupole": [
                [
                    -0.5427189986111277,
                    -0.5591322544206162,
                    0.008448249312726665
                ],
                [
                    -0.5591322544206162,
                    -0.010899286552492428,
                    -0.564333733048048
                ],
                [
                    0.008448249312726665,
                    -0.564333733048048,
                    -0.006555056326996158
                ]
            ],
            "volume_eff": 3.226807634766424,
            "alpha_iso": 1.0298322238616247,
            "c6_ii": 0.3404248721222008,
            "c8_ii": 2.437610332836061,
            "c10_ii": 24.090589998124056,
            "slater_b_init": 65.39461745728119
        },
        {
            "index": 11,
            "element": "H",
            "charge": 0.07644903051964536,
            "dipole": [
                -0.01280107538975694,
                -0.03714226917836361,
                -0.04358935142801587
            ],
            "quadrupole": [
                [
                    -0.539894071120417,
                    -0.5654557636991657,
                    -0.0032263793170908377
                ],
                [
                    -0.5654557636991657,
                    -0.012572143241695836,
                    -0.5630219316761473
                ],
                [
                    -0.0032263793170908377,
                    -0.5630219316761473,
                    0.0005776509335676506
                ]
            ],
            "volume_eff": 3.232350176297882,
            "alpha_iso": 1.0316011200950688,
            "c6_ii": 0.3415953413026717,
            "c8_ii": 2.4487915820423107,
            "c10_ii": 24.22879766963877,
            "slater_b_init": 65.35721848255851
        },
        {
            "index": 12,
            "element": "H",
            "charge": 0.11713854871237461,
            "dipole": [
                0.03573394746806446,
                0.0455638902724034,
                -0.020049312942103787
            ],
            "quadrupole": [
                [
                    -0.49326508800079294,
                    -0.4987758396808357,
                    7.999210478016362e-05
                ],
                [
                    -0.4987758396808357,
                    -0.011286684054835202,
                    -0.5085266848208367
                ],
                [
                    7.999210478016362e-05,
                    -0.5085266848208367,
                    -0.0014866612634729312
                ]
            ],
            "volume_eff": 2.7955003784652157,
            "alpha_iso": 0.8921809718506007,
            "c6_ii": 0.2555019635782635,
            "c8_ii": 1.6626272504833681,
            "c10_ii": 14.932609275241596,
            "slater_b_init": 68.59827218583345
        },
        {
            "index": 13,
            "element": "H",
            "charge": 0.12129117391791189,
            "dipole": [
                -0.004138380143175834,
                -0.03227804610545928,
                -0.04593178122051385
            ],
            "quadrupole": [
                [
                    -0.49680724813170973,
                    -0.5130037430368396,
                    -0.009931928538729467
                ],
                [
                    -0.5130037430368396,
                    0.00772402807726145,
                    -0.506089424421816
                ],
                [
                    -0.009931928538729467,
                    -0.506089424421816,
                    -0.004803634942448357
                ]
            ],
            "volume_eff": 2.8671833877574664,
            "alpha_iso": 0.9150585280077022,
            "c6_ii": 0.26877326977370597,
            "c8_ii": 1.7787599312080826,
            "c10_ii": 16.247582691884883,
            "slater_b_init": 68.02176108548115
        },
        {
            "index": 14,
            "element": "H",
            "charge": 0.12238191610796134,
            "dipole": [
                0.020375121257024773,
                -0.008243403629043713,
                0.052377593766974186
            ],
            "quadrupole": [
                [
                    -0.4964610435075265,
                    -0.5044255374979238,
                    0.004506899199131243
                ],
                [
                    -0.5044255374979238,
                    0.011379717657227388,
                    -0.5101843581610975
                ],
                [
                    0.004506899199131243,
                    -0.5101843581610975,
                    -0.007762982185374329
                ]
            ],
            "volume_eff": 2.853753654067932,
            "alpha_iso": 0.9107724427876379,
            "c6_ii": 0.26626132723549867,
            "c8_ii": 1.7566289190164543,
            "c10_ii": 15.995290017568532,
            "slater_b_init": 68.12829736318565
        },
        {
            "index": 15,
            "element": "H",
            "charge": 0.10202999632137744,
            "dipole": [
                0.0034033828331154273,
                0.0631537751766943,
                0.016707600053584987
            ],
            "quadrupole": [
                [
                    -0.5073320048428425,
                    -0.5295395137560701,
                    0.00015949078959693187
                ],
                [
                    -0.5295395137560701,
                    -0.007815551583733092,
                    -0.5273302767049218
                ],
                [
                    0.00015949078959693187,
                    -0.5273302767049218,
                    0.005555910558932936
                ]
            ],
            "volume_eff": 2.9677143534921937,
            "alpha_iso": 0.9471428787741043,
            "c6_ii": 0.2879514870756166,
            "c8_ii": 1.9499718375396864,
            "c10_ii": 18.225418415285603,
            "slater_b_init": 67.24484494017237
        },
        {
            "index": 16,
            "element": "H",
            "charge": 0.09589498340405989,
            "dipole": [
                -0.02835940371905648,
                -0.04056103666384192,
                0.03395633865771705
            ],
            "quadrupole": [
                [
                    -0.5089604226205896,
                    -0.5289043792821243,
                    0.0025918248181005647
                ],
                [
                    -0.5289043792821243,
                    -0.010281262382251513,
                    -0.5271965808635348
                ],
                [
                    0.0025918248181005647,
                    -0.5271965808635348,
                    0.004668591893413759
                ]
            ],
            "volume_eff": 2.9599527793794653,
            "alpha_iso": 0.9446657806530209,
            "c6_ii": 0.2864472761179792,
            "c8_ii": 1.9364019021673626,
            "c10_ii": 18.067017257238163,
            "slater_b_init": 67.30357001146325
        },
        {
            "index": 17,
            "element": "H",
            "charge": 0.12810177412963752,
            "dipole": [
                0.021380836323925054,
                0.02604062480529347,
                -0.03881459078346239
            ],
            "quadrupole": [
                [
                    -0.48236005843415786,
                    -0.4831147778594167,
                    0.007771802901804964
                ],
                [
                    -0.4831147778594167,
                    -0.008040406946590114,
                    -0.48749269835996306
                ],
                [
                    0.007771802901804964,
                    -0.48749269835996306,
                    0.007414966219518923
                ]
            ],
            "volume_eff": 2.6790453730089285,
            "alpha_iso": 0.8550144807475305,
            "c6_ii": 0.23465794838873086,
            "c8_ii": 1.484281463991043,
            "c10_ii": 12.957983230310663,
            "slater_b_init": 69.57817061714928
        },
        {
            "index": 18,
            "element": "H",
            "charge": 0.13796578332792397,
            "dipole": [
                -0.025103592490734176,
                0.009337152653781605,
                -0.0377707078791101
            ],
            "quadrupole": [
                [
                    -0.5022177897007924,
                    -0.4883290048991203,
                    0.00048661766218922626
                ],
                [
                    -0.4883290048991203,
                    -0.0009812458988487024,
                    -0.5031708445074148
                ],
                [
                    0.00048661766218922626,
                    -0.5031708445074148,
                    -0.0038248043683026204
                ]
            ],
            "volume_eff": 2.822380914547792,
            "alpha_iso": 0.90075986634504,
            "c6_ii": 0.26043921922550983,
            "c8_ii": 1.705602214010727,
            "c10_ii": 15.416623719982226,
            "slater_b_init": 68.37979901827434
        },
        {
            "index": 19,
            "element": "H",
            "charge": 0.13123849548118027,
            "dipole": [
                -0.02138184728531405,
                -0.019627116946474125,
                0.03374789823151041
            ],
            "quadrupole": [
                [
                    -0.5112232038956804,
                    -0.5039185761756431,
                    0.008694652578241719
                ],
                [
                    -0.5039185761756431,
                    -0.0036381213148299753,
                    -0.5109807212380725
                ],
                [
                    0.008694652578241719,
                    -0.5109807212380725,
                    0.00329180892951778
                ]
            ],
            "volume_eff": 2.9119222053637186,
            "alpha_iso": 0.9293368740522506,
            "c6_ii": 0.27722645262102996,
            "c8_ii": 1.8537398888870196,
            "c10_ii": 17.108151114045732,
            "slater_b_init": 67.67159915589046
        },
        {
            "index": 20,
            "element": "H",
            "charge": 0.13670670869889967,
            "dipole": [
                0.04679447100307736,
                -0.010789534661829324,
                -0.006150859771468386
            ],
            "quadrupole": [
                [
                    -0.5058905566225366,
                    -0.4952437717794745,
                    0.0017586916928906458
                ],
                [
                    -0.4952437717794745,
                    0.006250181188997735,
                    -0.5003124460977701
                ],
                [
                    0.0017586916928906458,
                    -0.5003124460977701,
                    0.0008453733781140146
                ]
            ],
            "volume_eff": 2.84259794411327,
            "alpha_iso": 0.9072121098233841,
            "c6_ii": 0.264183692808211,
            "c8_ii": 1.7383767847552989,
            "c10_ii": 15.787813067803741,
            "slater_b_init": 68.2173036731033
        },
        {
            "index": 21,
            "element": "H",
            "charge": 0.13565399266701872,
            "dipole": [
                0.013895764409995338,
                0.04473925669726185,
                0.013369917338519936
            ],
            "quadrupole": [
                [
                    -0.49139260892776804,
                    -0.5063269745600797,
                    -0.003615752668192997
                ],
                [
                    -0.5063269745600797,
                    -0.0005660857197565869,
                    -0.5038568338413344
                ],
                [
                    -0.003615752668192997,
                    -0.5038568338413344,
                    -0.001041834030340674
                ]
            ],
            "volume_eff": 2.8412530821664594,
            "alpha_iso": 0.9067828985637636,
            "c6_ii": 0.2639337759669163,
            "c8_ii": 1.736184466130164,
            "c10_ii": 15.762928892120149,
            "slater_b_init": 68.22806516717762
        },
        {
            "index": 22,
            "element": "H",
            "charge": 0.14249997015931049,
            "dipole": [
                -0.016528496942590145,
                -0.003057592185201852,
                -0.04404901605840666
            ],
            "quadrupole": [
                [
                    -0.4896854836620844,
                    -0.49174687805593237,
                    0.0006838951247186668
                ],
                [
                    -0.49174687805593237,
                    -0.004340240905654003,
                    -0.49611477875592513
                ],
                [
                    0.0006838951247186668,
                    -0.49611477875592513,
                    -0.006965677134040234
                ]
            ],
            "volume_eff": 2.7820401697182966,
            "alpha_iso": 0.8878851605483926,
            "c6_ii": 0.25304742612806375,
            "c8_ii": 1.64136488184932,
            "c10_ii": 14.694286564383921,
            "slater_b_init": 68.70872612952861
        },
        {
            "index": 23,
            "element": "H",
            "charge": 0.1311116079784871,
            "dipole": [
                -0.017615823196328106,
                -0.029236026640845663,
                0.030059102595030095
            ],
            "quadrupole": [
                [
                    -0.503641862744992,
                    -0.5082780739418863,
                    0.0037979848793078387
                ],
                [
                    -0.5082780739418863,
                    -0.00846957855666294,
                    -0.5131803690987301
                ],
                [
                    0.0037979848793078387,
                    -0.5131803690987301,
                    0.002962615183476071
                ]
            ],
            "volume_eff": 2.9082639751800428,
            "alpha_iso": 0.9281693537808648,
            "c6_ii": 0.27653033434256413,
            "c8_ii": 1.8475361428757255,
            "c10_ii": 17.03661317285527,
            "slater_b_init": 67.6999613864328
        }
    ]
}