{
    "molecule": "LEth_197",
    "atoms": [
        {
            "index": 0,
            "element": "C",
            "charge": -0.10455955458997579,
            "dipole": [
                -0.15401793893108606,
                0.0011201734019994308,
                0.03980622466990685
            ],
            "quadrupole": [
                [
                    -4.46647521797782,
                    -4.591366148484023,
                    0.021642129360975242
                ],
                [
                    -4.591366148484023,
                    0.0050770176329048775,
                    -4.571292889971313
                ],
                [
                    0.021642129360975242,
                    -4.571292889971313,
                    -0.030416408133710736
                ]
            ],
            "volume_eff": 33.61602192774824,
            "alpha_iso": 10.560006888297876,
            "c6_ii": 36.08708707923524,
            "c8_ii": 960.0377630590278,
            "c10_ii": 31999.210610708127,
            "slater_b_init": 36.523612450946096
        },
        {
            "index": 1,
            "element": "O",
            "charge": -0.3878600177580722,
            "dipole": [
                0.05951156954014472,
                0.023979411887663466,
                -0.029095569146396594
            ],
            "quadrupole": [
                [
                    -4.0004173978569355,
                    -4.106731232791491,
                    -0.022518922150777547
                ],
                [
                    -4.106731232791491,
                    -0.06722945644794359,
                    -4.12575933073619
                ],
                [
                    -0.022518922150777547,
                    -4.12575933073619,
                    0.0282533133638974
                ]
            ],
            "volume_eff": 23.302444957011726,
            "alpha_iso": 6.952110650158195,
            "c6_ii": 25.856541250887197,
            "c8_ii": 1059.2249507042188,
            "c10_ii": 41784.53352947013,
            "slater_b_init": 34.01162787436285
        },
        {
            "index": 2,
            "element": "C",
            "charge": 0.3406957338469123,
            "dipole": [
                -0.08277549395340102,
                -0.08887617212639659,
                0.11524258755156835
            ],
            "quadrupole": [
                [
                    -3.8222412494193914,
                    -3.8534633242973397,
                    -0.009215697604526342
                ],
                [
                    -3.8534633242973397,
                    -0.03199366702024618,
                    -3.86167984514176
                ],
                [
                    -0.009215697604526342,
                    -3.86167984514176,
                    0.010534473862235256
                ]
            ],
            "volume_eff": 27.664877300825534,
            "alpha_iso": 8.690537371987078,
            "c6_ii": 24.440871495332846,
            "c8_ii": 571.007040422825,
            "c10_ii": 16714.011561079074,
            "slater_b_init": 38.97441296408971
        },
        {
            "index": 3,
            "element": "O",
            "charge": -0.3826038172091124,
            "dipole": [
                -0.007029022705643143,
                -0.08298068360545408,
                -0.01376670239872311
            ],
            "quadrupole": [
                [
                    -3.986058238925326,
                    -4.095515848317849,
                    0.002536984090256266
                ],
                [
                    -4.095515848317849,
                    0.040209192516871696,
                    -4.142464807848617
                ],
                [
                    0.002536984090256266,
                    -4.142464807848617,
                    0.012826661531966148
                ]
            ],
            "volume_eff": 23.294301426925802,
            "alpha_iso": 6.949681088696095,
            "c6_ii": 25.838472183108717,
            "c8_ii": 1058.2381222519764,
            "c10_ii": 41735.878421529625,
            "slater_b_init": 34.01559082421192
        },
        {
            "index": 4,
            "element": "C",
            "charge": -0.0058640684710953295,
            "dipole": [
                0.055877004186941144,
                0.13050563684795435,
                0.0513166493688116
            ],
            "quadrupole": [
                [
                    -4.365665781364512,
                    -4.311078498678797,
                    0.00751257964989874
                ],
                [
                    -4.311078498678797,
                    0.07125782634564033,
                    -4.333604880975472
                ],
                [
                    0.00751257964989874,
                    -4.333604880975472,
                    0.051416114753801485
                ]
            ],
            "volume_eff": 31.719166874631604,
            "alpha_iso": 9.96413619098375,
            "c6_ii": 32.129408802175014,
            "c8_ii": 822.2859291829706,
            "c10_ii": 26366.80108641449,
            "slater_b_init": 37.23761934051067
        },
        {
            "index": 5,
            "element": "C",
            "charge": 0.05879710659627424,
            "dipole": [
                -0.04944037507700457,
                -0.11854392809460482,
                -0.05356602178814559
            ],
            "quadrupole": [
                [
                    -4.259370860451669,
                    -4.1808660337975585,
                    0.014138648563683251
                ],
                [
                    -4.1808660337975585,
                    0.1023765715593319,
                    -4.240870870311614
                ],
                [
                    0.014138648563683251,
                    -4.240870870311614,
                    0.05185673771000888
                ]
            ],
            "volume_eff": 30.683631455926623,
            "alpha_iso": 9.638837106573806,
            "c6_ii": 30.065795998230474,
            "c8_ii": 752.6322459623999,
            "c10_ii": 23605.184331643628,
            "slater_b_init": 37.65190140151011
        },
        {
            "index": 6,
            "element": "F",
            "charge": -0.22370779343161118,
            "dipole": [
                0.03492835760915471,
                0.03545497781033326,
                0.013291264959093337
            ],
            "quadrupole": [
                [
                    -3.5409203865188426,
                    -3.529484561828219,
                    0.02248732200215865
                ],
                [
                    -3.529484561828219,
                    0.03988718569691192,
                    -3.5775981372954084
                ],
                [
                    0.02248732200215865,
                    -3.5775981372954084,
                    0.013801623106555342
                ]
            ],
            "volume_eff": 17.956687223791725,
            "alpha_iso": 5.639290202513104,
            "c6_ii": 20.92210130800019,
            "c8_ii": 916.9075993384212,
            "c10_ii": 37279.44965092029,
            "slater_b_init": 33.31475681133908
        },
        {
            "index": 7,
            "element": "H",
            "charge": 0.08104040953540326,
            "dipole": [
                0.002018186870274088,
                -0.018971778397968757,
                -0.05438232572644453
            ],
            "quadrupole": [
                [
                    -0.5309633603798976,
                    -0.5570709945629988,
                    0.0018792229730992096
                ],
                [
                    -0.5570709945629988,
                    0.0003592534340184599,
                    -0.5648708882929226
                ],
                [
                    0.0018792229730992096,
                    -0.5648708882929226,
                    -0.000696639857398948
                ]
            ],
            "volume_eff": 3.1961798882796617,
            "alpha_iso": 1.0200574111530836,
            "c6_ii": 0.33399315028711857,
            "c8_ii": 2.3763987670115183,
            "c10_ii": 23.336796097079933,
            "slater_b_init": 65.60283748247056
        },
        {
            "index": 8,
            "element": "H",
            "charge": 0.08219965063206014,
            "dipole": [
                0.020636053819323867,
                0.05029301078010536,
                0.02114658795952423
            ],
            "quadrupole": [
                [
                    -0.531552829250057,
                    -0.5622440449934343,
                    0.0034274978435375465
                ],
                [
                    -0.5622440449934343,
                    -0.007260837204144961,
                    -0.5531266494798
                ],
                [
                    0.0034274978435375465,
                    -0.5531266494798,
                    -0.006668102468759292
                ]
            ],
            "volume_eff": 3.1779003219354607,
            "alpha_iso": 1.0142235070006789,
            "c6_ii": 0.3301837330366872,
            "c8_ii": 2.3403283987334684,
            "c10_ii": 22.894864992796276,
            "slater_b_init": 65.72838153494347
        },
        {
            "index": 9,
            "element": "H",
            "charge": 0.12037303340975103,
            "dipole": [
                0.013164255435327827,
                -0.04483908162916511,
                0.03836364771887481
            ],
            "quadrupole": [
                [
                    -0.4821664109587742,
                    -0.5046807891700822,
                    -0.0005601955401254381
                ],
                [
                    -0.5046807891700822,
                    0.0005852951180249425,
                    -0.5030947854282953
                ],
                [
                    -0.0005601955401254381,
                    -0.5030947854282953,
                    -0.006228078854392302
                ]
            ],
            "volume_eff": 2.7699615299452374,
            "alpha_iso": 0.8840302755144375,
            "c6_ii": 0.25085491023061035,
            "c8_ii": 1.6224302929618457,
            "c10_ii": 14.482703576856832,
            "slater_b_init": 68.80845128980313
        },
        {
            "index": 10,
            "element": "H",
            "charge": 0.02309064974767594,
            "dipole": [
                0.0014854672067450999,
                -0.017712142192430235,
                -0.06703226638812194
            ],
            "quadrupole": [
                [
                    -0.589704334136006,
                    -0.5996055290029049,
                    -0.013682218678470488
                ],
                [
                    -0.5996055290029049,
                    -0.007527901975093786,
                    -0.6157073031772141
                ],
                [
                    -0.013682218678470488,
                    -0.6157073031772141,
                    0.0033980957071137086
                ]
            ],
            "volume_eff": 3.5526315501936114,
            "alpha_iso": 1.133818579849025,
            "c6_ii": 0.41264393669484395,
            "c8_ii": 3.150430202064742,
            "c10_ii": 33.197425997181675,
            "slater_b_init": 63.33099423650474
        },
        {
            "index": 11,
            "element": "H",
            "charge": 0.05169353654881714,
            "dipole": [
                0.025142721290360725,
                0.062239091221595017,
                0.02735883609587895
            ],
            "quadrupole": [
                [
                    -0.5515164765557571,
                    -0.5651404898585173,
                    -0.006385298717823887
                ],
                [
                    -0.5651404898585173,
                    -0.012392305212866552,
                    -0.5580520039731158
                ],
                [
                    -0.006385298717823887,
                    -0.5580520039731158,
                    0.0004057575779470947
                ]
            ],
            "volume_eff": 3.205126201627702,
            "alpha_iso": 1.0229126175407561,
            "c6_ii": 0.33586550371884083,
            "c8_ii": 2.3941780157419306,
            "c10_ii": 23.555245336789586,
            "slater_b_init": 65.54174259705115
        },
        {
            "index": 12,
            "element": "H",
            "charge": 0.07808009324975873,
            "dipole": [
                -0.001874395524052001,
                -0.00037142459856255507,
                -0.057906905966765065
            ],
            "quadrupole": [
                [
                    -0.5417922659605009,
                    -0.540918754481497,
                    -0.0017188709215074423
                ],
                [
                    -0.540918754481497,
                    0.009268736171079876,
                    -0.5626382704201456
                ],
                [
                    -0.0017188709215074423,
                    -0.5626382704201456,
                    0.006862987738039341
                ]
            ],
            "volume_eff": 3.1722984541913073,
            "alpha_iso": 1.0124356768695661,
            "c6_ii": 0.32902069129329325,
            "c8_ii": 2.3293434019731794,
            "c10_ii": 22.76061445153532,
            "slater_b_init": 65.7670480502928
        },
        {
            "index": 13,
            "element": "H",
            "charge": 0.10331281826839378,
            "dipole": [
                0.020265857459764707,
                -0.04396574297595837,
                0.03830911068140908
            ],
            "quadrupole": [
                [
                    -0.5110123752965865,
                    -0.5161022405468033,
                    0.004370160785661403
                ],
                [
                    -0.5161022405468033,
                    0.011870213617995881,
                    -0.5162475417028868
                ],
                [
                    0.004370160785661403,
                    -0.5162475417028868,
                    0.0006898899634423621
                ]
            ],
            "volume_eff": 2.9076878511665027,
            "alpha_iso": 0.9279854844148413,
            "c6_ii": 0.27642078446173873,
            "c8_ii": 1.8465603174447365,
            "c10_ii": 17.02536598920079,
            "slater_b_init": 67.70443240713354
        },
        {
            "index": 14,
            "element": "H",
            "charge": 0.08942150323068698,
            "dipole": [
                -0.0026034488318140703,
                0.0003048451701921963,
                0.06365227328252368
            ],
            "quadrupole": [
                [
                    -0.5147540356566792,
                    -0.5161833621859302,
                    0.0012779864142825643
                ],
                [
                    -0.5161833621859302,
                    0.009766203480926808,
                    -0.5320673118557789
                ],
                [
                    0.0012779864142825643,
                    -0.5320673118557789,
                    0.004017211406086032
                ]
            ],
            "volume_eff": 2.936509595338199,
            "alpha_iso": 0.9371839134058082,
            "c6_ii": 0.2819278503236082,
            "c8_ii": 1.8957739211858649,
            "c10_ii": 17.594432543923965,
            "slater_b_init": 67.48219815422262
        },
        {
            "index": 15,
            "element": "H",
            "charge": 0.08569371855881036,
            "dipole": [
                -0.018508118172522816,
                0.04960791882876328,
                -0.03402212188352527
            ],
            "quadrupole": [
                [
                    -0.5201410829309157,
                    -0.5284562736964085,
                    0.0062766826422905484
                ],
                [
                    -0.5284562736964085,
                    0.012239133799119385,
                    -0.5291664136897095
                ],
                [
                    0.0062766826422905484,
                    -0.5291664136897095,
                    0.0021099115775741945
                ]
            ],
            "volume_eff": 2.9748070315018693,
            "alpha_iso": 0.9494064994154903,
            "c6_ii": 0.2893295090054538,
            "c8_ii": 1.962424143046205,
            "c10_ii": 18.371016254065392,
            "slater_b_init": 67.19135961228838
        }
    ]
}