{
    "molecule": "Phos_780",
    "atoms": [
        {
            "index": 0,
            "element": "C",
            "charge": -0.40696934815683505,
            "dipole": [
                -0.08312493265169658,
                -0.02066937867998061,
                -0.012670791782757514
            ],
            "quadrupole": [
                [
                    -5.08781377099259,
                    -5.020350995847861,
                    -0.011449619363616801
                ],
                [
                    -5.020350995847861,
                    -0.021966113407328347,
                    -5.012934046974672
                ],
                [
                    -0.011449619363616801,
                    -5.012934046974672,
                    -0.01467001544441213
                ]
            ],
            "volume_eff": 37.9613466977352,
            "alpha_iso": 11.925030376251895,
            "c6_ii": 46.01955476050776,
            "c8_ii": 1327.6260428214948,
            "c10_ii": 47986.99702854336,
            "slater_b_init": 35.07319219041778
        },
        {
            "index": 1,
            "element": "C",
            "charge": -0.24260739446836777,
            "dipole": [
                0.04509181338716227,
                0.029753289821923445,
                0.02370380817971907
            ],
            "quadrupole": [
                [
                    -4.688018723856406,
                    -4.711813421462203,
                    -0.06048841375028816
                ],
                [
                    -4.711813421462203,
                    -0.008687309547741216,
                    -4.6867342052039
                ],
                [
                    -0.06048841375028816,
                    -4.6867342052039,
                    -0.00222141698506331
                ]
            ],
            "volume_eff": 34.67342665654468,
            "alpha_iso": 10.892175913050682,
            "c6_ii": 38.39305916132787,
            "c8_ii": 1042.6923095531613,
            "c10_ii": 35479.22154890338,
            "slater_b_init": 36.14849695154424
        },
        {
            "index": 2,
            "element": "C",
            "charge": 0.0925043540946735,
            "dipole": [
                -0.11363567627444188,
                -0.08517557410084806,
                -0.07033302311950028
            ],
            "quadrupole": [
                [
                    -4.102497780998337,
                    -4.201574438292926,
                    -0.06298677008158675
                ],
                [
                    -4.201574438292926,
                    0.07604535338365363,
                    -4.191030912266515
                ],
                [
                    -0.06298677008158675,
                    -4.191030912266515,
                    0.06096787121484068
                ]
            ],
            "volume_eff": 30.099552798017058,
            "alpha_iso": 9.455356899900647,
            "c6_ii": 28.932054675483624,
            "c8_ii": 715.031073812776,
            "c10_ii": 22140.377126542924,
            "slater_b_init": 37.89388658361131
        },
        {
            "index": 3,
            "element": "O",
            "charge": -0.562229911475681,
            "dipole": [
                0.17259037692917117,
                -0.08246264308695306,
                -0.08195937502094712
            ],
            "quadrupole": [
                [
                    -4.2332087389185675,
                    -4.259072907253677,
                    -0.029019106689418345
                ],
                [
                    -4.259072907253677,
                    0.015717012437836703,
                    -4.260013092872654
                ],
                [
                    -0.029019106689418345,
                    -4.260013092872654,
                    0.025390902673860856
                ]
            ],
            "volume_eff": 24.436453219086303,
            "alpha_iso": 7.290433557075472,
            "c6_ii": 28.43438184574969,
            "c8_ii": 1202.318003770324,
            "c10_ii": 48955.83848537846,
            "slater_b_init": 33.47715362391628
        },
        {
            "index": 4,
            "element": "P",
            "charge": 1.7351181281879846,
            "dipole": [
                -0.007464233245678406,
                -0.0001381909402465484,
                -0.08281563905593899
            ],
            "quadrupole": [
                [
                    -6.366863365530687,
                    -6.372606734833943,
                    -0.0034352950060848753
                ],
                [
                    -6.372606734833943,
                    -0.0010669772368413627,
                    -6.378981595409388
                ],
                [
                    -0.0034352950060848753,
                    -6.378981595409388,
                    0.0070430097258538625
                ]
            ],
            "volume_eff": 51.63593282040411,
            "alpha_iso": 19.859974161693888,
            "c6_ii": 116.74789781613207,
            "c8_ii": 3789.086280125378,
            "c10_ii": 69644.50039465447,
            "slater_b_init": 35.63152277347334
        },
        {
            "index": 5,
            "element": "O",
            "charge": -0.8587035113831547,
            "dipole": [
                0.02675054045920731,
                0.03314850889017257,
                0.332301122897161
            ],
            "quadrupole": [
                [
                    -4.763129425723435,
                    -4.763037902321452,
                    -0.0028498451218467494
                ],
                [
                    -4.763037902321452,
                    0.0004016704382599218,
                    -4.80755097218937
                ],
                [
                    -0.0028498451218467494,
                    -4.80755097218937,
                    -0.0012452640615123376
                ]
            ],
            "volume_eff": 28.614065510909487,
            "alpha_iso": 8.536793025354212,
            "c6_ii": 38.98760728603177,
            "c8_ii": 1831.4556476756811,
            "c10_ii": 82846.81418804366,
            "slater_b_init": 31.761528423844574
        },
        {
            "index": 6,
            "element": "O",
            "charge": -0.5635867579437992,
            "dipole": [
                -0.14746581688771374,
                -0.11624282201274423,
                -0.05509017136111424
            ],
            "quadrupole": [
                [
                    -4.268292466517983,
                    -4.219391396999143,
                    -0.009416959834726403
                ],
                [
                    -4.219391396999143,
                    0.0037374556512332884,
                    -4.249475084720723
                ],
                [
                    -0.009416959834726403,
                    -4.249475084720723,
                    -0.02942372436025575
                ]
            ],
            "volume_eff": 24.371369453947256,
            "alpha_iso": 7.271016301177634,
            "c6_ii": 28.283119945509522,
            "c8_ii": 1193.7976393773697,
            "c10_ii": 48522.55936579311,
            "slater_b_init": 33.50692739278544
        },
        {
            "index": 7,
            "element": "C",
            "charge": 0.1075975659841486,
            "dipole": [
                -0.03365775912177645,
                0.13616374402210454,
                -0.11417703008461476
            ],
            "quadrupole": [
                [
                    -4.18723617643961,
                    -4.044510640853435,
                    -0.0442834144210444
                ],
                [
                    -4.044510640853435,
                    -0.026263685623491784,
                    -4.108384908836253
                ],
                [
                    -0.0442834144210444,
                    -4.108384908836253,
                    -0.052404142764216
                ]
            ],
            "volume_eff": 29.48673047629247,
            "alpha_iso": 9.262847270039519,
            "c6_ii": 27.765943214864308,
            "c8_ii": 676.8656182208624,
            "c10_ii": 20673.1634064935,
            "slater_b_init": 38.15460471713788
        },
        {
            "index": 8,
            "element": "C",
            "charge": -0.37653092892074014,
            "dipole": [
                0.037016708040575275,
                0.021188975035462132,
                -0.03034642673823599
            ],
            "quadrupole": [
                [
                    -4.905854585600291,
                    -4.789870383145727,
                    -0.027008558865112994
                ],
                [
                    -4.789870383145727,
                    -0.0038145599867635835,
                    -4.8685022998927465
                ],
                [
                    -0.027008558865112994,
                    -4.8685022998927465,
                    -0.01782958014216775
                ]
            ],
            "volume_eff": 35.69047647618436,
            "alpha_iso": 11.21166800298985,
            "c6_ii": 40.67840189216538,
            "c8_ii": 1126.2575703868843,
            "c10_ii": 39068.43578897386,
            "slater_b_init": 35.80181548833311
        },
        {
            "index": 9,
            "element": "C",
            "charge": 0.37445027939967446,
            "dipole": [
                -0.005223763703299343,
                0.03868267593376275,
                0.07983738034385986
            ],
            "quadrupole": [
                [
                    -3.4830412049578707,
                    -3.4956282636329203,
                    -0.07749162955069633
                ],
                [
                    -3.4956282636329203,
                    0.0246316051258396,
                    -3.7469999266412692
                ],
                [
                    -0.07749162955069633,
                    -3.7469999266412692,
                    0.05365249173691249
                ]
            ],
            "volume_eff": 24.558979113176573,
            "alpha_iso": 7.714862548641854,
            "c6_ii": 19.261043424519094,
            "c8_ii": 415.6479345518025,
            "c10_ii": 11237.919138220634,
            "slater_b_init": 40.552633443525565
        },
        {
            "index": 10,
            "element": "N",
            "charge": -0.44870163881673797,
            "dipole": [
                0.01731341317573108,
                -0.03301956105426166,
                -0.11439864191389966
            ],
            "quadrupole": [
                [
                    -4.6025868436131026,
                    -4.631498451014968,
                    -0.10445797281736445
                ],
                [
                    -4.631498451014968,
                    0.023307992886520044,
                    -4.925362070739633
                ],
                [
                    -0.10445797281736445,
                    -4.925362070739633,
                    0.05635994810966525
                ]
            ],
            "volume_eff": 31.097126318946803,
            "alpha_iso": 9.05979270709474,
            "c6_ii": 36.273415308103615,
            "c8_ii": 1303.7001096872755,
            "c10_ii": 51042.094259569305,
            "slater_b_init": 33.65169833059198
        },
        {
            "index": 11,
            "element": "O",
            "charge": -0.5669365734860357,
            "dipole": [
                -0.023491988666501002,
                0.16758856039460163,
                -0.0879911404027216
            ],
            "quadrupole": [
                [
                    -4.243977753293259,
                    -4.24981877668599,
                    0.028906116642077807
                ],
                [
                    -4.24981877668599,
                    -0.008818067560769145,
                    -4.268579699547525
                ],
                [
                    0.028906116642077807,
                    -4.268579699547525,
                    0.00897666580393527
                ]
            ],
            "volume_eff": 24.4464596271635,
            "alpha_iso": 7.293418894291872,
            "c6_ii": 28.45767362876451,
            "c8_ii": 1203.6313411583344,
            "c10_ii": 49022.693000470725,
            "slater_b_init": 33.47258538538807
        },
        {
            "index": 12,
            "element": "C",
            "charge": 0.11477474199669935,
            "dipole": [
                0.1210509514038198,
                -0.055475994476017226,
                -0.1101627254310613
            ],
            "quadrupole": [
                [
                    -4.046950811798005,
                    -4.106944252271558,
                    0.06818560341620997
                ],
                [
                    -4.106944252271558,
                    -0.03959165704378334,
                    -4.133637784362487
                ],
                [
                    0.06818560341620997,
                    -4.133637784362487,
                    -2.7510096507211225e-05
                ]
            ],
            "volume_eff": 29.321784577527314,
            "alpha_iso": 9.211031804458841,
            "c6_ii": 27.456172094918458,
            "c8_ii": 666.8157727600384,
            "c10_ii": 20290.19399848452,
            "slater_b_init": 38.226015574434214
        },
        {
            "index": 13,
            "element": "C",
            "charge": -0.36144942718520845,
            "dipole": [
                -0.008904691992074575,
                -0.019190288242763604,
                0.031097561433403545
            ],
            "quadrupole": [
                [
                    -4.806950117440665,
                    -4.801056150866274,
                    0.02834242398380519
                ],
                [
                    -4.801056150866274,
                    -0.006261341761833227,
                    -4.846967231635938
                ],
                [
                    0.02834242398380519,
                    -4.846967231635938,
                    0.03896936401757853
                ]
            ],
            "volume_eff": 35.34760438316593,
            "alpha_iso": 11.103959492094008,
            "c6_ii": 39.90057572455702,
            "c8_ii": 1097.6353765000326,
            "c10_ii": 37831.31950355251,
            "slater_b_init": 35.91720251856722
        },
        {
            "index": 14,
            "element": "C",
            "charge": 0.35441827640998724,
            "dipole": [
                0.05864058942906219,
                -0.061913989611060406,
                -0.020915348175372987
            ],
            "quadrupole": [
                [
                    -3.6677745220920297,
                    -3.6675486598055924,
                    -0.06574563260440867
                ],
                [
                    -3.6675486598055924,
                    0.15873173127705886,
                    -3.532424226306683
                ],
                [
                    -0.06574563260440867,
                    -3.532424226306683,
                    0.06476654131607248
                ]
            ],
            "volume_eff": 24.999747590617677,
            "alpha_iso": 7.853323850455815,
            "c6_ii": 19.95861673823915,
            "c8_ii": 435.8393762217963,
            "c10_ii": 11924.411365931837,
            "slater_b_init": 40.312892215266395
        },
        {
            "index": 15,
            "element": "N",
            "charge": -0.4367496068607748,
            "dipole": [
                -0.0778311241830247,
                0.08497163874011059,
                0.027034237149926758
            ],
            "quadrupole": [
                [
                    -4.743432102092895,
                    -4.752815065797374,
                    -0.0713108172963955
                ],
                [
                    -4.752815065797374,
                    0.1765033934194276,
                    -4.593085576457105
                ],
                [
                    -0.0713108172963955,
                    -4.593085576457105,
                    0.06281224978242729
                ]
            ],
            "volume_eff": 30.886519379212,
            "alpha_iso": 8.998434779770426,
            "c6_ii": 35.783751814388694,
            "c8_ii": 1280.287784129305,
            "c10_ii": 49898.88711296536,
            "slater_b_init": 33.72801245652919
        },
        {
            "index": 16,
            "element": "H",
            "charge": 0.13064456969958782,
            "dipole": [
                -0.0009660810588741657,
                0.044945363381552306,
                -0.01659186341749856
            ],
            "quadrupole": [
                [
                    -0.49626081017623064,
                    -0.5142022038650645,
                    0.000487090856348224
                ],
                [
                    -0.5142022038650645,
                    -0.0011016449026588766,
                    -0.5053423706878275
                ],
                [
                    0.000487090856348224,
                    -0.5053423706878275,
                    0.003734678001498805
                ]
            ],
            "volume_eff": 2.8741381647613298,
            "alpha_iso": 0.9172781376897862,
            "c6_ii": 0.2700787497404284,
            "c8_ii": 1.7902889212789448,
            "c10_ii": 16.379324568168002,
            "slater_b_init": 67.96685091227104
        },
        {
            "index": 17,
            "element": "H",
            "charge": 0.13219420718401165,
            "dipole": [
                0.002838950787100093,
                -0.009073170189520054,
                0.047437603541018565
            ],
            "quadrupole": [
                [
                    -0.4955231525736015,
                    -0.5027914672921239,
                    -0.001855795383998066
                ],
                [
                    -0.5027914672921239,
                    0.0038004986101322484,
                    -0.5117974138012366
                ],
                [
                    -0.001855795383998066,
                    -0.5117974138012366,
                    -0.0031061828310392
                ]
            ],
            "volume_eff": 2.8601153544488533,
            "alpha_iso": 0.9128027726964425,
            "c6_ii": 0.2674497709617302,
            "c8_ii": 1.7670908519123028,
            "c10_ii": 16.114457221378366,
            "slater_b_init": 68.07774770551553
        },
        {
            "index": 18,
            "element": "H",
            "charge": 0.14153956966822556,
            "dipole": [
                0.021321123247369532,
                -0.033773372687870055,
                -0.030140050639171977
            ],
            "quadrupole": [
                [
                    -0.48878017030904564,
                    -0.49142182326578154,
                    0.0007033826244085266
                ],
                [
                    -0.49142182326578154,
                    0.005857983662536975,
                    -0.4926231089689737
                ],
                [
                    0.0007033826244085266,
                    -0.4926231089689737,
                    0.004877077133298395
                ]
            ],
            "volume_eff": 2.7605284382759923,
            "alpha_iso": 0.8810197143434019,
            "c6_ii": 0.24914924893339463,
            "c8_ii": 1.6077382635268944,
            "c10_ii": 14.318953164216355,
            "slater_b_init": 68.88673805225318
        },
        {
            "index": 19,
            "element": "H",
            "charge": 0.12662640153474491,
            "dipole": [
                -0.0013948126402242985,
                -0.044928890168235404,
                0.018165783634874613
            ],
            "quadrupole": [
                [
                    -0.48635947773889343,
                    -0.5092639340225961,
                    0.002660669384705484
                ],
                [
                    -0.5092639340225961,
                    -0.00597183201409303,
                    -0.49769019763922817
                ],
                [
                    0.002660669384705484,
                    -0.49769019763922817,
                    -0.00263742537430347
                ]
            ],
            "volume_eff": 2.797074290287349,
            "alpha_iso": 0.8926832841342603,
            "c6_ii": 0.2557897480258141,
            "c8_ii": 1.665124651066189,
            "c10_ii": 14.960652020955662,
            "slater_b_init": 68.5854030378355
        },
        {
            "index": 20,
            "element": "H",
            "charge": 0.12771177278038137,
            "dipole": [
                -0.006234245878675692,
                0.010643888059053894,
                -0.047930431237061845
            ],
            "quadrupole": [
                [
                    -0.48519204493102863,
                    -0.4957248486169371,
                    -0.00017438388508961568
                ],
                [
                    -0.4957248486169371,
                    -0.00301144889827874,
                    -0.5077935006344108
                ],
                [
                    -0.00017438388508961568,
                    -0.5077935006344108,
                    -0.006916184321781145
                ]
            ],
            "volume_eff": 2.78457836173886,
            "alpha_iso": 0.888695221831551,
            "c6_ii": 0.2535093719748392,
            "c8_ii": 1.6453612462259295,
            "c10_ii": 14.739021883123206,
            "slater_b_init": 68.68784338022012
        },
        {
            "index": 21,
            "element": "H",
            "charge": 0.09003712399851982,
            "dipole": [
                0.006820175300702469,
                0.05678392648803751,
                -0.028564295606881698
            ],
            "quadrupole": [
                [
                    -0.5065456889796768,
                    -0.532418208669906,
                    0.0029415601172568823
                ],
                [
                    -0.532418208669906,
                    -0.0015187918364000753,
                    -0.525864469888869
                ],
                [
                    0.0029415601172568823,
                    -0.525864469888869,
                    0.0020787946413666865
                ]
            ],
            "volume_eff": 2.941199790082207,
            "alpha_iso": 0.9386807840687894,
            "c6_ii": 0.2828291601713572,
            "c8_ii": 1.9038591552117374,
            "c10_ii": 17.68828000897229,
            "slater_b_init": 67.44630882772022
        },
        {
            "index": 22,
            "element": "H",
            "charge": 0.1008290228140265,
            "dipole": [
                0.009933935518530217,
                -0.01894179701225982,
                0.06221315981162479
            ],
            "quadrupole": [
                [
                    -0.49813602103118443,
                    -0.5140781350472996,
                    -0.0001414009631988982
                ],
                [
                    -0.5140781350472996,
                    0.00389880604679691,
                    -0.5199029420089148
                ],
                [
                    -0.0001414009631988982,
                    -0.5199029420089148,
                    -0.003168534837806093
                ]
            ],
            "volume_eff": 2.8652415972787506,
            "alpha_iso": 0.9144388076421546,
            "c6_ii": 0.26840934143175477,
            "c8_ii": 1.7755493191707095,
            "c10_ii": 16.21093292477488,
            "slater_b_init": 68.03712385993254
        },
        {
            "index": 23,
            "element": "H",
            "charge": 0.11263891064707532,
            "dipole": [
                0.053017307162362685,
                -0.03850151300878371,
                -0.021159159520115753
            ],
            "quadrupole": [
                [
                    -0.4973981803650675,
                    -0.4874202968390733,
                    -0.005422559583333552
                ],
                [
                    -0.4874202968390733,
                    0.008114872461993869,
                    -0.49992372679640745
                ],
                [
                    -0.005422559583333552,
                    -0.49992372679640745,
                    0.0009015767449974572
                ]
            ],
            "volume_eff": 2.7423991011900264,
            "alpha_iso": 0.8752337556989446,
            "c6_ii": 0.2458874975924306,
            "c8_ii": 1.579735948308438,
            "c10_ii": 14.007889588234477,
            "slater_b_init": 69.03820262970568
        },
        {
            "index": 24,
            "element": "H",
            "charge": 0.10846716581711813,
            "dipole": [
                -0.015369832683551932,
                0.016536729405414365,
                0.06594795809477695
            ],
            "quadrupole": [
                [
                    -0.5033081319910181,
                    -0.49131352201101874,
                    -0.003218226182246811
                ],
                [
                    -0.49131352201101874,
                    0.004020932294483702,
                    -0.5071697676714332
                ],
                [
                    -0.003218226182246811,
                    -0.5071697676714332,
                    0.00045284253264832455
                ]
            ],
            "volume_eff": 2.7838729740249213,
            "alpha_iso": 0.88847009809306,
            "c6_ii": 0.25338095055978743,
            "c8_ii": 1.6442500090566976,
            "c10_ii": 14.726579960377341,
            "slater_b_init": 68.6936443476216
        },
        {
            "index": 25,
            "element": "H",
            "charge": 0.1935062322366734,
            "dipole": [
                -0.031770062831722096,
                0.04026791188786239,
                -0.0007878855859577168
            ],
            "quadrupole": [
                [
                    -0.43221307929983743,
                    -0.43403903003687117,
                    0.0031678735081027876
                ],
                [
                    -0.43403903003687117,
                    0.00522260270030519,
                    -0.42551819360571824
                ],
                [
                    0.0031678735081027876,
                    -0.42551819360571824,
                    0.003423795312885261
                ]
            ],
            "volume_eff": 2.3279263141927955,
            "alpha_iso": 0.7429552066572752,
            "c6_ii": 0.17717954835281502,
            "c8_ii": 1.0205180531967963,
            "c10_ii": 8.11274729914015,
            "slater_b_init": 72.91383688961615
        },
        {
            "index": 26,
            "element": "H",
            "charge": 0.18969561035729665,
            "dipole": [
                -0.011371225039888152,
                -0.04245110006658425,
                0.027457806866229062
            ],
            "quadrupole": [
                [
                    -0.4341060582196921,
                    -0.4371432333285548,
                    0.005025533528946188
                ],
                [
                    -0.4371432333285548,
                    0.00045299948374337456,
                    -0.43279020453565004
                ],
                [
                    0.005025533528946188,
                    -0.43279020453565004,
                    0.0037219792760692697
                ]
            ],
            "volume_eff": 2.3539664285285125,
            "alpha_iso": 0.75126588144527,
            "c6_ii": 0.18116556839774317,
            "c8_ii": 1.0512438127659647,
            "c10_ii": 8.419211110953361,
            "slater_b_init": 72.64397616983011
        },
        {
            "index": 27,
            "element": "H",
            "charge": 0.10397395068585535,
            "dipole": [
                -0.06103350506526381,
                -0.029635470641901668,
                -0.008310775387180117
            ],
            "quadrupole": [
                [
                    -0.5074331694376352,
                    -0.49656291304059264,
                    -0.00037847345019732196
                ],
                [
                    -0.49656291304059264,
                    -0.009241279569164913,
                    -0.5069271402113134
                ],
                [
                    -0.00037847345019732196,
                    -0.5069271402113134,
                    -0.0019320191473859091
                ]
            ],
            "volume_eff": 2.803358488621644,
            "alpha_iso": 0.8946888793473332,
            "c6_ii": 0.2569404069323761,
            "c8_ii": 1.6751194513090781,
            "c10_ii": 15.072986518312465,
            "slater_b_init": 68.53411613380155
        },
        {
            "index": 28,
            "element": "H",
            "charge": 0.1130516792824039,
            "dipole": [
                0.025533175541980653,
                0.022550901555090777,
                0.06131607267802809
            ],
            "quadrupole": [
                [
                    -0.49358823673218855,
                    -0.49087001794952034,
                    -0.0010563186438086586
                ],
                [
                    -0.49087001794952034,
                    -0.008336916793214544,
                    -0.5012447400049255
                ],
                [
                    -0.0010563186438086586,
                    -0.5012447400049255,
                    -0.0013119342415705483
                ]
            ],
            "volume_eff": 2.746874875766288,
            "alpha_iso": 0.8766621943934962,
            "c6_ii": 0.2466907614820904,
            "c8_ii": 1.5866205886473583,
            "c10_ii": 14.084240766691194,
            "slater_b_init": 69.00068515661262
        },
        {
            "index": 29,
            "element": "H",
            "charge": 0.1872512980404093,
            "dipole": [
                -0.010223946877860891,
                -0.02351805212071509,
                -0.04498640325902661
            ],
            "quadrupole": [
                [
                    -0.43670269793935945,
                    -0.4305819001749079,
                    -0.004384269963737169
                ],
                [
                    -0.4305819001749079,
                    -0.003118730325908875,
                    -0.44296831187799457
                ],
                [
                    -0.004384269963737169,
                    -0.44296831187799457,
                    0.0007093156984634355
                ]
            ],
            "volume_eff": 2.3690569842639753,
            "alpha_iso": 0.7560820162544603,
            "c6_ii": 0.18349580738134144,
            "c8_ii": 1.0693111591807045,
            "c10_ii": 8.600470439953604,
            "slater_b_init": 72.48940357303867
        },
        {
            "index": 30,
            "element": "H",
            "charge": 0.18575224942137503,
            "dipole": [
                0.04841195067408042,
                0.015295981145554338,
                0.003464374734203476
            ],
            "quadrupole": [
                [
                    -0.44410551402209314,
                    -0.4319290455933881,
                    -0.0023042521277275804
                ],
                [
                    -0.4319290455933881,
                    -0.005059193034018492,
                    -0.43864742648300736
                ],
                [
                    -0.0023042521277275804,
                    -0.43864742648300736,
                    0.0017293162957671185
                ]
            ],
            "volume_eff": 2.3799417461284937,
            "alpha_iso": 0.7595558764239874,
            "c6_ii": 0.18518584400821606,
            "c8_ii": 1.0824627290468276,
            "c10_ii": 8.732895703358444,
            "slater_b_init": 72.37872357431881
        }
    ]
}