{
    "molecule": "TFSI",
    "atoms": [
        {
            "index": 0,
            "element": "C",
            "charge": 0.5726637992393302,
            "dipole": [
                -0.12564397216511677,
                0.07641440484547943,
                0.1600426762804554
            ],
            "quadrupole": [
                [
                    -3.701902780831024,
                    -3.65330378940602,
                    -0.07091627217594429
                ],
                [
                    -3.65330378940602,
                    0.06574813978287533,
                    -3.7735951087604604
                ],
                [
                    -0.07091627217594429,
                    -3.7735951087604604,
                    0.12434327427299045
                ]
            ],
            "volume_eff": 27.0554895279023,
            "alpha_iso": 8.49910665797978,
            "c6_ii": 23.375988414174834,
            "c8_ii": 538.0787701858,
            "c10_ii": 15518.015849857182,
            "slater_b_init": 39.2648581863838
        },
        {
            "index": 1,
            "element": "F",
            "charge": -0.21528178532542697,
            "dipole": [
                -0.02495053622687738,
                -0.014388960952327175,
                -0.009357873206555968
            ],
            "quadrupole": [
                [
                    -3.490619379302107,
                    -3.5360987073437484,
                    0.005017346139883981
                ],
                [
                    -3.5360987073437484,
                    0.022715958552292848,
                    -3.542997701452604
                ],
                [
                    0.005017346139883981,
                    -3.542997701452604,
                    0.010281323455381599
                ]
            ],
            "volume_eff": 17.741166800883196,
            "alpha_iso": 5.571606102756706,
            "c6_ii": 20.422891160707746,
            "c8_ii": 887.8538217349529,
            "c10_ii": 35808.76662060931,
            "slater_b_init": 33.44911721067526
        },
        {
            "index": 2,
            "element": "F",
            "charge": -0.21707091173131232,
            "dipole": [
                0.023669577700783737,
                -0.009890324677794013,
                0.01849006258997725
            ],
            "quadrupole": [
                [
                    -3.5280465872302407,
                    -3.543350752155149,
                    -0.01969872006890503
                ],
                [
                    -3.543350752155149,
                    -0.007799424941257464,
                    -3.4983958753872204
                ],
                [
                    -0.01969872006890503,
                    -3.4983958753872204,
                    0.023487024847234115
                ]
            ],
            "volume_eff": 17.73512045272782,
            "alpha_iso": 5.569707249617001,
            "c6_ii": 20.40897292528696,
            "c8_ii": 887.0471481772095,
            "c10_ii": 35768.102967548264,
            "slater_b_init": 33.45291799360141
        },
        {
            "index": 3,
            "element": "F",
            "charge": -0.21689198427550238,
            "dipole": [
                0.012073880630551915,
                0.03150700784589518,
                -0.008216600197194515
            ],
            "quadrupole": [
                [
                    -3.5421964559314736,
                    -3.4827005108634177,
                    -0.008082074389756886
                ],
                [
                    -3.4827005108634177,
                    0.0042877248053225375,
                    -3.5482088675768706
                ],
                [
                    -0.008082074389756886,
                    -3.5482088675768706,
                    -0.0011373814667514231
                ]
            ],
            "volume_eff": 17.745455223211735,
            "alpha_iso": 5.572952880016908,
            "c6_ii": 20.432765659795233,
            "c8_ii": 888.4262394266486,
            "c10_ii": 35837.62725997411,
            "slater_b_init": 33.44642252075981
        },
        {
            "index": 4,
            "element": "S",
            "charge": 1.14267580066082,
            "dipole": [
                0.1378796434411479,
                -0.07268977634084335,
                -0.136306707777528
            ],
            "quadrupole": [
                [
                    -8.011287454012129,
                    -7.959987894973239,
                    -0.00809057853513975
                ],
                [
                    -7.959987894973239,
                    0.02151958432692513,
                    -7.974968470522892
                ],
                [
                    -0.00809057853513975,
                    -7.974968470522892,
                    0.05841910018791365
                ]
            ],
            "volume_eff": 63.003850922038055,
            "alpha_iso": 16.421216463722683,
            "c6_ii": 94.05963900429651,
            "c8_ii": 2495.310938176046,
            "c10_ii": 66529.16838524208,
            "slater_b_init": 36.06582177043099
        },
        {
            "index": 5,
            "element": "O",
            "charge": -0.5887197035444984,
            "dipole": [
                -0.05386574299471349,
                0.04404097019528358,
                -0.16343299628776276
            ],
            "quadrupole": [
                [
                    -4.30042127304817,
                    -4.323150274562905,
                    0.014260591472985144
                ],
                [
                    -4.323150274562905,
                    0.0002458811749232682,
                    -4.350695189699889
                ],
                [
                    0.014260591472985144,
                    -4.350695189699889,
                    -0.012358862244158317
                ]
            ],
            "volume_eff": 24.979583277582037,
            "alpha_iso": 7.452472359057624,
            "c6_ii": 29.712406395585706,
            "c8_ii": 1274.9057037430946,
            "c10_ii": 52677.83109496472,
            "slater_b_init": 33.23274277105467
        },
        {
            "index": 6,
            "element": "O",
            "charge": -0.598868158568596,
            "dipole": [
                0.016062339735785525,
                -0.17956851571454352,
                -0.004501746733214895
            ],
            "quadrupole": [
                [
                    -4.327504140239528,
                    -4.384986963445226,
                    -0.00020537829985115024
                ],
                [
                    -4.384986963445226,
                    0.010680115552710208,
                    -4.332956604659109
                ],
                [
                    -0.00020537829985115024,
                    -4.332956604659109,
                    -0.0059954218742553165
                ]
            ],
            "volume_eff": 25.186267644686268,
            "alpha_iso": 7.5141350984146875,
            "c6_ii": 30.206129284113477,
            "c8_ii": 1303.229987260104,
            "c10_ii": 54144.78530192424,
            "slater_b_init": 33.14158776391697
        },
        {
            "index": 7,
            "element": "N",
            "charge": -0.770708580976704,
            "dipole": [
                0.01139756067509101,
                0.05948796559843929,
                0.1377672595083486
            ],
            "quadrupole": [
                [
                    -5.151572288333438,
                    -4.965842684611777,
                    -0.01979615241857121
                ],
                [
                    -4.965842684611777,
                    -0.03429366429139388,
                    -5.018708946660404
                ],
                [
                    -0.01979615241857121,
                    -5.018708946660404,
                    0.03431168969643519
                ]
            ],
            "volume_eff": 33.50441104618805,
            "alpha_iso": 9.761127627629591,
            "c6_ii": 42.10676815232913,
            "c8_ii": 1590.4828224515522,
            "c10_ii": 65443.66100731327,
            "slater_b_init": 32.825630526630846
        },
        {
            "index": 8,
            "element": "S",
            "charge": 1.1645518257637377,
            "dipole": [
                -0.16963183865943898,
                -0.04596157738800035,
                -0.11291049018261469
            ],
            "quadrupole": [
                [
                    -7.959100905034639,
                    -7.888750698888927,
                    -0.003367961840061408
                ],
                [
                    -7.888750698888927,
                    -0.027469582078900257,
                    -7.888398951048515
                ],
                [
                    -0.003367961840061408,
                    -7.888398951048515,
                    -0.05215505081447742
                ]
            ],
            "volume_eff": 62.21889880883196,
            "alpha_iso": 16.21662788102535,
            "c6_ii": 91.73049942066048,
            "c8_ii": 2413.2664255993054,
            "c10_ii": 63806.194799929384,
            "slater_b_init": 36.21685689805339
        },
        {
            "index": 9,
            "element": "O",
            "charge": -0.5940657783176277,
            "dipole": [
                0.029431290618051238,
                -0.1610285606909753,
                -0.0815126530794457
            ],
            "quadrupole": [
                [
                    -4.307154020089231,
                    -4.363261348607168,
                    -0.01496562362200843
                ],
                [
                    -4.363261348607168,
                    0.006592469483641577,
                    -4.33077759402467
                ],
                [
                    -0.01496562362200843,
                    -4.33077759402467,
                    0.004751529772852213
                ]
            ],
            "volume_eff": 25.0488989073141,
            "alpha_iso": 7.473152160193156,
            "c6_ii": 29.8775325811603,
            "c8_ii": 1284.3614651556663,
            "c10_ii": 53166.66131437463,
            "slater_b_init": 33.202060430128206
        },
        {
            "index": 10,
            "element": "O",
            "charge": -0.6042992867668389,
            "dipole": [
                -0.032155438902297606,
                0.11878464482416498,
                -0.1390952495501044
            ],
            "quadrupole": [
                [
                    -4.337528103934178,
                    -4.366209529889819,
                    0.027551615909779042
                ],
                [
                    -4.366209529889819,
                    0.014840154681861603,
                    -4.370028685714863
                ],
                [
                    0.027551615909779042,
                    -4.370028685714863,
                    -0.009238629425902487
                ]
            ],
            "volume_eff": 25.262472720028693,
            "alpha_iso": 7.536870314262704,
            "c6_ii": 30.38919274659206,
            "c8_ii": 1313.77153204758,
            "c10_ii": 54692.7945040317,
            "slater_b_init": 33.10822997190413
        },
        {
            "index": 11,
            "element": "C",
            "charge": 0.5569258581511995,
            "dipole": [
                0.1655994359471773,
                0.05981053524948805,
                0.140897362584106
            ],
            "quadrupole": [
                [
                    -3.801567360011045,
                    -3.6760262657607705,
                    -0.049466568946140536
                ],
                [
                    -3.6760262657607705,
                    -0.058759604316035885,
                    -3.7768668494242887
                ],
                [
                    -0.049466568946140536,
                    -3.7768668494242887,
                    -0.14419360020069263
                ]
            ],
            "volume_eff": 27.48045801882994,
            "alpha_iso": 8.632604613245007,
            "c6_ii": 24.116102696122528,
            "c8_ii": 560.9128366035371,
            "c10_ii": 16345.495606162609,
            "slater_b_init": 39.061403440180236
        },
        {
            "index": 12,
            "element": "F",
            "charge": -0.21375928760166474,
            "dipole": [
                -0.009892669070390494,
                -0.024102616515384163,
                0.01880324378733052
            ],
            "quadrupole": [
                [
                    -3.5392282526100094,
                    -3.509661371016115,
                    -0.034293206138204406
                ],
                [
                    -3.509661371016115,
                    0.0010379429687435997,
                    -3.5115551804546183
                ],
                [
                    -0.034293206138204406,
                    -3.5115551804546183,
                    -0.0021948648267750602
                ]
            ],
            "volume_eff": 17.714724483418752,
            "alpha_iso": 5.563301903883575,
            "c6_ii": 20.362057943259614,
            "c8_ii": 884.3293992073973,
            "c10_ii": 35631.17187553131,
            "slater_b_init": 33.46575181814056
        },
        {
            "index": 13,
            "element": "F",
            "charge": -0.21174132993748884,
            "dipole": [
                0.01902655451271093,
                -0.0008419400166344316,
                -0.019275326463409063
            ],
            "quadrupole": [
                [
                    -3.494777934999129,
                    -3.54112245951191,
                    -0.002247934785314387
                ],
                [
                    -3.54112245951191,
                    0.004053464425525726,
                    -3.5192297506444254
                ],
                [
                    -0.002247934785314387,
                    -3.5192297506444254,
                    -0.03193662548193141
                ]
            ],
            "volume_eff": 17.706181352127857,
            "alpha_iso": 5.560618937031889,
            "c6_ii": 20.342423001893195,
            "c8_ii": 883.192581260058,
            "c10_ii": 35573.92560972859,
            "slater_b_init": 33.471133297374486
        },
        {
            "index": 14,
            "element": "F",
            "charge": -0.2134643176535036,
            "dipole": [
                -0.019291467263807267,
                0.01928575800856,
                0.007293660799613173
            ],
            "quadrupole": [
                [
                    -3.5302399495658268,
                    -3.487743317237656,
                    0.024466940214949533
                ],
                [
                    -3.487743317237656,
                    -0.017571577880763235,
                    -3.535933953060373
                ],
                [
                    0.024466940214949533,
                    -3.535933953060373,
                    -0.010161134807033716
                ]
            ],
            "volume_eff": 17.695074518171026,
            "alpha_iso": 5.557130840417347,
            "c6_ii": 20.31690998520896,
            "c8_ii": 881.7159826136377,
            "c10_ii": 35499.596650752625,
            "slater_b_init": 33.47813487974382
        }
    ]
}