{
    "molecule": "LCarb_87",
    "atoms": [
        {
            "index": 0,
            "element": "C",
            "charge": -0.526044482294953,
            "dipole": [
                0.02877548207849713,
                0.06665539549388132,
                -0.02834037982383787
            ],
            "quadrupole": [
                [
                    -5.291895486530211,
                    -5.385223747969882,
                    0.06803951618551814
                ],
                [
                    -5.385223747969882,
                    -0.026612297714615676,
                    -5.250551148157481
                ],
                [
                    0.06803951618551814,
                    -5.250551148157481,
                    0.01459641758263472
                ]
            ],
            "volume_eff": 40.41312276896689,
            "alpha_iso": 12.695221812240908,
            "c6_ii": 52.155968123396356,
            "c8_ii": 1568.765011264139,
            "c10_ii": 59118.88541462114,
            "slater_b_init": 34.34907360258158
        },
        {
            "index": 1,
            "element": "C",
            "charge": 0.16271918118598094,
            "dipole": [
                -0.19175260299254202,
                0.0011225029967558866,
                0.015254176966252444
            ],
            "quadrupole": [
                [
                    -4.095270433240435,
                    -4.198402441033893,
                    0.033912687187737434
                ],
                [
                    -4.198402441033893,
                    -0.04871519400960599,
                    -4.1385525838194575
                ],
                [
                    0.033912687187737434,
                    -4.1385525838194575,
                    0.016437873527769552
                ]
            ],
            "volume_eff": 30.115217106188265,
            "alpha_iso": 9.460277624980606,
            "c6_ii": 28.96217595669184,
            "c8_ii": 716.0238083918061,
            "c10_ii": 22178.80785343298,
            "slater_b_init": 37.887315326946755
        },
        {
            "index": 2,
            "element": "O",
            "charge": -0.40222934210571637,
            "dipole": [
                0.09291244981138151,
                -0.004947392760426018,
                -0.0036203807664287936
            ],
            "quadrupole": [
                [
                    -4.036831748042666,
                    -4.064435056838081,
                    0.01540953707473265
                ],
                [
                    -4.064435056838081,
                    0.016065818377838926,
                    -4.030129653074549
                ],
                [
                    0.01540953707473265,
                    -4.030129653074549,
                    -0.007037008369872575
                ]
            ],
            "volume_eff": 22.905647621007382,
            "alpha_iso": 6.833729124499441,
            "c6_ii": 24.98346085232158,
            "c8_ii": 1011.8071892687859,
            "c10_ii": 39459.584367069285,
            "slater_b_init": 34.20690046442703
        },
        {
            "index": 3,
            "element": "C",
            "charge": 1.0155009481517911,
            "dipole": [
                0.0007834219932498804,
                -0.04179687751469644,
                0.020360140722479953
            ],
            "quadrupole": [
                [
                    -2.826521893698478,
                    -2.8550869302772317,
                    0.06081248144773078
                ],
                [
                    -2.8550869302772317,
                    -0.00234857757959849,
                    -2.739105574219404
                ],
                [
                    0.06081248144773078,
                    -2.739105574219404,
                    0.008173394884639789
                ]
            ],
            "volume_eff": 18.71836694018522,
            "alpha_iso": 5.880115269168131,
            "c6_ii": 11.18909868033067,
            "c8_ii": 201.47106630007266,
            "c10_ii": 4545.11342453797,
            "slater_b_init": 44.394909989006194
        },
        {
            "index": 4,
            "element": "O",
            "charge": -0.6345719624213118,
            "dipole": [
                0.05016118272840541,
                0.14522518485971908,
                -0.06681698825897821
            ],
            "quadrupole": [
                [
                    -4.443512787182392,
                    -4.433290618610741,
                    0.03463116165669307
                ],
                [
                    -4.433290618610741,
                    -0.0004876438362418612,
                    -4.364776518421421
                ],
                [
                    0.03463116165669307,
                    -4.364776518421421,
                    0.00774255233043782
                ]
            ],
            "volume_eff": 25.80670418331086,
            "alpha_iso": 7.699237712147991,
            "c6_ii": 31.71265010395489,
            "c8_ii": 1390.6067821634526,
            "c10_ii": 58719.957730105096,
            "slater_b_init": 32.87383728082292
        },
        {
            "index": 5,
            "element": "O",
            "charge": -0.41311250275277267,
            "dipole": [
                -0.1061691835827137,
                0.02558291078463087,
                0.00681216500907195
            ],
            "quadrupole": [
                [
                    -4.031808779916438,
                    -4.112487465686207,
                    0.010983905754738886
                ],
                [
                    -4.112487465686207,
                    -0.030525425846535274,
                    -4.086462586586481
                ],
                [
                    0.010983905754738886,
                    -4.086462586586481,
                    0.002799155908013786
                ]
            ],
            "volume_eff": 23.2253007638225,
            "alpha_iso": 6.929095255505055,
            "c6_ii": 25.685625258362734,
            "c8_ii": 1049.899715789105,
            "c10_ii": 41325.21084125485,
            "slater_b_init": 34.04924346052014
        },
        {
            "index": 6,
            "element": "C",
            "charge": -0.043056712947445064,
            "dipole": [
                0.08922095665042615,
                -0.12687915338262776,
                0.05333240728880274
            ],
            "quadrupole": [
                [
                    -4.4371392562319985,
                    -4.384591883233354,
                    0.004724587964301735
                ],
                [
                    -4.384591883233354,
                    -0.09958272785150639,
                    -4.376498405205078
                ],
                [
                    0.004724587964301735,
                    -4.376498405205078,
                    0.039381237221645965
                ]
            ],
            "volume_eff": 32.17578729595975,
            "alpha_iso": 10.107577161034477,
            "c6_ii": 33.06111950477767,
            "c8_ii": 854.2322304569628,
            "c10_ii": 27653.41754804102,
            "slater_b_init": 37.060627741721326
        },
        {
            "index": 7,
            "element": "C",
            "charge": 0.04015689095066577,
            "dipole": [
                0.022604990050982616,
                0.002317681520790249,
                0.1618302841204247
            ],
            "quadrupole": [
                [
                    -4.311783769385282,
                    -4.28171629271913,
                    0.0009478884277987668
                ],
                [
                    -4.28171629271913,
                    -0.062053102036686326,
                    -4.16570472607788
                ],
                [
                    0.0009478884277987668,
                    -4.16570472607788,
                    -0.0016015802486080825
                ]
            ],
            "volume_eff": 30.83380244730516,
            "alpha_iso": 9.68601123999115,
            "c6_ii": 30.360810557927394,
            "c8_ii": 762.4950503454962,
            "c10_ii": 23992.48077477662,
            "slater_b_init": 37.590676088678094
        },
        {
            "index": 8,
            "element": "F",
            "charge": -0.22248355315450574,
            "dipole": [
                0.01893916533070128,
                -0.0023567602334077123,
                -0.04376087649753302
            ],
            "quadrupole": [
                [
                    -3.5627360343541272,
                    -3.5828243910174717,
                    0.0008853407543327692
                ],
                [
                    -3.5828243910174717,
                    -0.001734274041658666,
                    -3.4917767773367006
                ],
                [
                    0.0008853407543327692,
                    -3.4917767773367006,
                    -0.012846217781008463
                ]
            ],
            "volume_eff": 17.922987771915214,
            "alpha_iso": 5.628706903576679,
            "c6_ii": 20.843645662086686,
            "c8_ii": 912.3260594451926,
            "c10_ii": 37046.75107550098,
            "slater_b_init": 33.3356236101132
        },
        {
            "index": 9,
            "element": "H",
            "charge": 0.20087741012142035,
            "dipole": [
                0.04675941671043624,
                -0.003145914318502896,
                -0.0019860504338341245
            ],
            "quadrupole": [
                [
                    -0.4303291142150581,
                    -0.4219478614044387,
                    -0.004861330218481984
                ],
                [
                    -0.4219478614044387,
                    0.001336143505263702,
                    -0.43143832744646293
                ],
                [
                    -0.004861330218481984,
                    -0.43143832744646293,
                    -0.0009710470782193531
                ]
            ],
            "volume_eff": 2.3205265598454523,
            "alpha_iso": 0.7405935829293997,
            "c6_ii": 0.17605494113557216,
            "c8_ii": 1.0118905251491306,
            "c10_ii": 8.027105952451425,
            "slater_b_init": 72.99125782218573
        },
        {
            "index": 10,
            "element": "H",
            "charge": 0.2273001886214061,
            "dipole": [
                -0.02350420878682823,
                0.04148435160370644,
                -0.01534270941238906
            ],
            "quadrupole": [
                [
                    -0.4007401923965187,
                    -0.4002921757458925,
                    -0.0030187725974995115
                ],
                [
                    -0.4002921757458925,
                    0.0021006994307722336,
                    -0.4059375161221033
                ],
                [
                    -0.0030187725974995115,
                    -0.4059375161221033,
                    -0.0014243026761840325
                ]
            ],
            "volume_eff": 2.149237055100005,
            "alpha_iso": 0.6859267197127675,
            "c6_ii": 0.15102323561992417,
            "c8_ii": 0.8247600172045688,
            "c10_ii": 6.216580795159241,
            "slater_b_init": 74.88099197059464
        },
        {
            "index": 11,
            "element": "H",
            "charge": 0.13471662280536578,
            "dipole": [
                0.02898803212075697,
                -0.05988012164014277,
                0.02295059141769955
            ],
            "quadrupole": [
                [
                    -0.4537481557389656,
                    -0.4764380365410999,
                    -0.005815630957038445
                ],
                [
                    -0.4764380365410999,
                    0.003057061325612509,
                    -0.4874192644336726
                ],
                [
                    -0.005815630957038445,
                    -0.4874192644336726,
                    -0.004026274523578742
                ]
            ],
            "volume_eff": 2.5876730815634152,
            "alpha_iso": 0.8258531111372602,
            "c6_ii": 0.21892428877225173,
            "c8_ii": 1.353093584164602,
            "c10_ii": 11.542552993861802,
            "slater_b_init": 70.38766518097759
        },
        {
            "index": 12,
            "element": "H",
            "charge": 0.11939523387055351,
            "dipole": [
                0.00129822960951203,
                0.0024576187597412516,
                -0.061843629544190676
            ],
            "quadrupole": [
                [
                    -0.4907950337124749,
                    -0.49532584110795436,
                    0.000819808564498078
                ],
                [
                    -0.49532584110795436,
                    -0.009245281964403437,
                    -0.507780991949431
                ],
                [
                    0.000819808564498078,
                    -0.507780991949431,
                    0.0013840760493210418
                ]
            ],
            "volume_eff": 2.7878258615626565,
            "alpha_iso": 0.8897316579455287,
            "c6_ii": 0.2541010247149751,
            "c8_ii": 1.6504832709534267,
            "c10_ii": 14.796397572226404,
            "slater_b_init": 68.66116184401201
        },
        {
            "index": 13,
            "element": "H",
            "charge": 0.13285434969172305,
            "dipole": [
                0.010049159732218304,
                0.04773219045751174,
                0.03859421038146299
            ],
            "quadrupole": [
                [
                    -0.4767546505367104,
                    -0.4860289633001439,
                    -0.003643274892317318
                ],
                [
                    -0.4860289633001439,
                    -0.009669822132499964,
                    -0.4904535536946079
                ],
                [
                    -0.003643274892317318,
                    -0.4904535536946079,
                    0.004381261251543742
                ]
            ],
            "volume_eff": 2.6969340015957117,
            "alpha_iso": 0.8607236175305463,
            "c6_ii": 0.23780214555736573,
            "c8_ii": 1.5108578188136086,
            "c10_ii": 13.248648537129853,
            "slater_b_init": 69.42399305165911
        },
        {
            "index": 14,
            "element": "H",
            "charge": 0.0993572054594174,
            "dipole": [
                -0.04785942295911273,
                0.040109788806067394,
                -0.014778839727420197
            ],
            "quadrupole": [
                [
                    -0.5155673141913901,
                    -0.5162177605647393,
                    0.00037493079855367164
                ],
                [
                    -0.5162177605647393,
                    0.0035149968002513325,
                    -0.4988447913367314
                ],
                [
                    0.00037493079855367164,
                    -0.4988447913367314,
                    -0.006798597160847972
                ]
            ],
            "volume_eff": 2.855185359285947,
            "alpha_iso": 0.9112293699848767,
            "c6_ii": 0.2665285565777644,
            "c8_ii": 1.7589799991855621,
            "c10_ii": 16.022054704598187,
            "slater_b_init": 68.11690803295144
        },
        {
            "index": 15,
            "element": "H",
            "charge": 0.10618391049617182,
            "dipole": [
                0.003123868689775828,
                -0.06316867391568093,
                -0.010273397008242367
            ],
            "quadrupole": [
                [
                    -0.5054138794814393,
                    -0.5143513502112999,
                    -0.0035810445788076618
                ],
                [
                    -0.5143513502112999,
                    0.001025960272610172,
                    -0.4908496060741998
                ],
                [
                    -0.0035810445788076618,
                    -0.4908496060741998,
                    -0.005036322912296506
                ]
            ],
            "volume_eff": 2.811829393581737,
            "alpha_iso": 0.8973923596537459,
            "c6_ii": 0.2584955460035539,
            "c8_ii": 1.688651346704687,
            "c10_ii": 15.225342534805241,
            "slater_b_init": 68.46522504736326
        }
    ]
}