{
    "molecule": "PP",
    "atoms": [
        {
            "index": 0,
            "element": "C",
            "charge": -0.4063524603008659,
            "dipole": [
                -9.342298559007261e-05,
                -0.003232180710520147,
                -0.08870079114910273
            ],
            "quadrupole": [
                [
                    -5.0075309437272315,
                    -5.021051719371904,
                    -0.013978363209871215
                ],
                [
                    -5.021051719371904,
                    -0.00038784229645190627,
                    -5.106133198575297
                ],
                [
                    -0.013978363209871215,
                    -5.106133198575297,
                    -0.019975572831831243
                ]
            ],
            "volume_eff": 38.01817560258786,
            "alpha_iso": 11.942882388247494,
            "c6_ii": 46.15744230459214,
            "c8_ii": 1332.9326116706873,
            "c10_ii": 48226.87388134997,
            "slater_b_init": 35.055707877411166
        },
        {
            "index": 1,
            "element": "C",
            "charge": -0.2642348036517337,
            "dipole": [
                0.03801317685475938,
                0.022596730794000076,
                0.06994065221456311
            ],
            "quadrupole": [
                [
                    -4.7286052766172455,
                    -4.762480041669152,
                    -0.001064332933204223
                ],
                [
                    -4.762480041669152,
                    -0.05845104077471894,
                    -4.829516362757059
                ],
                [
                    -0.001064332933204223,
                    -4.829516362757059,
                    -0.014204230933334899
                ]
            ],
            "volume_eff": 35.51702653298773,
            "alpha_iso": 11.157181109839076,
            "c6_ii": 40.28398172782741,
            "c8_ii": 1111.720805237742,
            "c10_ii": 38439.12879773287,
            "slater_b_init": 35.86000111646666
        },
        {
            "index": 2,
            "element": "C",
            "charge": 0.05380475288316422,
            "dipole": [
                0.13174439018045955,
                -0.08100948192146432,
                0.061973745558879564
            ],
            "quadrupole": [
                [
                    -4.176133083784641,
                    -4.28824346935636,
                    0.043067286178445956
                ],
                [
                    -4.28824346935636,
                    -0.06520734538323025,
                    -4.2483419172771235
                ],
                [
                    0.043067286178445956,
                    -4.2483419172771235,
                    0.02270077943121358
                ]
            ],
            "volume_eff": 30.786101447698282,
            "alpha_iso": 9.6710266327848,
            "c6_ii": 30.266944692727314,
            "c8_ii": 759.3534850099487,
            "c10_ii": 23868.979830108645,
            "slater_b_init": 37.61008081391366
        },
        {
            "index": 3,
            "element": "O",
            "charge": -0.3942228803969954,
            "dipole": [
                -0.10322697964092499,
                0.0019117090703767614,
                -0.010679776117338316
            ],
            "quadrupole": [
                [
                    -4.020057720399418,
                    -4.086669114973115,
                    -0.019262746057099128
                ],
                [
                    -4.086669114973115,
                    0.016171606177260833,
                    -4.065704242502212
                ],
                [
                    -0.019262746057099128,
                    -4.065704242502212,
                    -0.0027674816785987193
                ]
            ],
            "volume_eff": 23.097988242639172,
            "alpha_iso": 6.891112514378537,
            "c6_ii": 25.40479884426824,
            "c8_ii": 1034.62263631923,
            "c10_ii": 40574.929636100904,
            "slater_b_init": 34.11168692038958
        },
        {
            "index": 4,
            "element": "C",
            "charge": 0.7838226477439632,
            "dipole": [
                -0.07068218882160912,
                0.01441602071421526,
                -0.01604811011857355
            ],
            "quadrupole": [
                [
                    -3.173304447010805,
                    -3.148389857940286,
                    -0.09573401605917216
                ],
                [
                    -3.148389857940286,
                    0.0860353577674088,
                    -3.017961358165757
                ],
                [
                    -0.09573401605917216,
                    -3.017961358165757,
                    -0.023845128609278475
                ]
            ],
            "volume_eff": 21.175099979388396,
            "alpha_iso": 6.6518638678707,
            "c6_ii": 14.318915624426827,
            "c8_ii": 279.9192201485322,
            "c10_ii": 6855.983580717127,
            "slater_b_init": 42.6069724602835
        },
        {
            "index": 5,
            "element": "O",
            "charge": -0.570670894443257,
            "dipole": [
                -0.01692573088892403,
                0.08840683949564003,
                0.05726661544271631
            ],
            "quadrupole": [
                [
                    -4.394952903684091,
                    -4.349763235840981,
                    -0.05325021528979739
                ],
                [
                    -4.349763235840981,
                    0.03528385666050246,
                    -4.294490743339336
                ],
                [
                    -0.05325021528979739,
                    -4.294490743339336,
                    -0.036597222655660476
                ]
            ],
            "volume_eff": 25.37092845675621,
            "alpha_iso": 7.569227274391356,
            "c6_ii": 30.650683946834146,
            "c8_ii": 1328.865996161142,
            "c10_ii": 55479.40452611158,
            "slater_b_init": 33.06098552716522
        },
        {
            "index": 6,
            "element": "C",
            "charge": -0.4306512127131308,
            "dipole": [
                0.08442622810415291,
                0.040513020822857064,
                0.05062526047350545
            ],
            "quadrupole": [
                [
                    -5.080684364849561,
                    -5.047073931408952,
                    -0.07041923982672427
                ],
                [
                    -5.047073931408952,
                    -0.0009619401126501056,
                    -4.997857818852545
                ],
                [
                    -0.07041923982672427,
                    -4.997857818852545,
                    -0.036162359636655296
                ]
            ],
            "volume_eff": 37.810375982042316,
            "alpha_iso": 11.877605020536853,
            "c6_ii": 45.65424685911746,
            "c8_ii": 1313.5928925690012,
            "c10_ii": 47353.80232114102,
            "slater_b_init": 35.119810726449415
        },
        {
            "index": 7,
            "element": "C",
            "charge": -0.3807240526199793,
            "dipole": [
                -0.061667820077362656,
                -0.05308375429754748,
                -0.05580798230202957
            ],
            "quadrupole": [
                [
                    -5.005498234723453,
                    -4.992451643149594,
                    -0.03226283991087001
                ],
                [
                    -4.992451643149594,
                    -0.024574124480930697,
                    -4.982197953629453
                ],
                [
                    -0.03226283991087001,
                    -4.982197953629453,
                    -0.029553106452275768
                ]
            ],
            "volume_eff": 37.51108614358788,
            "alpha_iso": 11.78358727023703,
            "c6_ii": 44.93435062025427,
            "c8_ii": 1286.047982952662,
            "c10_ii": 46115.862450227716,
            "slater_b_init": 35.21296692896039
        },
        {
            "index": 8,
            "element": "H",
            "charge": 0.13871829652136647,
            "dipole": [
                -0.007165819858670598,
                0.04833999125413452,
                0.0045769436730868284
            ],
            "quadrupole": [
                [
                    -0.49778179107611964,
                    -0.5031689463750325,
                    -0.0037138433924822725
                ],
                [
                    -0.5031689463750325,
                    -0.0014137751458824894,
                    -0.4880086966628015
                ],
                [
                    -0.0037138433924822725,
                    -0.4880086966628015,
                    0.0030478203621911535
                ]
            ],
            "volume_eff": 2.8090865522542496,
            "alpha_iso": 0.8965169847619946,
            "c6_ii": 0.25799148522389137,
            "c8_ii": 1.684262328912186,
            "c10_ii": 15.175892884725187,
            "slater_b_init": 68.48750134704993
        },
        {
            "index": 9,
            "element": "H",
            "charge": 0.12828192861562504,
            "dipole": [
                -0.036502821741663666,
                -0.030292780119494305,
                0.01322930809180672
            ],
            "quadrupole": [
                [
                    -0.5094307594654006,
                    -0.5099554520545834,
                    0.0057671376945984286
                ],
                [
                    -0.5099554520545834,
                    -0.0006819785635199153,
                    -0.5033188342982635
                ],
                [
                    0.0057671376945984286,
                    -0.5033188342982635,
                    0.006136744673277085
                ]
            ],
            "volume_eff": 2.885808867112909,
            "alpha_iso": 0.9210028299296519,
            "c6_ii": 0.2722765621135692,
            "c8_ii": 1.8097402657696342,
            "c10_ii": 16.60207591182894,
            "slater_b_init": 67.87510394875751
        },
        {
            "index": 10,
            "element": "H",
            "charge": 0.1346149877674696,
            "dipole": [
                0.045982724064159604,
                -0.014979010844701306,
                0.003989525980633366
            ],
            "quadrupole": [
                [
                    -0.5018713289931531,
                    -0.5005084056806288,
                    0.0026205719321340153
                ],
                [
                    -0.5005084056806288,
                    0.0016017968336287283,
                    -0.4910761168063577
                ],
                [
                    0.0026205719321340153,
                    -0.4910761168063577,
                    -0.003252150312202302
                ]
            ],
            "volume_eff": 2.8096720352455575,
            "alpha_iso": 0.8967038410358162,
            "c6_ii": 0.25809904002145734,
            "c8_ii": 1.685198603116401,
            "c10_ii": 15.186438884581442,
            "slater_b_init": 68.4827438460299
        },
        {
            "index": 11,
            "element": "H",
            "charge": 0.12795151823219175,
            "dipole": [
                -0.04566946146190059,
                0.017476173019501863,
                -0.0007612030208387511
            ],
            "quadrupole": [
                [
                    -0.5071862189931717,
                    -0.4976300523975647,
                    -0.002317236570957137
                ],
                [
                    -0.4976300523975647,
                    0.003342409996653636,
                    -0.49026830364345675
                ],
                [
                    -0.002317236570957137,
                    -0.49026830364345675,
                    -0.008234664257775259
                ]
            ],
            "volume_eff": 2.8040730638404074,
            "alpha_iso": 0.8949169352682151,
            "c6_ii": 0.2570714116885954,
            "c8_ii": 1.6762583263451798,
            "c10_ii": 15.085797326125945,
            "slater_b_init": 68.52829401475167
        },
        {
            "index": 12,
            "element": "H",
            "charge": 0.12623542537708432,
            "dipole": [
                0.018382842765477875,
                -0.04529017590974987,
                -0.0020318841810646306
            ],
            "quadrupole": [
                [
                    -0.49890103678905445,
                    -0.5101235041177467,
                    -0.008230254741323358
                ],
                [
                    -0.5101235041177467,
                    0.002547169285077142,
                    -0.49031410061652025
                ],
                [
                    -0.008230254741323358,
                    -0.49031410061652025,
                    -0.0038750308179033403
                ]
            ],
            "volume_eff": 2.8169548306776617,
            "alpha_iso": 0.8990281374503176,
            "c6_ii": 0.2594387825939761,
            "c8_ii": 1.69687207185322,
            "c10_ii": 15.318049230409406,
            "slater_b_init": 68.42367577759062
        },
        {
            "index": 13,
            "element": "H",
            "charge": 0.11026860069076538,
            "dipole": [
                -0.01319288360764965,
                0.059294031611048265,
                0.024751849866806674
            ],
            "quadrupole": [
                [
                    -0.49615179268363907,
                    -0.517858129711658,
                    -0.004825356132235868
                ],
                [
                    -0.517858129711658,
                    -0.003770627370868889,
                    -0.5197818770027036
                ],
                [
                    -0.004825356132235868,
                    -0.5197818770027036,
                    -0.002897140174440212
                ]
            ],
            "volume_eff": 2.8882013361116186,
            "alpha_iso": 0.9217663838654101,
            "c6_ii": 0.27272820897570593,
            "c8_ii": 1.8137439860739486,
            "c10_ii": 16.647999932761643,
            "slater_b_init": 67.85635710916536
        },
        {
            "index": 14,
            "element": "H",
            "charge": 0.08430726119035437,
            "dipole": [
                -0.012660607212251894,
                -0.01712580157646193,
                -0.0596330324328052
            ],
            "quadrupole": [
                [
                    -0.515922979088484,
                    -0.5365887502939063,
                    0.00010002116177763836
                ],
                [
                    -0.5365887502939063,
                    -0.002208908205269586,
                    -0.543736369933942
                ],
                [
                    0.00010002116177763836,
                    -0.543736369933942,
                    0.00019947290135984586
                ]
            ],
            "volume_eff": 3.022838119500532,
            "alpha_iso": 0.9647355700533613,
            "c6_ii": 0.2987479348553183,
            "c8_ii": 2.0480589547561623,
            "c10_ii": 19.37849972309574,
            "slater_b_init": 66.83358107930746
        },
        {
            "index": 15,
            "element": "H",
            "charge": 0.17008381193523991,
            "dipole": [
                0.025452141164219455,
                0.007330891725049695,
                -0.03986686736717783
            ],
            "quadrupole": [
                [
                    -0.45079242360982935,
                    -0.45676168617844504,
                    -0.0021189073314668715
                ],
                [
                    -0.45676168617844504,
                    0.0035116680770218007,
                    -0.4643120877964506
                ],
                [
                    -0.0021189073314668715,
                    -0.4643120877964506,
                    0.005858252636445016
                ]
            ],
            "volume_eff": 2.5214942583047684,
            "alpha_iso": 0.8047322100972665,
            "c6_ii": 0.20786965653294823,
            "c8_ii": 1.2627693615742799,
            "c10_ii": 10.58759033429639,
            "slater_b_init": 70.99815031233295
        },
        {
            "index": 16,
            "element": "H",
            "charge": 0.16860018997716186,
            "dipole": [
                0.002925005928290355,
                -0.03754845037887676,
                0.029374710488937188
            ],
            "quadrupole": [
                [
                    -0.4535129940109198,
                    -0.46930128797182713,
                    0.002714463623696562
                ],
                [
                    -0.46930128797182713,
                    0.0008100096512723646,
                    -0.4565393758790564
                ],
                [
                    0.002714463623696562,
                    -0.4565393758790564,
                    0.004652515421865204
                ]
            ],
            "volume_eff": 2.542814490741381,
            "alpha_iso": 0.8115365395983132,
            "c6_ii": 0.2113997584281891,
            "c8_ii": 1.2914429339938662,
            "c10_ii": 10.888952646889637,
            "slater_b_init": 70.79916510368258
        },
        {
            "index": 17,
            "element": "H",
            "charge": 0.1409271352783925,
            "dipole": [
                -0.004735680319882035,
                0.04396712718792892,
                -0.02509902433203162
            ],
            "quadrupole": [
                [
                    -0.4931970185941338,
                    -0.4990684118886116,
                    0.004362171433656763
                ],
                [
                    -0.4990684118886116,
                    0.002548190033711278,
                    -0.48739955647071453
                ],
                [
                    0.004362171433656763,
                    -0.48739955647071453,
                    0.006703184907888947
                ]
            ],
            "volume_eff": 2.785035011048869,
            "alpha_iso": 0.8888409609730434,
            "c6_ii": 0.25359252594432796,
            "c8_ii": 1.6460808819375805,
            "c10_ii": 14.747080376622051,
            "slater_b_init": 68.68408903235208
        },
        {
            "index": 18,
            "element": "H",
            "charge": 0.14056054952742514,
            "dipole": [
                -0.027260455715081806,
                0.0002387200914558012,
                0.04278210449629888
            ],
            "quadrupole": [
                [
                    -0.49026397608429373,
                    -0.4913919470917046,
                    0.0019291806664309245
                ],
                [
                    -0.4913919470917046,
                    0.007712497796577308,
                    -0.4995095520430611
                ],
                [
                    0.0019291806664309245,
                    -0.4995095520430611,
                    0.003647515540265902
                ]
            ],
            "volume_eff": 2.789228945832703,
            "alpha_iso": 0.8901794507976711,
            "c6_ii": 0.25435686197757446,
            "c8_ii": 1.6526993237398118,
            "c10_ii": 14.821235069822304,
            "slater_b_init": 68.64964688697798
        },
        {
            "index": 19,
            "element": "H",
            "charge": 0.12805517196865934,
            "dipole": [
                0.04154319496071747,
                -0.02733782579966322,
                -0.0038770022745335114
            ],
            "quadrupole": [
                [
                    -0.5116184863684817,
                    -0.5022688853119225,
                    0.0059208822400350246
                ],
                [
                    -0.5022688853119225,
                    0.005226671333527429,
                    -0.5042925667802494
                ],
                [
                    0.0059208822400350246,
                    -0.5042925667802494,
                    0.0026248954422189467
                ]
            ],
            "volume_eff": 2.8699334467241195,
            "alpha_iso": 0.9159362064013148,
            "c6_ii": 0.2692891048039213,
            "c8_ii": 1.7833131620369975,
            "c10_ii": 16.299587075110757,
            "slater_b_init": 68.00002729043842
        }
    ]
}