{
    "molecule": "Phos_861",
    "atoms": [
        {
            "index": 0,
            "element": "C",
            "charge": -0.10633396584804711,
            "dipole": [
                0.12715078819710515,
                0.04551975333987386,
                0.07793960822832084
            ],
            "quadrupole": [
                [
                    -4.482463678900171,
                    -4.55638748191031,
                    0.035649506670522114
                ],
                [
                    -4.55638748191031,
                    0.019813928424927203,
                    -4.5433238609058915
                ],
                [
                    0.035649506670522114,
                    -4.5433238609058915,
                    0.05084436792925241
                ]
            ],
            "volume_eff": 33.35635848186622,
            "alpha_iso": 10.478437219434415,
            "c6_ii": 35.53173840119365,
            "c8_ii": 940.3896073580954,
            "c10_ii": 31182.694904773056,
            "slater_b_init": 36.61814059379459
        },
        {
            "index": 1,
            "element": "O",
            "charge": -0.3834050316400912,
            "dipole": [
                -0.04282244531090813,
                0.002172592684884843,
                -0.03861177137665102
            ],
            "quadrupole": [
                [
                    -4.0243048828791625,
                    -4.058192379408158,
                    -0.00900176941780407
                ],
                [
                    -4.058192379408158,
                    0.09232343481095184,
                    -4.119249534529655
                ],
                [
                    -0.00900176941780407,
                    -4.119249534529655,
                    -0.005857974117575808
                ]
            ],
            "volume_eff": 23.196405432270243,
            "alpha_iso": 6.920474548854105,
            "c6_ii": 25.621752417999442,
            "c8_ii": 1046.4200902437385,
            "c10_ii": 41154.079451629026,
            "slater_b_init": 34.063375764152816
        },
        {
            "index": 2,
            "element": "C",
            "charge": 0.37755775483802445,
            "dipole": [
                0.07608762710241145,
                -0.05050654897917345,
                0.19041531993653849
            ],
            "quadrupole": [
                [
                    -3.7475033689876573,
                    -3.7631029518348913,
                    0.02198156996041899
                ],
                [
                    -3.7631029518348913,
                    0.015664329896623193,
                    -3.73992417078039
                ],
                [
                    0.02198156996041899,
                    -3.73992417078039,
                    0.02405843414007317
                ]
            ],
            "volume_eff": 26.65010112160118,
            "alpha_iso": 8.371759514639113,
            "c6_ii": 22.68072398254371,
            "c8_ii": 516.8467195020345,
            "c10_ii": 14756.42227045427,
            "slater_b_init": 39.462949788143476
        },
        {
            "index": 3,
            "element": "O",
            "charge": -0.6069659711334658,
            "dipole": [
                -0.12396248124446656,
                -0.10764230198726474,
                0.12702546285161745
            ],
            "quadrupole": [
                [
                    -4.278314627779118,
                    -4.30340582720968,
                    0.02343973847033797
                ],
                [
                    -4.30340582720968,
                    0.0013153001634321853,
                    -4.316788163840002
                ],
                [
                    0.02343973847033797,
                    -4.316788163840002,
                    0.00536756723515428
                ]
            ],
            "volume_eff": 24.78429049879958,
            "alpha_iso": 7.394208215111477,
            "c6_ii": 29.249633607797804,
            "c8_ii": 1248.4990103454957,
            "c10_ii": 51317.50796165126,
            "slater_b_init": 33.319802518269256
        },
        {
            "index": 4,
            "element": "P",
            "charge": 1.7611771742007392,
            "dipole": [
                0.07362386465810274,
                -0.041682630632342704,
                0.0355505239279868
            ],
            "quadrupole": [
                [
                    -6.25616542975357,
                    -6.36575973188404,
                    -0.006560623777777843
                ],
                [
                    -6.36575973188404,
                    0.035568008897194636,
                    -6.201474235693168
                ],
                [
                    -0.006560623777777843,
                    -6.201474235693168,
                    -0.017368032219840814
                ]
            ],
            "volume_eff": 50.405436856969715,
            "alpha_iso": 19.38670648344989,
            "c6_ii": 111.24993892952963,
            "c8_ii": 3553.056474351761,
            "c10_ii": 64264.531696259306,
            "slater_b_init": 35.919140092527755
        },
        {
            "index": 5,
            "element": "O",
            "charge": -0.8309227827607373,
            "dipole": [
                -0.15375696463430558,
                0.224639253997814,
                -0.22787958028295377
            ],
            "quadrupole": [
                [
                    -4.711367951742273,
                    -4.710239588019328,
                    0.02085909812168046
                ],
                [
                    -4.710239588019328,
                    0.00545213408162981,
                    -4.715926973417401
                ],
                [
                    0.02085909812168046,
                    -4.715926973417401,
                    -0.01752636133023109
                ]
            ],
            "volume_eff": 28.000017766744943,
            "alpha_iso": 8.353596460796833,
            "c6_ii": 37.3322411435344,
            "c8_ii": 1728.5145724852064,
            "c10_ii": 77067.56048068259,
            "slater_b_init": 31.992031105509273
        },
        {
            "index": 6,
            "element": "O",
            "charge": -0.596988774800991,
            "dipole": [
                0.09592889431813165,
                -0.1332816173663052,
                -0.11462080565663142
            ],
            "quadrupole": [
                [
                    -4.293705179605522,
                    -4.278341505823845,
                    -0.009097536304011253
                ],
                [
                    -4.278341505823845,
                    0.014458133128775662,
                    -4.287534542910184
                ],
                [
                    -0.009097536304011253,
                    -4.287534542910184,
                    0.025313105672556905
                ]
            ],
            "volume_eff": 24.671998269683613,
            "alpha_iso": 7.360706666093454,
            "c6_ii": 28.985186589117024,
            "c8_ii": 1233.471433530544,
            "c10_ii": 50546.56822732812,
            "slater_b_init": 33.37027664586029
        },
        {
            "index": 7,
            "element": "C",
            "charge": 0.35678473140792466,
            "dipole": [
                -0.017832154265721763,
                0.012846360049418228,
                -0.19865037153473442
            ],
            "quadrupole": [
                [
                    -3.7764640447650115,
                    -3.746157977540866,
                    -0.021152657704223296
                ],
                [
                    -3.746157977540866,
                    -0.017711647627340912,
                    -3.754901795984971
                ],
                [
                    -0.021152657704223296,
                    -3.754901795984971,
                    0.017446485564163942
                ]
            ],
            "volume_eff": 26.59862010891712,
            "alpha_iso": 8.355587468769777,
            "c6_ii": 22.593182186034955,
            "c8_ii": 514.1885704211109,
            "c10_ii": 14661.617757732482,
            "slater_b_init": 39.48839325498089
        },
        {
            "index": 8,
            "element": "O",
            "charge": -0.3754478924151776,
            "dipole": [
                0.04841178829340126,
                0.06430493616120879,
                -0.04807114640587909
            ],
            "quadrupole": [
                [
                    -4.04234915650319,
                    -4.074393769711055,
                    0.01342929598245072
                ],
                [
                    -4.074393769711055,
                    -0.04266663338696825,
                    -4.063181865061162
                ],
                [
                    0.01342929598245072,
                    -4.063181865061162,
                    -0.06626765465303242
                ]
            ],
            "volume_eff": 23.142390741157065,
            "alpha_iso": 6.9043596686324955,
            "c6_ii": 25.502566734152555,
            "c8_ii": 1039.9348975549647,
            "c10_ii": 40835.51110332956,
            "slater_b_init": 34.08985665117988
        },
        {
            "index": 9,
            "element": "C",
            "charge": -0.09904994036583759,
            "dipole": [
                -0.1253787130353676,
                -0.06912574076536167,
                0.08646558336119282
            ],
            "quadrupole": [
                [
                    -4.4406923859153515,
                    -4.51036411166924,
                    -0.033301558257479026
                ],
                [
                    -4.51036411166924,
                    0.03222375219660943,
                    -4.514547917854907
                ],
                [
                    -0.033301558257479026,
                    -4.514547917854907,
                    -0.04057834646329444
                ]
            ],
            "volume_eff": 32.901896644353634,
            "alpha_iso": 10.335674338540407,
            "c6_ii": 34.57013363825071,
            "c8_ii": 906.6102485275205,
            "c10_ii": 29788.912553509206,
            "slater_b_init": 36.78596788805182
        },
        {
            "index": 10,
            "element": "O",
            "charge": -0.6668907153706396,
            "dipole": [
                0.17791560528492492,
                -0.037568347877992535,
                0.06716815121840548
            ],
            "quadrupole": [
                [
                    -4.334666749997962,
                    -4.324860366023709,
                    -0.03053434489738327
                ],
                [
                    -4.324860366023709,
                    0.015827413981448858,
                    -4.32905955920984
                ],
                [
                    -0.03053434489738327,
                    -4.32905955920984,
                    -0.046254110306852114
                ]
            ],
            "volume_eff": 24.893349479330986,
            "alpha_iso": 7.426745148529686,
            "c6_ii": 29.50761586484444,
            "c8_ii": 1263.2029275015677,
            "c10_ii": 52074.09243881258,
            "slater_b_init": 33.271072725277435
        },
        {
            "index": 11,
            "element": "C",
            "charge": 1.1496774106714671,
            "dipole": [
                0.017615530665431877,
                0.0007739142900117678,
                0.010217479654391688
            ],
            "quadrupole": [
                [
                    -2.7570124692577904,
                    -2.798938547587118,
                    -0.027063775387383297
                ],
                [
                    -2.798938547587118,
                    -0.015525751116089219,
                    -2.789503841819129
                ],
                [
                    -0.027063775387383297,
                    -2.789503841819129,
                    -0.010698943495698724
                ]
            ],
            "volume_eff": 19.03499166846522,
            "alpha_iso": 5.979578534596404,
            "c6_ii": 11.570831600246688,
            "c8_ii": 210.687438726808,
            "c10_ii": 4806.480379944757,
            "slater_b_init": 44.147380022364246
        },
        {
            "index": 12,
            "element": "F",
            "charge": -0.26854517504478537,
            "dipole": [
                -0.11469712284435143,
                -0.014022414536731757,
                0.03209413945117459
            ],
            "quadrupole": [
                [
                    -3.5232772780817982,
                    -3.5708133915971567,
                    -0.0012771772871999715
                ],
                [
                    -3.5708133915971567,
                    0.009406799391493838,
                    -3.5810669366721486
                ],
                [
                    -0.0012771772871999715,
                    -3.5810669366721486,
                    -0.008449265166727815
                ]
            ],
            "volume_eff": 17.90747764171331,
            "alpha_iso": 5.623835953595916,
            "c6_ii": 20.80758607431453,
            "c8_ii": 910.2222296346957,
            "c10_ii": 36939.9943145302,
            "slater_b_init": 33.34524511517774
        },
        {
            "index": 13,
            "element": "F",
            "charge": -0.26980173404431795,
            "dipole": [
                0.009224004579318188,
                0.0771588006570821,
                -0.0888046335634557
            ],
            "quadrupole": [
                [
                    -3.5868396590194926,
                    -3.550273158843799,
                    -0.027835425698370404
                ],
                [
                    -3.550273158843799,
                    -0.00031856773682242514,
                    -3.5541760235295894
                ],
                [
                    -0.027835425698370404,
                    -3.5541760235295894,
                    -0.0005960459084187467
                ]
            ],
            "volume_eff": 17.951640763223796,
            "alpha_iso": 5.6377053636570595,
            "c6_ii": 20.910343268031305,
            "c8_ii": 916.2206048466301,
            "c10_ii": 37244.5383120872,
            "slater_b_init": 33.31787826891627
        },
        {
            "index": 14,
            "element": "F",
            "charge": -0.28217446326118534,
            "dipole": [
                0.0650526044337414,
                0.008888033577399077,
                0.07817257920661945
            ],
            "quadrupole": [
                [
                    -3.5931767453287513,
                    -3.5996958751355974,
                    0.0231894891812074
                ],
                [
                    -3.5996958751355974,
                    0.0038969133684081223,
                    -3.559295088156033
                ],
                [
                    0.0231894891812074,
                    -3.559295088156033,
                    0.029125461198569937
                ]
            ],
            "volume_eff": 18.113956154493977,
            "alpha_iso": 5.6886804452129835,
            "c6_ii": 21.29018763667671,
            "c8_ii": 938.4788507739671,
            "c10_ii": 38378.954484199894,
            "slater_b_init": 33.218061335244684
        },
        {
            "index": 15,
            "element": "H",
            "charge": 0.08506339992786671,
            "dipole": [
                0.019039454639655406,
                -0.029302992053691055,
                -0.048255880413397276
            ],
            "quadrupole": [
                [
                    -0.5283814819565865,
                    -0.5492396668609487,
                    0.002072178179745348
                ],
                [
                    -0.5492396668609487,
                    0.00589659711053153,
                    -0.5561082775732252
                ],
                [
                    0.002072178179745348,
                    -0.5561082775732252,
                    0.00880746760856281
                ]
            ],
            "volume_eff": 3.141760343405006,
            "alpha_iso": 1.00268947129947,
            "c6_ii": 0.3227165502743837,
            "c8_ii": 2.2700263029218477,
            "c10_ii": 22.038432178691306,
            "slater_b_init": 65.97944798226122
        },
        {
            "index": 16,
            "element": "H",
            "charge": 0.12548894872196859,
            "dipole": [
                -0.017488310076688267,
                -0.03942943014229507,
                0.04295436784509436
            ],
            "quadrupole": [
                [
                    -0.48291118022393753,
                    -0.4971025325640444,
                    0.002823065158066221
                ],
                [
                    -0.4971025325640444,
                    0.005831581294647841,
                    -0.49200879478217596
                ],
                [
                    0.002823065158066221,
                    -0.49200879478217596,
                    0.010359347775304843
                ]
            ],
            "volume_eff": 2.7261100484385707,
            "alpha_iso": 0.8700351218420971,
            "c6_ii": 0.24297517215072362,
            "c8_ii": 1.5548378448098061,
            "c10_ii": 13.732463779095534,
            "slater_b_init": 69.17543534994405
        },
        {
            "index": 17,
            "element": "H",
            "charge": 0.08651625358091564,
            "dipole": [
                -0.03659802882811159,
                0.04692565659553464,
                0.00016288737771548165
            ],
            "quadrupole": [
                [
                    -0.5359626997566908,
                    -0.5474740121736414,
                    0.009422849288014358
                ],
                [
                    -0.5474740121736414,
                    0.011625168506370956,
                    -0.5455577626036024
                ],
                [
                    0.009422849288014358,
                    -0.5455577626036024,
                    0.007825245163198805
                ]
            ],
            "volume_eff": 3.1306946372033786,
            "alpha_iso": 0.9991578629372485,
            "c6_ii": 0.3204472507629947,
            "c8_ii": 2.2487679248443784,
            "c10_ii": 21.780752562245755,
            "slater_b_init": 66.05709322774513
        },
        {
            "index": 18,
            "element": "H",
            "charge": 0.05010711659566025,
            "dipole": [
                0.02351622543678956,
                -0.041757740575030323,
                -0.06306786286654043
            ],
            "quadrupole": [
                [
                    -0.5490170084246404,
                    -0.5576028429168816,
                    -0.007620681146565317
                ],
                [
                    -0.5576028429168816,
                    0.00697448275494342,
                    -0.5602452428259727
                ],
                [
                    -0.007620681146565317,
                    -0.5602452428259727,
                    0.0008578771882823703
                ]
            ],
            "volume_eff": 3.1696620630918386,
            "alpha_iso": 1.0115942754548422,
            "c6_ii": 0.3284740423636812,
            "c8_ii": 2.3241847381530487,
            "c10_ii": 22.69762361239866,
            "slater_b_init": 65.78527708193617
        },
        {
            "index": 19,
            "element": "H",
            "charge": 0.06158631935540626,
            "dipole": [
                -0.046696277666264406,
                0.06372544702116408,
                0.0015694670671194163
            ],
            "quadrupole": [
                [
                    -0.5458659095505999,
                    -0.5425613545501243,
                    -0.0012224313975766961
                ],
                [
                    -0.5425613545501243,
                    0.012286147604022407,
                    -0.5419574120699419
                ],
                [
                    -0.0012224313975766961,
                    -0.5419574120699419,
                    0.0014359343339913825
                ]
            ],
            "volume_eff": 3.0861490039980612,
            "alpha_iso": 0.9849411714887429,
            "c6_ii": 0.3113930480695562,
            "c8_ii": 2.1644511486817377,
            "c10_ii": 20.76475536949819,
            "slater_b_init": 66.37340003668479
        },
        {
            "index": 20,
            "element": "H",
            "charge": 0.05241658223774226,
            "dipole": [
                0.05859412367134334,
                0.03138164269035022,
                0.038782117995829105
            ],
            "quadrupole": [
                [
                    -0.5638995774995526,
                    -0.5438883854501724,
                    0.0003099227075124435
                ],
                [
                    -0.5438883854501724,
                    -0.014602934145264104,
                    -0.550278424396041
                ],
                [
                    0.0003099227075124435,
                    -0.550278424396041,
                    0.0007471387334009893
                ]
            ],
            "volume_eff": 3.143617426209037,
            "alpha_iso": 1.0032821573007564,
            "c6_ii": 0.32309817612480934,
            "c8_ii": 2.2736062098597674,
            "c10_ii": 22.081884914590606,
            "slater_b_init": 65.96645303434879
        },
        {
            "index": 21,
            "element": "H",
            "charge": 0.07969020582299624,
            "dipole": [
                -0.05501637232899239,
                -0.044457280390862566,
                0.039550524994680196
            ],
            "quadrupole": [
                [
                    -0.5189954244076167,
                    -0.5163864156174235,
                    0.00016065799013532386
                ],
                [
                    -0.5163864156174235,
                    -0.008062976045574176,
                    -0.5178025748698456
                ],
                [
                    0.00016065799013532386,
                    -0.5178025748698456,
                    0.0005150172647141514
                ]
            ],
            "volume_eff": 2.8801445409099315,
            "alpha_iso": 0.9191950662478505,
            "c6_ii": 0.2712087508046191,
            "c8_ii": 1.8002832299436105,
            "c10_ii": 16.493701427001977,
            "slater_b_init": 67.91957104155122
        },
        {
            "index": 22,
            "element": "H",
            "charge": 0.11579462441382637,
            "dipole": [
                0.0161956820413222,
                -0.0503544117338023,
                -0.029656930139879276
            ],
            "quadrupole": [
                [
                    -0.4973213288979482,
                    -0.504164619913242,
                    -0.004470532970362656
                ],
                [
                    -0.504164619913242,
                    0.008925387023431023,
                    -0.5042655345725162
                ],
                [
                    -0.004470532970362656,
                    -0.5042655345725162,
                    -0.01008564121841628
                ]
            ],
            "volume_eff": 2.8075633498077623,
            "alpha_iso": 0.8960308563216263,
            "c6_ii": 0.25771177385792765,
            "c8_ii": 1.6818280254825992,
            "c10_ii": 15.148480252221063,
            "slater_b_init": 68.4998847386807
        },
        {
            "index": 23,
            "element": "H",
            "charge": 0.07898783654326935,
            "dipole": [
                0.04223665377080815,
                0.014872995017194484,
                0.03831500357345357
            ],
            "quadrupole": [
                [
                    -0.5488272414473361,
                    -0.5606615804902946,
                    -0.009729155532148766
                ],
                [
                    -0.5606615804902946,
                    0.004986319336242113,
                    -0.5500514227154747
                ],
                [
                    -0.009729155532148766,
                    -0.5500514227154747,
                    -0.012748684486347963
                ]
            ],
            "volume_eff": 3.206176665794236,
            "alpha_iso": 1.0232478720619902,
            "c6_ii": 0.33608569629215024,
            "c8_ii": 2.396271067105336,
            "c10_ii": 23.580988892895355,
            "slater_b_init": 65.53458383447514
        },
        {
            "index": 24,
            "element": "H",
            "charge": 0.10309044618032859,
            "dipole": [
                -0.03131902685645201,
                0.04140631131458761,
                -0.03555984509123733
            ],
            "quadrupole": [
                [
                    -0.5060673421252044,
                    -0.5250920062945248,
                    -0.0031315781492715186
                ],
                [
                    -0.5250920062945248,
                    0.003386965460179929,
                    -0.5212815546708075
                ],
                [
                    -0.0031315781492715186,
                    -0.5212815546708075,
                    -0.008902836670739671
                ]
            ],
            "volume_eff": 2.9229141661477427,
            "alpha_iso": 0.9328449466428966,
            "c6_ii": 0.27932335872107295,
            "c8_ii": 1.8724586920539954,
            "c10_ii": 17.324367613515328,
            "slater_b_init": 67.58666360736173
        }
    ]
}