{
    "molecule": "G3",
    "atoms": [
        {
            "index": 0,
            "element": "C",
            "charge": -0.09718049965169318,
            "dipole": [
                0.12838406294617322,
                -0.048684578453944936,
                0.07320612239227384
            ],
            "quadrupole": [
                [
                    -4.495513448945565,
                    -4.545714810533867,
                    -0.008965907914904018
                ],
                [
                    -4.545714810533867,
                    -0.027092347717755882,
                    -4.557404834991323
                ],
                [
                    -0.008965907914904018,
                    -4.557404834991323,
                    0.051190032554780114
                ]
            ],
            "volume_eff": 33.540509599993904,
            "alpha_iso": 10.53628573821798,
            "c6_ii": 35.925142913428495,
            "c8_ii": 954.297718510261,
            "c10_ii": 31760.236399546182,
            "slater_b_init": 36.551001379129595
        },
        {
            "index": 1,
            "element": "O",
            "charge": -0.3501410353636132,
            "dipole": [
                -0.008299175158159583,
                0.03013255410225507,
                -0.08198386770215828
            ],
            "quadrupole": [
                [
                    -3.9343790574820354,
                    -4.096821844515797,
                    0.0019764791215366273
                ],
                [
                    -4.096821844515797,
                    -0.020512519210174867,
                    -4.094415557736225
                ],
                [
                    0.0019764791215366273,
                    -4.094415557736225,
                    -0.01967149123676525
                ]
            ],
            "volume_eff": 23.065302087899312,
            "alpha_iso": 6.881360843903662,
            "c6_ii": 25.332948635067353,
            "c8_ii": 1030.7229641504553,
            "c10_ii": 40383.85235475136,
            "slater_b_init": 34.12779269408556
        },
        {
            "index": 2,
            "element": "C",
            "charge": 0.019372379775447257,
            "dipole": [
                -0.07863481196227769,
                -0.022117887126644226,
                0.1032685105333736
            ],
            "quadrupole": [
                [
                    -4.308560762524471,
                    -4.330899051743559,
                    0.03300277267764735
                ],
                [
                    -4.330899051743559,
                    0.0373355570820049,
                    -4.3518746611181784
                ],
                [
                    0.03300277267764735,
                    -4.3518746611181784,
                    -0.09147346871728028
                ]
            ],
            "volume_eff": 31.827852546072336,
            "alpha_iso": 9.998278286724293,
            "c6_ii": 32.34996875946711,
            "c8_ii": 829.8208965753281,
            "c10_ii": 26669.15946643922,
            "slater_b_init": 37.19518469202073
        },
        {
            "index": 3,
            "element": "C",
            "charge": 0.008009716613212703,
            "dipole": [
                0.0765523129137975,
                0.023827539763959883,
                -0.10364743782801504
            ],
            "quadrupole": [
                [
                    -4.342558782334034,
                    -4.361382668602374,
                    0.03366794159627195
                ],
                [
                    -4.361382668602374,
                    0.040596952303494006,
                    -4.378671490788999
                ],
                [
                    0.03366794159627195,
                    -4.378671490788999,
                    -0.09694386513316092
                ]
            ],
            "volume_eff": 32.14354529748667,
            "alpha_iso": 10.097448784550785,
            "c6_ii": 32.994894397074845,
            "c8_ii": 851.9514959727,
            "c10_ii": 27561.157742022246,
            "slater_b_init": 37.073014981436394
        },
        {
            "index": 4,
            "element": "O",
            "charge": -0.3543825071078146,
            "dipole": [
                0.0050844323502830975,
                -0.028646693044997614,
                0.07385189875830289
            ],
            "quadrupole": [
                [
                    -3.9356190447650024,
                    -4.1108907862104,
                    0.00284884107457289
                ],
                [
                    -4.1108907862104,
                    -0.020032220700516752,
                    -4.1071788378536604
                ],
                [
                    0.00284884107457289,
                    -4.1071788378536604,
                    -0.02511351650900131
                ]
            ],
            "volume_eff": 23.169525614023595,
            "alpha_iso": 6.91245515556505,
            "c6_ii": 25.562406239097605,
            "c8_ii": 1043.1896555717192,
            "c10_ii": 40995.33079965452,
            "slater_b_init": 34.07654339811367
        },
        {
            "index": 5,
            "element": "C",
            "charge": -0.006604727725825654,
            "dipole": [
                -0.09479123121175033,
                0.045668787244258366,
                -0.07365602989472025
            ],
            "quadrupole": [
                [
                    -4.344024524367353,
                    -4.371851787216178,
                    0.019907161730200025
                ],
                [
                    -4.371851787216178,
                    -0.03260200970554831,
                    -4.464903576142528
                ],
                [
                    0.019907161730200025,
                    -4.464903576142528,
                    0.08024173466656338
                ]
            ],
            "volume_eff": 32.4481874823198,
            "alpha_iso": 10.193147900205172,
            "c6_ii": 33.623279915140984,
            "c8_ii": 873.653687716432,
            "c10_ii": 28441.533736954567,
            "slater_b_init": 36.95662907989365
        },
        {
            "index": 6,
            "element": "C",
            "charge": 0.009820750603926953,
            "dipole": [
                0.10042547205316443,
                -0.04743194198989083,
                0.07058767427141054
            ],
            "quadrupole": [
                [
                    -4.288077295841304,
                    -4.313189047194478,
                    0.011758243808107152
                ],
                [
                    -4.313189047194478,
                    -0.032007000193542995,
                    -4.398218543679092
                ],
                [
                    0.011758243808107152,
                    -4.398218543679092,
                    0.05786575025435168
                ]
            ],
            "volume_eff": 31.747112754200217,
            "alpha_iso": 9.97291500131944,
            "c6_ii": 32.18604838095189,
            "c8_ii": 824.2192610394479,
            "c10_ii": 26444.314800713826,
            "slater_b_init": 37.226689805712674
        },
        {
            "index": 7,
            "element": "O",
            "charge": -0.3507870287095258,
            "dipole": [
                -0.03288618091554994,
                0.08566075415294215,
                0.030041080781080264
            ],
            "quadrupole": [
                [
                    -3.985975046010854,
                    -4.086448728195667,
                    0.024326817747178153
                ],
                [
                    -4.086448728195667,
                    0.027576650992083854,
                    -4.051417522652094
                ],
                [
                    0.024326817747178153,
                    -4.051417522652094,
                    0.05615968754954785
                ]
            ],
            "volume_eff": 23.051421289881365,
            "alpha_iso": 6.877219611345821,
            "c6_ii": 25.30246685493145,
            "c8_ii": 1029.0696775479635,
            "c10_ii": 40302.89863058259,
            "slater_b_init": 34.134641526191416
        },
        {
            "index": 8,
            "element": "C",
            "charge": -0.08417924062203852,
            "dipole": [
                -0.07418765482429368,
                -0.11564175696067738,
                -0.09092610359659271
            ],
            "quadrupole": [
                [
                    -4.497277933100359,
                    -4.488941782405501,
                    0.04217625823551552
                ],
                [
                    -4.488941782405501,
                    0.04643171525472942,
                    -4.494441017166005
                ],
                [
                    0.04217625823551552,
                    -4.494441017166005,
                    0.01741846973289777
                ]
            ],
            "volume_eff": 33.11832973999408,
            "alpha_iso": 10.403663792668297,
            "c6_ii": 35.02644351727002,
            "c8_ii": 922.6010325570669,
            "c10_ii": 30447.124971985864,
            "slater_b_init": 36.70565880808699
        },
        {
            "index": 9,
            "element": "H",
            "charge": 0.07933938904598747,
            "dipole": [
                -0.007252277290489564,
                -0.03960571704739649,
                -0.04171548785619815
            ],
            "quadrupole": [
                [
                    -0.5409350494577915,
                    -0.5544099153330911,
                    -0.006306528200310521
                ],
                [
                    -0.5544099153330911,
                    -0.010102169788509602,
                    -0.5655661058487995
                ],
                [
                    -0.006306528200310521,
                    -0.5655661058487995,
                    0.007908710501916966
                ]
            ],
            "volume_eff": 3.217790025780444,
            "alpha_iso": 1.0269542635469502,
            "c6_ii": 0.3385248338870214,
            "c8_ii": 2.419486944668338,
            "c10_ii": 23.866909561671513,
            "slater_b_init": 65.45564827610355
        },
        {
            "index": 10,
            "element": "H",
            "charge": 0.11153163605756433,
            "dipole": [
                -0.036981124222521866,
                -0.010317058075305946,
                0.046655758566217974
            ],
            "quadrupole": [
                [
                    -0.5002174834257904,
                    -0.5124828270160912,
                    -0.004389497022514215
                ],
                [
                    -0.5124828270160912,
                    -0.0064783425053829245,
                    -0.5079050778303977
                ],
                [
                    -0.004389497022514215,
                    -0.5079050778303977,
                    0.010256907985913782
                ]
            ],
            "volume_eff": 2.8453081908174602,
            "alpha_iso": 0.9080770821757852,
            "c6_ii": 0.264687699586359,
            "c8_ii": 1.7428001319661777,
            "c10_ii": 15.838044681516767,
            "slater_b_init": 68.19563707387977
        },
        {
            "index": 11,
            "element": "H",
            "charge": 0.07877595473745891,
            "dipole": [
                0.010044956493760684,
                0.056908122135060954,
                -0.007328026391330105
            ],
            "quadrupole": [
                [
                    -0.5391474029848715,
                    -0.5658535467602067,
                    0.003484974948375515
                ],
                [
                    -0.5658535467602067,
                    -0.004812345915907282,
                    -0.558527592914182
                ],
                [
                    0.003484974948375515,
                    -0.558527592914182,
                    0.012045201755917147
                ]
            ],
            "volume_eff": 3.2248306769285424,
            "alpha_iso": 1.0292012798708114,
            "c6_ii": 0.340007865884946,
            "c8_ii": 2.4336298515358887,
            "c10_ii": 24.041426807233343,
            "slater_b_init": 65.40797795120584
        },
        {
            "index": 12,
            "element": "H",
            "charge": 0.07911904989310226,
            "dipole": [
                0.010235448294195702,
                0.05599835925924867,
                -0.0047786083224508535
            ],
            "quadrupole": [
                [
                    -0.5307694494156698,
                    -0.5609945665445104,
                    0.007771124747152087
                ],
                [
                    -0.5609945665445104,
                    9.320423984459332e-05,
                    -0.5441392904508102
                ],
                [
                    0.007771124747152087,
                    -0.5441392904508102,
                    -0.00801728469196866
                ]
            ],
            "volume_eff": 3.147092393071622,
            "alpha_iso": 1.0043911892781774,
            "c6_ii": 0.3238128788714866,
            "c8_ii": 2.280314393327821,
            "c10_ii": 22.16335456709908,
            "slater_b_init": 65.94216440719805
        },
        {
            "index": 13,
            "element": "H",
            "charge": 0.07985092179980402,
            "dipole": [
                -0.007107976363488958,
                -0.04019588667175635,
                -0.03997038466605891
            ],
            "quadrupole": [
                [
                    -0.5304949524624705,
                    -0.5468963403250822,
                    -0.006696631925643195
                ],
                [
                    -0.5468963403250822,
                    -0.001198696640002194,
                    -0.5553069384670286
                ],
                [
                    -0.006696631925643195,
                    -0.5553069384670286,
                    -0.011604434079441199
                ]
            ],
            "volume_eff": 3.1383234460599425,
            "alpha_iso": 1.0015925891680668,
            "c6_ii": 0.32201087137760726,
            "c8_ii": 2.2634102779704692,
            "c10_ii": 21.958172283283556,
            "slater_b_init": 66.00352472942828
        },
        {
            "index": 14,
            "element": "H",
            "charge": 0.08308621698567187,
            "dipole": [
                -0.011164355087128411,
                -0.056107183912318156,
                0.004931798266269452
            ],
            "quadrupole": [
                [
                    -0.5275138141919367,
                    -0.5560350329129026,
                    0.00751737406097784
                ],
                [
                    -0.5560350329129026,
                    0.0007598753795616129,
                    -0.5393183902769906
                ],
                [
                    0.00751737406097784,
                    -0.5393183902769906,
                    -0.008326075429519651
                ]
            ],
            "volume_eff": 3.1158465913797913,
            "alpha_iso": 0.994419124908444,
            "c6_ii": 0.3174148678466119,
            "c8_ii": 2.220439402330003,
            "c10_ii": 21.43831956882762,
            "slater_b_init": 66.16185500533769
        },
        {
            "index": 15,
            "element": "H",
            "charge": 0.08174906684414163,
            "dipole": [
                0.005892195286397067,
                0.039690380059678634,
                0.04044776555524608
            ],
            "quadrupole": [
                [
                    -0.5297564632217434,
                    -0.5450254995253977,
                    -0.006727290914704025
                ],
                [
                    -0.5450254995253977,
                    -0.0009100262816560886,
                    -0.5534771860785391
                ],
                [
                    -0.006727290914704025,
                    -0.5534771860785391,
                    -0.011849657986132203
                ]
            ],
            "volume_eff": 3.1296842321694514,
            "alpha_iso": 0.9988353932455697,
            "c6_ii": 0.3202404408987757,
            "c8_ii": 2.246833056804755,
            "c10_ii": 21.757329542445706,
            "slater_b_init": 66.06420121193194
        },
        {
            "index": 16,
            "element": "H",
            "charge": 0.0847916668085027,
            "dipole": [
                -0.003120485885812501,
                -0.05728912679175055,
                0.003777352743408537
            ],
            "quadrupole": [
                [
                    -0.5248753705475732,
                    -0.5530906580139916,
                    0.0075842149263589
                ],
                [
                    -0.5530906580139916,
                    -0.006307956250137957,
                    -0.5427353715425506
                ],
                [
                    0.0075842149263589,
                    -0.5427353715425506,
                    0.005521498722460307
                ]
            ],
            "volume_eff": 3.113013487125162,
            "alpha_iso": 0.9935149426995198,
            "c6_ii": 0.31683790710553067,
            "c8_ii": 2.2150596161148157,
            "c10_ii": 21.37341201869747,
            "slater_b_init": 66.18191987167144
        },
        {
            "index": 17,
            "element": "H",
            "charge": 0.07239995818552636,
            "dipole": [
                0.011965926816438415,
                0.038547865758923175,
                0.037589080412720806
            ],
            "quadrupole": [
                [
                    -0.5366528700833196,
                    -0.5553033560142946,
                    -0.008406294191088832
                ],
                [
                    -0.5553033560142946,
                    -0.007600317560105473,
                    -0.5675082141965401
                ],
                [
                    -0.008406294191088832,
                    -0.5675082141965401,
                    0.0028701071881493526
                ]
            ],
            "volume_eff": 3.2047323991421393,
            "alpha_iso": 1.0227869358964274,
            "c6_ii": 0.3357829755833392,
            "c8_ii": 2.3933936583000675,
            "c10_ii": 23.54559955482063,
            "slater_b_init": 65.54442711074206
        },
        {
            "index": 18,
            "element": "H",
            "charge": 0.10470776767523116,
            "dipole": [
                -0.012871596490723712,
                -0.04032207214744233,
                -0.04167465491150069
            ],
            "quadrupole": [
                [
                    -0.4967184096731307,
                    -0.5134020890873647,
                    -0.004489817643757795
                ],
                [
                    -0.5134020890873647,
                    -0.005441353768131418,
                    -0.5194759530441683
                ],
                [
                    -0.004489817643757795,
                    -0.5194759530441683,
                    0.00011656085461551171
                ]
            ],
            "volume_eff": 2.868450641210189,
            "alpha_iso": 0.9154629705989966,
            "c6_ii": 0.26901091004921507,
            "c8_ii": 1.7808571996777394,
            "c10_ii": 16.271532356872033,
            "slater_b_init": 68.01174249359752
        },
        {
            "index": 19,
            "element": "H",
            "charge": 0.081691406039761,
            "dipole": [
                0.0037487129737971696,
                0.054711089102459635,
                -0.014854278877357283
            ],
            "quadrupole": [
                [
                    -0.5266348024702474,
                    -0.5607451015303169,
                    0.0027374438232433346
                ],
                [
                    -0.5607451015303169,
                    -0.007124241649767889,
                    -0.5471314268800882
                ],
                [
                    0.0027374438232433346,
                    -0.5471314268800882,
                    0.0011877238006717285
                ]
            ],
            "volume_eff": 3.145849065297291,
            "alpha_iso": 1.0039943825416886,
            "c6_ii": 0.32355707067354234,
            "c8_ii": 2.2779128158026256,
            "c10_ii": 22.13418095548577,
            "slater_b_init": 65.95085066051088
        },
        {
            "index": 20,
            "element": "H",
            "charge": 0.07539021663491918,
            "dipole": [
                -0.038048278901520446,
                0.0027183328319833277,
                0.04511601761518862
            ],
            "quadrupole": [
                [
                    -0.5505916611323127,
                    -0.5499945659375242,
                    0.00487392363070301
                ],
                [
                    -0.5499945659375242,
                    0.013300483352210447,
                    -0.5589452040122187
                ],
                [
                    0.00487392363070301,
                    -0.5589452040122187,
                    0.008482329649141276
                ]
            ],
            "volume_eff": 3.199324821619576,
            "alpha_iso": 1.0210611132828435,
            "c6_ii": 0.33465074967306657,
            "c8_ii": 2.382639337916121,
            "c10_ii": 23.413426073496854,
            "slater_b_init": 65.58133459230525
        },
        {
            "index": 21,
            "element": "H",
            "charge": 0.0758309064722189,
            "dipole": [
                0.011556860220093298,
                0.04229976231369156,
                -0.03941712041355428
            ],
            "quadrupole": [
                [
                    -0.5610434743638225,
                    -0.5619045909149011,
                    0.013780347481799323
                ],
                [
                    -0.5619045909149011,
                    0.009434702795580455,
                    -0.5508392593346776
                ],
                [
                    0.013780347481799323,
                    -0.5508392593346776,
                    0.006501718165059823
                ]
            ],
            "volume_eff": 3.2476414907147277,
            "alpha_iso": 1.0364813268238493,
            "c6_ii": 0.34483496373108274,
            "c8_ii": 2.479805561712788,
            "c10_ii": 24.61297557865929,
            "slater_b_init": 65.25448029242803
        },
        {
            "index": 22,
            "element": "H",
            "charge": 0.10834018187768146,
            "dipole": [
                0.05082276675926604,
                -0.03161897953628119,
                0.012121167461846985
            ],
            "quadrupole": [
                [
                    -0.5158306438780215,
                    -0.504793632090221,
                    0.010475434809059748
                ],
                [
                    -0.504793632090221,
                    0.006211815614065475,
                    -0.5125733613289428
                ],
                [
                    0.010475434809059748,
                    -0.5125733613289428,
                    0.004695703897844275
                ]
            ],
            "volume_eff": 2.8773960147449773,
            "alpha_iso": 0.9183178770462693,
            "c6_ii": 0.27069136797372767,
            "c8_ii": 1.7957055046956887,
            "c10_ii": 16.441293270969116,
            "slater_b_init": 67.9411900458375
        }
    ]
}