[
    {
        "name": "Phos_660",
        "smiles": "C#COP(=O)(OC(C)(C)C)OC(C)(C)C",
        "total_charge": 0.0,
        "atoms": [
            {
                "symbol": "C",
                "q_ref": -0.520754916373904,
                "dipole": [
                    0.03866690429919432,
                    0.18647292402311033,
                    -0.09351579004233955
                ],
                "quadrupole": [
                    [
                        -5.224579722084563,
                        -5.459543346586176,
                        0.14777917602353063
                    ],
                    [
                        -5.459543346586176,
                        -0.06534320457979198,
                        -5.179258111402809
                    ],
                    [
                        0.14777917602353063,
                        -5.179258111402809,
                        0.03250434851229501
                    ]
                ],
                "v_eff": 39.98157758180287,
                "alpha": 12.559657879100376,
                "c6": 51.04803667684892
            },
            {
                "symbol": "C",
                "q_ref": 0.2853383764260755,
                "dipole": [
                    -0.08664897227910294,
                    -0.2323953560985823,
                    0.1488989932742275
                ],
                "quadrupole": [
                    [
                        -3.902801325633399,
                        -4.078438007881893,
                        0.03642967773369218
                    ],
                    [
                        -4.078438007881893,
                        -0.05335202985109643,
                        -3.8578887434997364
                    ],
                    [
                        0.03642967773369218,
                        -3.8578887434997364,
                        0.0021951693038465194
                    ]
                ],
                "v_eff": 28.420463913373375,
                "alpha": 8.927894423049228,
                "c6": 25.794167537754788
            },
            {
                "symbol": "O",
                "q_ref": -0.4669796909444699,
                "dipole": [
                    0.01931066551811975,
                    0.14570485574396586,
                    0.1096351138534933
                ],
                "quadrupole": [
                    [
                        -4.054372385100699,
                        -4.072101320865087,
                        -0.040468916284079094
                    ],
                    [
                        -4.072101320865087,
                        -0.01023271255486908,
                        -4.090472958826932
                    ],
                    [
                        -0.040468916284079094,
                        -4.090472958826932,
                        -0.00610187254882418
                    ]
                ],
                "v_eff": 22.96967726576623,
                "alpha": 6.852831891444068,
                "c6": 25.123331856835698
            },
            {
                "symbol": "P",
                "q_ref": 1.8128538004412462,
                "dipole": [
                    0.0051664057998624426,
                    -0.031536644395275946,
                    0.08675605915401849
                ],
                "quadrupole": [
                    [
                        -6.057956667469309,
                        -6.046315743794713,
                        0.019844533941461115
                    ],
                    [
                        -6.046315743794713,
                        0.008872435356710107,
                        -6.072991776992689
                    ],
                    [
                        0.019844533941461115,
                        -6.072991776992689,
                        -0.0030900294545262172
                    ]
                ],
                "v_eff": 47.80803696905393,
                "alpha": 18.387706526559203,
                "c6": 100.07989438683289
            },
            {
                "symbol": "O",
                "q_ref": -0.8555207684939958,
                "dipole": [
                    -0.011931952735893104,
                    0.036785456124538304,
                    -0.3418060746825698
                ],
                "quadrupole": [
                    [
                        -4.733610427671739,
                        -4.753088277213305,
                        0.014247196256475506
                    ],
                    [
                        -4.753088277213305,
                        0.006727427871583518,
                        -4.808142093942683
                    ],
                    [
                        0.014247196256475506,
                        -4.808142093942683,
                        -0.007476306539479445
                    ]
                ],
                "v_eff": 28.501557703296605,
                "alpha": 8.50322716009954,
                "c6": 38.681618838325434
            },
            {
                "symbol": "O",
                "q_ref": -0.5877212486646748,
                "dipole": [
                    0.15042061542685536,
                    -0.12075214195316461,
                    0.04289637500299851
                ],
                "quadrupole": [
                    [
                        -4.27003363596514,
                        -4.264970419332343,
                        0.020079243491039084
                    ],
                    [
                        -4.264970419332343,
                        0.033278595199120777,
                        -4.2507312674554765
                    ],
                    [
                        0.020079243491039084,
                        -4.2507312674554765,
                        -0.02169620269638765
                    ]
                ],
                "v_eff": 24.46586291617711,
                "alpha": 7.299207720848419,
                "c6": 28.502865579309102
            },
            {
                "symbol": "C",
                "q_ref": 0.5037538355872417,
                "dipole": [
                    -0.10961524697829252,
                    -0.01975798761831532,
                    0.018993420090087535
                ],
                "quadrupole": [
                    [
                        -3.452950502233231,
                        -3.5796135712331045,
                        -0.0012855568313683903
                    ],
                    [
                        -3.5796135712331045,
                        0.03262943699804216,
                        -3.5680076058041648
                    ],
                    [
                        -0.0012855568313683903,
                        -3.5680076058041648,
                        -0.023362811979129518
                    ]
                ],
                "v_eff": 24.752904978576662,
                "alpha": 7.775781668662825,
                "c6": 19.566427597472348
            },
            {
                "symbol": "C",
                "q_ref": -0.5381869642532138,
                "dipole": [
                    -0.01657721777686331,
                    0.024029609718940036,
                    0.00048462099080025863
                ],
                "quadrupole": [
                    [
                        -5.245300276435086,
                        -5.3481470069128925,
                        0.005473847575246433
                    ],
                    [
                        -5.3481470069128925,
                        0.026374138385865907,
                        -5.269516219248455
                    ],
                    [
                        0.005473847575246433,
                        -5.269516219248455,
                        -0.006924933203393907
                    ]
                ],
                "v_eff": 40.33696477762054,
                "alpha": 12.671297835901738,
                "c6": 51.95957889048311
            },
            {
                "symbol": "C",
                "q_ref": -0.5425683737019718,
                "dipole": [
                    -0.008531962730826513,
                    -0.019560511091749992,
                    -0.022100306481973798
                ],
                "quadrupole": [
                    [
                        -5.247204588975378,
                        -5.265196827178876,
                        -0.026745087213823116
                    ],
                    [
                        -5.265196827178876,
                        -0.01589311376345336,
                        -5.29294629046755
                    ],
                    [
                        -0.026745087213823116,
                        -5.29294629046755,
                        -0.028027453578407642
                    ]
                ],
                "v_eff": 40.028474774881836,
                "alpha": 12.574389981638271,
                "c6": 51.16786254806348
            },
            {
                "symbol": "C",
                "q_ref": -0.5775618742423969,
                "dipole": [
                    0.002938927180121944,
                    -0.010418753170175718,
                    0.014855222867837423
                ],
                "quadrupole": [
                    [
                        -5.326926665491695,
                        -5.337469938632865,
                        0.004449844014712084
                    ],
                    [
                        -5.337469938632865,
                        -0.0015396420610345317,
                        -5.37149186658509
                    ],
                    [
                        0.004449844014712084,
                        -5.37149186658509,
                        0.024721807417038826
                    ]
                ],
                "v_eff": 40.772057767006686,
                "alpha": 12.807976261886916,
                "c6": 53.08654393130373
            },
            {
                "symbol": "O",
                "q_ref": -0.5903843695592421,
                "dipole": [
                    -0.16276338991113437,
                    -0.07915948563458415,
                    0.058292257699298466
                ],
                "quadrupole": [
                    [
                        -4.277120334939482,
                        -4.256661636301318,
                        0.01997528835266296
                    ],
                    [
                        -4.256661636301318,
                        -0.021208595864562613,
                        -4.263449052065128
                    ],
                    [
                        0.01997528835266296,
                        -4.263449052065128,
                        0.025854325719264503
                    ]
                ],
                "v_eff": 24.49479596971471,
                "alpha": 7.307839681572343,
                "c6": 28.570319775733484
            },
            {
                "symbol": "C",
                "q_ref": 0.5195482328465442,
                "dipole": [
                    0.10015108906747541,
                    -0.031404843818546434,
                    0.03487199109644132
                ],
                "quadrupole": [
                    [
                        -3.435945669736002,
                        -3.530501397173774,
                        -0.01473413934795208
                    ],
                    [
                        -3.530501397173774,
                        -0.0428368263588595,
                        -3.52587497923768
                    ],
                    [
                        -0.01473413934795208,
                        -3.52587497923768,
                        0.040512919674999814
                    ]
                ],
                "v_eff": 24.41174771587458,
                "alpha": 7.668611847918715,
                "c6": 19.030795261182163
            },
            {
                "symbol": "C",
                "q_ref": -0.5889586142637819,
                "dipole": [
                    -0.01174257889052364,
                    -0.02346277765933566,
                    8.678351494749842e-05
                ],
                "quadrupole": [
                    [
                        -5.360496529292928,
                        -5.412982735103261,
                        0.0032301353914967377
                    ],
                    [
                        -5.412982735103261,
                        0.019761786213990426,
                        -5.3368874896068546
                    ],
                    [
                        0.0032301353914967377,
                        -5.3368874896068546,
                        0.01700298692974315
                    ]
                ],
                "v_eff": 41.01834341840903,
                "alpha": 12.88534348222273,
                "c6": 53.729824806364356
            },
            {
                "symbol": "C",
                "q_ref": -0.560349620797763,
                "dipole": [
                    0.005796687811467362,
                    0.010574509828592005,
                    0.029387157249365834
                ],
                "quadrupole": [
                    [
                        -5.270775058793634,
                        -5.296311319157711,
                        -0.025962580595875757
                    ],
                    [
                        -5.296311319157711,
                        -0.024880868087670444,
                        -5.338637012645059
                    ],
                    [
                        -0.025962580595875757,
                        -5.338637012645059,
                        -0.01143021861972401
                    ]
                ],
                "v_eff": 40.3308213652724,
                "alpha": 12.669367968148396,
                "c6": 51.94375296941153
            },
            {
                "symbol": "C",
                "q_ref": -0.5235559249938762,
                "dipole": [
                    0.02758480265410536,
                    0.011694955115242838,
                    -0.02432187279330042
                ],
                "quadrupole": [
                    [
                        -5.221830723197581,
                        -5.245771304606427,
                        0.019450491670737986
                    ],
                    [
                        -5.245771304606427,
                        -0.018488115019631796,
                        -5.272563898142189
                    ],
                    [
                        0.019450491670737986,
                        -5.272563898142189,
                        0.023717214542494335
                    ]
                ],
                "v_eff": 39.92250882046635,
                "alpha": 12.541102247266915,
                "c6": 50.89731141569717
            },
            {
                "symbol": "H",
                "q_ref": 0.300445208047884,
                "dipole": [
                    0.011913572109360164,
                    0.04415929231832907,
                    -0.021968633600247214
                ],
                "quadrupole": [
                    [
                        -0.3385730045452414,
                        -0.3297544051559553,
                        -0.003319877874639435
                    ],
                    [
                        -0.3297544051559553,
                        0.002499306017211434,
                        -0.3349497528933348
                    ],
                    [
                        -0.003319877874639435,
                        -0.3349497528933348,
                        -0.0011108478489076242
                    ]
                ],
                "v_eff": 1.696350135963977,
                "alpha": 0.541388341265099,
                "c6": 0.09408191033953282
            },
            {
                "symbol": "H",
                "q_ref": 0.1550358081445179,
                "dipole": [
                    -0.014507186797164354,
                    -0.014772627586532869,
                    0.03940244898694443
                ],
                "quadrupole": [
                    [
                        -0.47811116597999187,
                        -0.4747689931631971,
                        0.005079685589415133
                    ],
                    [
                        -0.4747689931631971,
                        -0.0046342910397982875,
                        -0.4869774774806929
                    ],
                    [
                        0.005079685589415133,
                        -0.4869774774806929,
                        -0.000471124204567711
                    ]
                ],
                "v_eff": 2.6961660510357035,
                "alpha": 0.8604785269262885,
                "c6": 0.23766673676335948
            },
            {
                "symbol": "H",
                "q_ref": 0.15772548580288315,
                "dipole": [
                    -0.0236596068669395,
                    -0.020863884535735254,
                    -0.031472086652562466
                ],
                "quadrupole": [
                    [
                        -0.47479964057764146,
                        -0.47437202719840443,
                        -0.005219141444568772
                    ],
                    [
                        -0.47437202719840443,
                        -0.005448296830987206,
                        -0.4811607546896069
                    ],
                    [
                        -0.005219141444568772,
                        -0.4811607546896069,
                        1.1564738244940024e-05
                    ]
                ],
                "v_eff": 2.672730839078972,
                "alpha": 0.8529992039613741,
                "c6": 0.23355307025836033
            },
            {
                "symbol": "H",
                "q_ref": 0.15808291872557723,
                "dipole": [
                    0.043225951021433624,
                    0.004203612601592988,
                    -0.006408067955088205
                ],
                "quadrupole": [
                    [
                        -0.4847306202651601,
                        -0.4678538660892346,
                        -0.0005100254446898575
                    ],
                    [
                        -0.4678538660892346,
                        -0.002189021283141437,
                        -0.4781375770647343
                    ],
                    [
                        -0.0005100254446898575,
                        -0.4781375770647343,
                        0.0007952598865499159
                    ]
                ],
                "v_eff": 2.676310283878044,
                "alpha": 0.854141579961078,
                "c6": 0.234179059309612
            },
            {
                "symbol": "H",
                "q_ref": 0.15581615153373107,
                "dipole": [
                    -0.016734716343888865,
                    -0.019732861181611213,
                    0.03700876932538117
                ],
                "quadrupole": [
                    [
                        -0.4794969469751661,
                        -0.4780679197618524,
                        0.006733600777799321
                    ],
                    [
                        -0.4780679197618524,
                        0.0031194992571384797,
                        -0.4841825171666972
                    ],
                    [
                        0.006733600777799321,
                        -0.4841825171666972,
                        0.0031058495125493445
                    ]
                ],
                "v_eff": 2.703126900130473,
                "alpha": 0.8627000745097254,
                "c6": 0.2388955170683485
            },
            {
                "symbol": "H",
                "q_ref": 0.1620590263570999,
                "dipole": [
                    -0.020730289143953633,
                    0.042612223399808746,
                    -0.003871974235495897
                ],
                "quadrupole": [
                    [
                        -0.4629543716040097,
                        -0.47057549138222526,
                        0.00211733837752662
                    ],
                    [
                        -0.47057549138222526,
                        -0.002337717450843888,
                        -0.4629416451959541
                    ],
                    [
                        0.00211733837752662,
                        -0.4629416451959541,
                        0.0037356466743715087
                    ]
                ],
                "v_eff": 2.577119971775243,
                "alpha": 0.8224850973750776,
                "c6": 0.21714228543835015
            },
            {
                "symbol": "H",
                "q_ref": 0.16028297718481666,
                "dipole": [
                    0.043453235008241796,
                    -0.001759891063317661,
                    -0.005958927037609529
                ],
                "quadrupole": [
                    [
                        -0.482393163415602,
                        -0.4725166328933571,
                        0.004635170104135055
                    ],
                    [
                        -0.4725166328933571,
                        0.0010814553728537503,
                        -0.4694958582699029
                    ],
                    [
                        0.004635170104135055,
                        -0.4694958582699029,
                        0.0017972774560494874
                    ]
                ],
                "v_eff": 2.6616366252370964,
                "alpha": 0.8494584974160946,
                "c6": 0.23161818777336593
            },
            {
                "symbol": "H",
                "q_ref": 0.16282970341887593,
                "dipole": [
                    0.04233949036511512,
                    -0.00046120128949199874,
                    -0.005856988984914923
                ],
                "quadrupole": [
                    [
                        -0.4812235449566974,
                        -0.47119646184625064,
                        -0.004394134946516242
                    ],
                    [
                        -0.47119646184625064,
                        -4.9329761590565094e-06,
                        -0.4648880145234163
                    ],
                    [
                        -0.004394134946516242,
                        -0.4648880145234163,
                        0.0010992127931796975
                    ]
                ],
                "v_eff": 2.644578492911479,
                "alpha": 0.844014412631323,
                "c6": 0.2286588709501769
            },
            {
                "symbol": "H",
                "q_ref": 0.1747327095132012,
                "dipole": [
                    -0.019448475432349573,
                    0.04178950823568451,
                    -0.002718138891592347
                ],
                "quadrupole": [
                    [
                        -0.45625322574300486,
                        -0.45969965930482837,
                        -0.0008862864686397419
                    ],
                    [
                        -0.45969965930482837,
                        -0.0011211525288884977,
                        -0.44801464751674563
                    ],
                    [
                        -0.0008862864686397419,
                        -0.44801464751674563,
                        -0.0015217924391619144
                    ]
                ],
                "v_eff": 2.505617360633811,
                "alpha": 0.799665115095897,
                "c6": 0.2052601444917863
            },
            {
                "symbol": "H",
                "q_ref": 0.18061610009536355,
                "dipole": [
                    -0.026608748411404974,
                    -0.02204443016497882,
                    -0.029717052768443653
                ],
                "quadrupole": [
                    [
                        -0.45050019914472084,
                        -0.45101950810162444,
                        -0.007504444264335012
                    ],
                    [
                        -0.45101950810162444,
                        0.0012707375904219705,
                        -0.45137883531203693
                    ],
                    [
                        -0.007504444264335012,
                        -0.45137883531203693,
                        -0.0012996857504197858
                    ]
                ],
                "v_eff": 2.4880427746827025,
                "alpha": 0.7940562046859689,
                "c6": 0.20239082297786937
            },
            {
                "symbol": "H",
                "q_ref": 0.17904190767283756,
                "dipole": [
                    0.025482419631186127,
                    0.015568886786420875,
                    -0.03586879300223115
                ],
                "quadrupole": [
                    [
                        -0.4523415157705882,
                        -0.44796687226502124,
                        0.003361601258768591
                    ],
                    [
                        -0.44796687226502124,
                        -0.00015864796425821382,
                        -0.4547469248981058
                    ],
                    [
                        0.003361601258768591,
                        -0.4547469248981058,
                        0.0008473493648150993
                    ]
                ],
                "v_eff": 2.4898209017459463,
                "alpha": 0.7946236920465786,
                "c6": 0.2026802112469769
            },
            {
                "symbol": "H",
                "q_ref": 0.17304310144938773,
                "dipole": [
                    -0.04065558149707506,
                    0.005439324420706052,
                    -0.007459989423149117
                ],
                "quadrupole": [
                    [
                        -0.46749906480058784,
                        -0.45283071537798114,
                        0.00017253849402075662
                    ],
                    [
                        -0.45283071537798114,
                        0.0018283165125166714,
                        -0.46189253019848786
                    ],
                    [
                        0.00017253849402075662,
                        -0.46189253019848786,
                        -0.000592612827637751
                    ]
                ],
                "v_eff": 2.5604730422475193,
                "alpha": 0.8171722475258041,
                "c6": 0.21434608068253982
            },
            {
                "symbol": "H",
                "q_ref": 0.16470734011224608,
                "dipole": [
                    0.01621596576858857,
                    0.015871162413602487,
                    0.03796090348530738
                ],
                "quadrupole": [
                    [
                        -0.46741450440103827,
                        -0.4621070282423479,
                        -0.0050120011532184304
                    ],
                    [
                        -0.4621070282423479,
                        -8.88677465020698e-05,
                        -0.47396452960282837
                    ],
                    [
                        -0.0050120011532184304,
                        -0.47396452960282837,
                        0.001490469707146729
                    ]
                ],
                "v_eff": 2.604705132313741,
                "alpha": 0.8312888720150238,
                "c6": 0.22181569021155895
            },
            {
                "symbol": "H",
                "q_ref": 0.18283924852915145,
                "dipole": [
                    0.03149779337587998,
                    0.020468311107768096,
                    -0.031526039182881986
                ],
                "quadrupole": [
                    [
                        -0.4469974313314919,
                        -0.44717039005274384,
                        0.004039622394516138
                    ],
                    [
                        -0.44717039005274384,
                        0.002154546408952631,
                        -0.4489416770352444
                    ],
                    [
                        0.004039622394516138,
                        -0.4489416770352444,
                        0.0007233898953456292
                    ]
                ],
                "v_eff": 2.461192538162028,
                "alpha": 0.785486980264477,
                "c6": 0.19804610741098988
            },
            {
                "symbol": "H",
                "q_ref": 0.1552864869355428,
                "dipole": [
                    -0.041318164518467634,
                    0.006953626638189136,
                    -0.00701109157678798
                ],
                "quadrupole": [
                    [
                        -0.489209526872193,
                        -0.4793949533665274,
                        0.0049242973441205795
                    ],
                    [
                        -0.4793949533665274,
                        -6.29868417150123e-07,
                        -0.47512449957653524
                    ],
                    [
                        0.0049242973441205795,
                        -0.47512449957653524,
                        -0.0009175743779750368
                    ]
                ],
                "v_eff": 2.709204889806678,
                "alpha": 0.8646398584489398,
                "c6": 0.23997103957140328
            },
            {
                "symbol": "H",
                "q_ref": 0.1559017360663173,
                "dipole": [
                    0.01484540904075707,
                    -0.0412840877376308,
                    0.004669545153825534
                ],
                "quadrupole": [
                    [
                        -0.48013541039907065,
                        -0.4895419574073773,
                        0.0026549354596051957
                    ],
                    [
                        -0.4895419574073773,
                        0.00036439236385061566,
                        -0.4727142917561125
                    ],
                    [
                        0.0026549354596051957,
                        -0.4727142917561125,
                        0.0031279989386542085
                    ]
                ],
                "v_eff": 2.7043280177945426,
                "alpha": 0.8630834099344286,
                "c6": 0.23910786771734643
            },
            {
                "symbol": "H",
                "q_ref": 0.15619820856164313,
                "dipole": [
                    -0.041170634552073385,
                    0.009008464948845702,
                    -0.010690367446604513
                ],
                "quadrupole": [
                    [
                        -0.48397135374908934,
                        -0.47895857904704053,
                        -0.00368877434144654
                    ],
                    [
                        -0.47895857904704053,
                        0.0024564860216537143,
                        -0.4743819670053998
                    ],
                    [
                        -0.00368877434144654,
                        -0.4743819670053998,
                        -0.004126748896957788
                    ]
                ],
                "v_eff": 2.6929452069751263,
                "alpha": 0.8594505979707849,
                "c6": 0.2370992418414918
            },
            {
                "symbol": "H",
                "q_ref": 0.14923186509548692,
                "dipole": [
                    0.017178340200208843,
                    0.019418801658237835,
                    0.03706668219236536
                ],
                "quadrupole": [
                    [
                        -0.48367921794347885,
                        -0.48680518571910997,
                        -0.005739035939435349
                    ],
                    [
                        -0.48680518571910997,
                        0.003142902849561661,
                        -0.4920170407608261
                    ],
                    [
                        -0.005739035939435349,
                        -0.4920170407608261,
                        -0.00423297504068032
                    ]
                ],
                "v_eff": 2.7526173629128823,
                "alpha": 0.8784949030573029,
                "c6": 0.24772327977949582
            },
            {
                "symbol": "H",
                "q_ref": 0.15364999527973366,
                "dipole": [
                    0.012775415330876222,
                    -0.04307985761402692,
                    8.784451478707552e-05
                ],
                "quadrupole": [
                    [
                        -0.47797007309281686,
                        -0.49022089254823287,
                        -0.0008550129300920426
                    ],
                    [
                        -0.49022089254823287,
                        0.0005457911111952502,
                        -0.4774298323101497
                    ],
                    [
                        -0.0008550129300920426,
                        -0.4774298323101497,
                        -0.004949656688343209
                    ]
                ],
                "v_eff": 2.7112769429866894,
                "alpha": 0.8653011520170286,
                "c6": 0.24033824908311005
            }
        ]
    },
    {
        "name": "Sulf_456",
        "smiles": "C=CCS(=O)(=O)CC",
        "total_charge": 0.0,
        "atoms": [
            {
                "symbol": "C",
                "q_ref": -0.3911597787754788,
                "dipole": [
                    0.027166090937292057,
                    0.05455015511726871,
                    -3.511432130104632e-05
                ],
                "quadrupole": [
                    [
                        -5.113245470091233,
                        -5.126627194650547,
                        -0.060235529719577754
                    ],
                    [
                        -5.126627194650547,
                        -0.07422315919207789,
                        -4.98231076155226
                    ],
                    [
                        -0.060235529719577754,
                        -4.98231076155226,
                        0.00966864461410784
                    ]
                ],
                "v_eff": 38.31061276746796,
                "alpha": 12.0347474662203,
                "c6": 46.8702627113016
            },
            {
                "symbol": "C",
                "q_ref": -0.03639479268071888,
                "dipole": [
                    -0.10719826181054261,
                    0.010679174308087774,
                    0.01909780803492153
                ],
                "quadrupole": [
                    [
                        -4.482020358744804,
                        -4.415644097069247,
                        -0.053913385663251386
                    ],
                    [
                        -4.415644097069247,
                        -0.05710716879201491,
                        -4.291579013842585
                    ],
                    [
                        -0.053913385663251386,
                        -4.291579013842585,
                        0.01735822643144341
                    ]
                ],
                "v_eff": 32.1291565207473,
                "alpha": 10.092928749972973,
                "c6": 32.96536125725448
            },
            {
                "symbol": "C",
                "q_ref": -0.4772061146507962,
                "dipole": [
                    0.11988324314330351,
                    0.009206801698847522,
                    0.012361326295503785
                ],
                "quadrupole": [
                    [
                        -5.196713693796196,
                        -5.05145436815255,
                        -0.04922512711018588
                    ],
                    [
                        -5.05145436815255,
                        0.00305942442589028,
                        -5.151760593141228
                    ],
                    [
                        -0.04922512711018588,
                        -5.151760593141228,
                        -0.011445734940866252
                    ]
                ],
                "v_eff": 38.675759765182775,
                "alpha": 12.149453329376787,
                "c6": 47.76798246559749
            },
            {
                "symbol": "S",
                "q_ref": 1.1834064907571573,
                "dipole": [
                    0.0339692271772138,
                    -0.009077915826413095,
                    -0.15369519582043167
                ],
                "quadrupole": [
                    [
                        -7.69714717052438,
                        -7.729872903841248,
                        0.015949355719995284
                    ],
                    [
                        -7.729872903841248,
                        -0.016720961565228898,
                        -7.738553691537217
                    ],
                    [
                        0.015949355719995284,
                        -7.738553691537217,
                        -0.0024702240912509057
                    ]
                ],
                "v_eff": 59.88315691782136,
                "alpha": 15.607844090283226,
                "c6": 84.97251878811674
            },
            {
                "symbol": "O",
                "q_ref": -0.6101377909930008,
                "dipole": [
                    0.006427034585447714,
                    -0.159004838510351,
                    -0.06971615125059026
                ],
                "quadrupole": [
                    [
                        -4.3463227529496535,
                        -4.36450838006522,
                        -0.02170689954629618
                    ],
                    [
                        -4.36450838006522,
                        0.00922934359616945,
                        -4.341842333665694
                    ],
                    [
                        -0.02170689954629618,
                        -4.341842333665694,
                        0.008078838606385539
                    ]
                ],
                "v_eff": 25.194940375270395,
                "alpha": 7.51672254289835,
                "c6": 30.226935441560123
            },
            {
                "symbol": "O",
                "q_ref": -0.5968977609065753,
                "dipole": [
                    0.013074063987046048,
                    0.12203072820660345,
                    -0.1214660840399656
                ],
                "quadrupole": [
                    [
                        -4.308076188828103,
                        -4.334128193819338,
                        0.027845757463155586
                    ],
                    [
                        -4.334128193819338,
                        -0.004326219064019695,
                        -4.332495145154515
                    ],
                    [
                        0.027845757463155586,
