[
    {
        "name": "TMP",
        "smiles": "[C:1]([H:6])([H:7])([H:8])[O:2][P:3](=[O:4])([O:5][C:9]([H:12])([H:13])([H:14]))[O:10][C:11]([H:15])([H:16])([H:17])",
        "total_charge": 0.0,
        "atoms": [
            {
                "symbol": "C",
                "q_ref": -0.07190604718412263,
                "dipole": [
                    0.010316752737294363,
                    0.18305487459292047,
                    -0.04717450119080324
                ],
                "quadrupole": [
                    [
                        -4.477904104004373,
                        -4.3310340631899695,
                        -0.044536205012125976
                    ],
                    [
                        -4.3310340631899695,
                        -0.020135811805021397,
                        -4.455644238928966
                    ],
                    [
                        -0.044536205012125976,
                        -4.455644238928966,
                        -0.01891599188905841
                    ]
                ],
                "v_eff": 32.179187016522775,
                "alpha": 10.108645136080453,
                "c6": 33.06810640488652,
                "c8": 854.4729420265065,
                "c10": 27663.15835936802
            },
            {
                "symbol": "O",
                "q_ref": -0.5507596570223487,
                "dipole": [
                    -0.14445362079966603,
                    -0.12210986199232209,
                    -0.07219539588945777
                ],
                "quadrupole": [
                    [
                        -4.247483227116722,
                        -4.194698779076789,
                        -0.008069537931128938
                    ],
                    [
                        -4.194698779076789,
                        -0.0015950243370966447,
                        -4.23958336797953
                    ],
                    [
                        -0.008069537931128938,
                        -4.23958336797953,
                        -0.031450972598405506
                    ]
                ],
                "v_eff": 24.204664813892528,
                "alpha": 7.221281215194455,
                "c6": 27.89751979654173,
                "c8": 1172.146120793379,
                "c10": 47425.017364199084
            },
            {
                "symbol": "P",
                "q_ref": 1.7716895274098974,
                "dipole": [
                    -0.00035126568787183785,
                    0.013325639961349401,
                    -0.07445148919967834
                ],
                "quadrupole": [
                    [
                        -6.202590133092747,
                        -6.211459289781766,
                        -0.0021412420213177113
                    ],
                    [
                        -6.211459289781766,
                        0.004179831893929427,
                        -6.238022038220547
                    ],
                    [
                        -0.0021412420213177113,
                        -6.238022038220547,
                        -0.002551807884546205
                    ]
                ],
                "v_eff": 49.66682262352683,
                "alpha": 19.102624085971858,
                "c6": 108.01343310310585,
                "c8": 3415.9074492534955,
                "c10": 61178.852694028246
            },
            {
                "symbol": "O",
                "q_ref": -0.8714538311287452,
                "dipole": [
                    0.014674919184849639,
                    -0.052128114068980734,
                    0.32724748656016794
                ],
                "quadrupole": [
                    [
                        -4.780652902891538,
                        -4.783045935662723,
                        0.007093188607566576
                    ],
                    [
                        -4.783045935662723,
                        2.692044635454691e-06,
                        -4.8346292650315394
                    ],
                    [
                        0.007093188607566576,
                        -4.8346292650315394,
                        0.0005053956300229092
                    ]
                ],
                "v_eff": 28.780891906483316,
                "alpha": 8.586564436188391,
                "c6": 39.443545457555494,
                "c8": 1860.0682906461789,
                "c10": 84467.84549358173
            },
            {
                "symbol": "O",
                "q_ref": -0.5571053396389196,
                "dipole": [
                    0.18144549330405602,
                    -0.04820592616373191,
                    -0.08043230215890318
                ],
                "quadrupole": [
                    [
                        -4.230251670376241,
                        -4.232517331697868,
                        -0.019619768602088267
                    ],
                    [
                        -4.232517331697868,
                        0.015744069666801207,
                        -4.2606174550787586
                    ],
                    [
                        -0.019619768602088267,
                        -4.2606174550787586,
                        0.031199625088710277
                    ]
                ],
                "v_eff": 24.322030286211895,
                "alpha": 7.256296328483107,
                "c6": 28.16871906534347,
                "c8": 1187.3636792583386,
                "c10": 48195.89009004743
            },
            {
                "symbol": "C",
                "q_ref": -0.0651070040863928,
                "dipole": [
                    -0.1619416090652277,
                    -0.06403084215244274,
                    -0.07768028147777106
                ],
                "quadrupole": [
                    [
                        -4.377590429193958,
                        -4.41869733583798,
                        0.015252118879450572
                    ],
                    [
                        -4.41869733583798,
                        0.058399004701840986,
                        -4.425635162295506
                    ],
                    [
                        0.015252118879450572,
                        -4.425635162295506,
                        0.07377589249514994
                    ]
                ],
                "v_eff": 32.04931769669969,
                "alpha": 10.06784849110985,
                "c6": 32.80173134014817,
                "c8": 845.3078509002365,
                "c10": 27292.762600102727
            },
            {
                "symbol": "O",
                "q_ref": -0.5546312468239805,
                "dipole": [
                    -0.0446843602125735,
                    0.1975072542162135,
                    -0.029477384974862714
                ],
                "quadrupole": [
                    [
                        -4.213686298826974,
                        -4.258652967382337,
                        0.037988524350504635
                    ],
                    [
                        -4.258652967382337,
                        -0.013477229635275105,
                        -4.236386434485471
                    ],
                    [
                        0.037988524350504635,
                        -4.236386434485471,
                        -0.0003307059235957711
                    ]
                ],
                "v_eff": 24.285860352343832,
                "alpha": 7.245505298489321,
                "c6": 28.085000468957965,
                "c8": 1182.660819615649,
                "c10": 47957.39305068988
            },
            {
                "symbol": "C",
                "q_ref": -0.06655799108119975,
                "dipole": [
                    0.13934627132219166,
                    -0.08372017422249116,
                    -0.09637506918287354
                ],
                "quadrupole": [
                    [
                        -4.359260602233052,
                        -4.467497778253518,
                        0.0435163158021443
                    ],
                    [
                        -4.467497778253518,
                        -0.03486908533615607,
                        -4.408385217632793
                    ],
                    [
                        0.0435163158021443,
                        -4.408385217632793,
                        -0.05613556269942547
                    ]
                ],
                "v_eff": 32.09611421968255,
                "alpha": 10.082548969533784,
                "c6": 32.897591579819306,
                "c8": 848.6032401844958,
                "c10": 27425.826641676347
            },
            {
                "symbol": "H",
                "q_ref": 0.11068970486732643,
                "dipole": [
                    -0.050450641514818206,
                    -0.008572824314810417,
                    -0.03520451642976725
                ],
                "quadrupole": [
                    [
                        -0.5150133030659176,
                        -0.4875314605055902,
                        -0.006408675014124392
                    ],
                    [
                        -0.4875314605055902,
                        0.002092206295215062,
                        -0.5149100669852806
                    ],
                    [
                        -0.006408675014124392,
                        -0.5149100669852806,
                        0.0009503934196413333
                    ]
                ],
                "v_eff": 2.831778528605904,
                "alpha": 0.9037591048742247,
                "c6": 0.2621764630953032,
                "c8": 1.7207885404902221,
                "c10": 15.588397267822877
            },
            {
                "symbol": "H",
                "q_ref": 0.10305994423693088,
                "dipole": [
                    0.05431981231763287,
                    -0.026998915129639346,
                    -0.02243653987142055
                ],
                "quadrupole": [
                    [
                        -0.5208682806176608,
                        -0.5043733502784725,
                        -0.006590317917541285
                    ],
                    [
                        -0.5043733502784725,
                        0.006389329707062995,
                        -0.5250772274369842
                    ],
                    [
                        -0.006590317917541285,
                        -0.5250772274369842,
                        -0.0027189300446434908
                    ]
                ],
                "v_eff": 2.916704368865287,
                "alpha": 0.9308630964463682,
                "c6": 0.27813776188233,
                "c8": 1.8618692487227813,
                "c10": 17.201984715583727
            },
            {
                "symbol": "H",
                "q_ref": 0.11171296231380112,
                "dipole": [
                    -0.010409048793961673,
                    -0.0007531872358133175,
                    0.0641098959858574
                ],
                "quadrupole": [
                    [
                        -0.5199200249771024,
                        -0.4926219951439379,
                        0.00030307370309959304
                    ],
                    [
                        -0.4926219951439379,
                        0.0012189971269023925,
                        -0.5121990188987662
                    ],
                    [
                        0.00030307370309959304,
                        -0.5121990188987662,
                        -0.000747957452925912
                    ]
                ],
                "v_eff": 2.858812664980722,
                "alpha": 0.9123870207385283,
                "c6": 0.26720619711006566,
                "c8": 1.764945393455309,
                "c10": 16.090004849600703
            },
            {
                "symbol": "H",
                "q_ref": 0.10210641656646513,
                "dipole": [
                    -0.002238753739103903,
                    0.06455219371321351,
                    -0.005048934075370398
                ],
                "quadrupole": [
                    [
                        -0.5050460678886332,
                        -0.5238454960198689,
                        0.0016871690954325218
                    ],
                    [
                        -0.5238454960198689,
                        0.001534835500380238,
                        -0.5243219648005402
                    ],
                    [
                        0.0016871690954325218,
                        -0.5243219648005402,
                        0.009262161458826242
                    ]
                ],
                "v_eff": 2.923807670549202,
                "alpha": 0.9331301076220857,
                "c6": 0.27949415730272764,
                "c8": 1.8739854572038481,
                "c10": 17.342026838891524
            },
            {
                "symbol": "H",
                "q_ref": 0.10908339672068168,
                "dipole": [
                    0.0019502308005619705,
                    -0.026951494818610266,
                    0.06120494151848782
                ],
                "quadrupole": [
                    [
                        -0.5015528922083102,
                        -0.5173886050954213,
                        0.00013182764312259527
                    ],
                    [
                        -0.5173886050954213,
                        0.010815603882939048,
                        -0.5169497275703192
                    ],
                    [
                        0.00013182764312259527,
                        -0.5169497275703192,
                        0.0037326028367622387
                    ]
                ],
                "v_eff": 2.8870988235744393,
                "alpha": 0.9214145181620552,
                "c6": 0.2725200317441373,
                "c8": 1.8118982796363032,
                "c10": 16.626825905935206
            },
            {
                "symbol": "H",
                "q_ref": 0.11001791026649632,
                "dipole": [
                    0.034514320610161076,
                    -0.028854498888401862,
                    -0.042594868611137864
                ],
                "quadrupole": [
                    [
                        -0.49339757048636373,
                        -0.5133896834874404,
                        0.005248545761175239
                    ],
                    [
                        -0.5133896834874404,
                        0.008126355045226638,
                        -0.5118712438474657
                    ],
                    [
                        0.005248545761175239,
                        -0.5118712438474657,
                        0.008881799771776545
                    ]
                ],
                "v_eff": 2.8336242531917524,
                "alpha": 0.9043481659122614,
                "c6": 0.2625183424063043,
                "c8": 1.7237810787458616,
                "c10": 15.622290894392016
            },
            {
                "symbol": "H",
                "q_ref": 0.10995842710723813,
                "dipole": [
                    0.010511858618478602,
                    0.054543972493255696,
                    -0.02820394338771411
                ],
                "quadrupole": [
                    [
                        -0.5002686118390457,
                        -0.5088772464687819,
                        0.0058852206020290655
                    ],
                    [
                        -0.5088772464687819,
                        -0.010196229908378145,
                        -0.5104142608436212
                    ],
                    [
                        0.0058852206020290655,
                        -0.5104142608436212,
                        -0.011569354587864799
                    ]
                ],
                "v_eff": 2.83671228822684,
                "alpha": 0.905333709008566,
                "c6": 0.2630908301400911,
                "c8": 1.7287950878884641,
                "c10": 15.679112762496441
            },
            {
                "symbol": "H",
                "q_ref": 0.1018435075354237,
                "dipole": [
                    -0.054951234665834015,
                    -0.030401909678607855,
                    -0.01771094417799656
                ],
                "quadrupole": [
                    [
                        -0.518078168073555,
                        -0.5160108739296871,
                        0.00932255666218466
                    ],
                    [
                        -0.5160108739296871,
                        -0.00761152178266971,
                        -0.5208378715312718
                    ],
                    [
                        0.00932255666218466,
                        -0.5208378715312718,
                        -0.007723989209725367
                    ]
                ],
                "v_eff": 2.927943858068845,
                "alpha": 0.9344501674687803,
                "c6": 0.2802854938585582,
                "c8": 1.8810632559290976,
                "c10": 17.423938673220057
            },
            {
                "symbol": "H",
                "q_ref": 0.10978611783769576,
                "dipole": [
                    0.01803939303150233,
                    -0.003095019240124413,
                    0.06386537876761386
                ],
                "quadrupole": [
                    [
                        -0.5027507468159199,
                        -0.5150848883578715,
                        0.003246299945671234
                    ],
                    [
                        -0.5150848883578715,
                        -0.011732176649481991,
                        -0.5145367500774389
                    ],
                    [
                        0.003246299945671234,
                        -0.5145367500774389,
                        -0.004120428102996829
                    ]
                ],
                "v_eff": 2.8773183994299916,
                "alpha": 0.9182931062010612,
                "c6": 0.2706767648309411,
                "c8": 1.7955763405813256,
                "c10": 16.439815017725103
            }
        ]
    },
    {
        "name": "EGDMC",
        "smiles": "[C:1]([H:8])([H:9])([H:10])[O:2][C:3](=[O:4])[O:5][C:6]([H:11])([H:12])[C:7]([H:13])([H:14])[O:15][C:16](=[O:17])[O:18][C:19]([H:20])([H:21])([H:22])",
        "total_charge": 0.0,
        "atoms": [
            {
                "symbol": "C",
                "q_ref": -0.11278548662109067,
                "dipole": [
                    -0.15039389755793117,
                    0.021447074568248063,
                    0.07747385936126985
                ],
                "quadrupole": [
                    [
                        -4.4412327305566635,
                        -4.54187076088867,
                        -0.002055965343356665
                    ],
                    [
                        -4.54187076088867,
                        -0.02463039596348304,
                        -4.53165488711104
                    ],
                    [
                        -0.002055965343356665,
                        -4.53165488711104,
                        -0.08124323014478824
                    ]
                ],
                "v_eff": 32.98030488952915,
                "alpha": 10.360305200899209,
                "c6": 34.735097581106324,
                "c8": 912.3831245005764,
                "c10": 30026.203546125453
            },
            {
                "symbol": "O",
                "q_ref": -0.40804762831128905,
                "dipole": [
                    0.1101113452887996,
                    0.008548261440686928,
                    0.010805902834206868
                ],
                "quadrupole": [
                    [
                        -4.022705286715402,
                        -4.071313214480867,
                        -0.013767468159998082
                    ],
                    [
                        -4.071313214480867,
                        0.0027054580654052676,
                        -4.107566263300554
                    ],
                    [
                        -0.013767468159998082,
                        -4.107566263300554,
                        -0.00036282833864255626
                    ]
                ],
                "v_eff": 23.12211635082915,
                "alpha": 6.8983109554959885,
                "c6": 25.457902160629942,
                "c8": 1037.5071845152527,
                "c10": 40716.38350588098
            },
            {
                "symbol": "C",
                "q_ref": 0.9996829884057998,
                "dipole": [
                    -0.005611919000249163,
                    0.014270624535676322,
                    0.039691123448815736
                ],
                "quadrupole": [
                    [
                        -2.8731461740283604,
                        -2.761048826146398,
                        -0.05686653891993591
                    ],
                    [
                        -2.761048826146398,
                        -0.0069829917475692435,
                        -2.8951043537813197
                    ],
                    [
                        -0.05686653891993591,
                        -2.8951043537813197,
                        0.0025600351462919052
                    ]
                ],
                "v_eff": 19.087594830335313,
                "alpha": 5.996103088063449,
                "c6": 11.634871906313025,
                "c8": 212.24364134035517,
                "c10": 4850.8989670857
            },
            {
                "symbol": "O",
                "q_ref": -0.6447375311222636,
                "dipole": [
                    0.027690163026183448,
                    -0.05567415937194169,
                    -0.15451309743341146
                ],
                "quadrupole": [
                    [
                        -4.492052037497861,
                        -4.391371074105589,
                        -0.02718379632822081
                    ],
                    [
                        -4.391371074105589,
                        -0.007741405773721281,
                        -4.45244264425283
                    ],
                    [
                        -0.02718379632822081,
                        -4.45244264425283,
                        -0.005074906406961778
                    ]
                ],
                "v_eff": 26.121284216896946,
                "alpha": 7.793090318853232,
                "c6": 32.49050770911323,
                "c8": 1436.2706720509718,
                "c10": 61140.03329996821
            },
            {
                "symbol": "O",
                "q_ref": -0.41609707003593144,
                "dipole": [
                    -0.1043561328186393,
                    -0.009449498870678487,
                    -0.009478721558019414
                ],
                "quadrupole": [
                    [
                        -4.019843740798754,
                        -4.0913405712465,
                        -0.008144665265955375
                    ],
                    [
                        -4.0913405712465,
                        0.010956368164494315,
                        -4.116178641255901
                    ],
                    [
                        -0.008144665265955375,
                        -4.116178641255901,
                        0.020591887870967315
                    ]
                ],
                "v_eff": 23.206288242473754,
                "alpha": 6.923423011566755,
                "c6": 25.643589323547197,
                "c8": 1047.6093829215415,
                "c10": 41212.55405134882
            },
            {
                "symbol": "C",
                "q_ref": 0.01313637852170757,
                "dipole": [
                    0.08378178968370334,
                    0.04636942212057135,
                    0.11673077344714815
                ],
                "quadrupole": [
                    [
                        -4.252668311514988,
                        -4.280786392860395,
                        0.0019223425819322722
                    ],
                    [
                        -4.280786392860395,
                        0.04171555495193588,
                        -4.298425774888425
                    ],
                    [
                        0.0019223425819322722,
                        -4.298425774888425,
                        0.11039151277142063
                    ]
                ],
                "v_eff": 31.022962694446065,
                "alpha": 9.745433307155832,
                "c6": 30.73447026417192,
                "c8": 775.0329899196164,
                "c10": 24486.63488797951
            },
            {
                "symbol": "C",
                "q_ref": 0.013135918262986657,
                "dipole": [
                    -0.08378166304377777,
                    -0.04636973805483437,
                    -0.11673066641352756
                ],
                "quadrupole": [
                    [
                        -4.252669218378821,
                        -4.280787327976289,
                        0.0019223466089107943
                    ],
                    [
                        -4.280787327976289,
                        0.04171566428507534,
                        -4.298426932584584
                    ],
                    [
                        0.0019223466089107943,
                        -4.298426932584584,
                        0.11039179280708959
                    ]
                ],
                "v_eff": 31.022972059530847,
                "alpha": 9.745436249067282,
                "c6": 30.73448882016646,
                "c8": 775.0336138231902,
                "c10": 24486.659527738004
            },
            {
                "symbol": "O",
                "q_ref": -0.41609681553453726,
                "dipole": [
                    0.10435615391648102,
                    0.0094493702926878,
                    0.009478684826585494
                ],
                "quadrupole": [
                    [
                        -4.0198435683948235,
                        -4.0913400903646435,
                        -0.008144690618771004
                    ],
                    [
                        -4.0913400903646435,
                        0.01095637498729016,
                        -4.116178130601986
                    ],
                    [
                        -0.008144690618771004,
                        -4.116178130601986,
                        0.02059205646965962
                    ]
                ],
                "v_eff": 23.206285316849684,
                "alpha": 6.923422138728635,
                "c6": 25.643582857756837,
                "c8": 1047.6090307283919,
                "c10": 41212.53673241913
            },
            {
                "symbol": "C",
                "q_ref": 0.9996827358969913,
                "dipole": [
                    0.0056119496758021215,
                    -0.0142706817782367,
                    -0.039691039938654776
                ],
                "quadrupole": [
                    [
                        -2.873146886604133,
                        -2.761049567205935,
                        -0.05686661180195008
                    ],
                    [
                        -2.761049567205935,
                        -0.00698302747075642,
                        -2.8951049059111797
                    ],
                    [
                        -0.05686661180195008,
                        -2.8951049059111797,
                        0.0025601953305185122
                    ]
                ],
                "v_eff": 19.087601143177825,
                "alpha": 5.996105071155338,
                "c6": 11.63487960231944,
                "c8": 212.24382852804618,
                "c10": 4850.9043148824085
            },
            {
                "symbol": "O",
                "q_ref": -0.6447374815620179,
                "dipole": [
                    -0.02769054489601941,
                    0.055673950790606316,
                    0.15451309552923206
                ],
                "quadrupole": [
                    [
                        -4.492052445801904,
                        -4.3913714842679745,
                        -0.027183696955107917
                    ],
                    [
                        -4.3913714842679745,
                        -0.007741514559046257,
                        -4.452442680391365
                    ],
                    [
                        -0.027183696955107917,
                        -4.452442680391365,
                        -0.005074979642132765
                    ]
                ],
                "v_eff": 26.121286883101952,
                "alpha": 7.79309111429561,
                "c6": 32.49051434173956,
                "c8": 1436.2710629855421,
                "c10": 61140.054101891124
            },
            {
                "symbol": "O",
                "q_ref": -0.40804774937508625,
                "dipole": [
                    -0.11011133348593194,
                    -0.008548348688674,
                    -0.01080593701426145
                ],
                "quadrupole": [
                    [
                        -4.022705617345328,
                        -4.071313749892261,
                        -0.013767386248092069
                    ],
                    [
                        -4.071313749892261,
                        0.002705456733611523,
                        -4.107566643150163
                    ],
                    [
                        -0.013767386248092069,
                        -4.107566643150163,
                        -0.00036265358763659704
                    ]
                ],
                "v_eff": 23.122119995229514,
                "alpha": 6.898312042775657,
                "c6": 25.45791018574269,
                "c8": 1037.5076205874534,
                "c10": 40716.40489764115
            },
            {
                "symbol": "C",
                "q_ref": -0.1127852681211623,
                "dipole": [
                    0.15039415414053325,
                    -0.021447228434065085,
                    -0.07747361241018953
                ],
                "quadrupole": [
                    [
                        -4.441232133768258,
                        -4.541870438934922,
                        -0.0020559332940515893
                    ],
                    [
                        -4.541870438934922,
                        -0.024630635069862742,
                        -4.531655053960239
                    ],
                    [
                        -0.0020559332940515893,
                        -4.531655053960239,
                        -0.08124298869740554
                    ]
                ],
                "v_eff": 32.98030343831087,
                "alpha": 10.360304745019121,
                "c6": 34.735094524239045,
                "c8": 912.3830174413663,
                "c10": 30026.199142024943
            },
            {
                "symbol": "H",
                "q_ref": 0.11434850471186309,
                "dipole": [
                    0.006613834926110205,
                    -0.06068597769699852,
                    -0.012239197230953376
                ],
                "quadrupole": [
                    [
                        -0.4957657770027157,
                        -0.513266926275595,
                        -0.0014095515694729503
                    ],
                    [
                        -0.513266926275595,
                        0.0022923945130005436,
                        -0.515962129671499
                    ],
                    [
                        -0.0014095515694729503,
                        -0.515962129671499,
                        -0.010752663831857598
                    ]
                ],
                "v_eff": 2.866888390890002,
                "alpha": 0.9149643800712773,
                "c6": 0.26871796588616836,
                "c8": 1.7782719413841042,
                "c10": 16.242011125590263
            },
            {
                "symbol": "H",
                "q_ref": 0.11883795390991736,
                "dipole": [
                    0.03575210088558285,
                    0.018787852325321857,
                    0.04651067419532372
                ],
                "quadrupole": [
                    [
                        -0.4845247060452563,
                        -0.507593771118047,
                        0.002696364956860176
                    ],
                    [
                        -0.507593771118047,
                        -0.0024230639534193617,
                        -0.5002826714073442
                    ],
                    [
                        0.002696364956860176,
                        -0.5002826714073442,
                        -0.010524329817625954
                    ]
                ],
                "v_eff": 2.7730841512126028,
                "alpha": 0.8850268567699796,
                "c6": 0.25142081441120867,
                "c8": 1.6273121859387212,
                "c10": 14.537197121492365
            },
            {
                "symbol": "H",
                "q_ref": 0.1138592793780332,
                "dipole": [
                    0.001546206406193272,
                    0.03925661543140216,
                    -0.04899437694418473
                ],
                "quadrupole": [
                    [
                        -0.49517452603363404,
                        -0.5156363343022098,
                        -0.0011073621866228734
                    ],
                    [
                        -0.5156363343022098,
                        -0.007248454836657046,
                        -0.516347352521404
                    ],
                    [
                        -0.0011073621866228734,
                        -0.516347352521404,
                        -0.007267681890229543
                    ]
                ],
                "v_eff": 2.8723857747927313,
                "alpha": 0.9167188642955526,
                "c6": 0.2697495108646731,
                "c8": 1.787379582566625,
                "c10": 16.346059463138566
            },
            {
                "symbol": "H",
                "q_ref": 0.11079853139585438,
                "dipole": [
                    -0.003952399440298257,
                    0.04000826621692932,
                    -0.048932114901361394
                ],
                "quadrupole": [
                    [
                        -0.4947175065135551,
                        -0.5083440857195111,
                        0.003710948232431767
                    ],
                    [
                        -0.5083440857195111,
                        0.004951097630914162,
                        -0.5114138455783881
                    ],
                    [
                        0.003710948232431767,
                        -0.5114138455783881,
                        0.00712083510992021
                    ]
                ],
                "v_eff": 2.833271960378824,
                "alpha": 0.9042357320357949,
                "c6": 0.26245307081911184,
                "c8": 1.7232096430476394,
                "c10": 15.615817650149419
            },
            {
                "symbol": "H",
                "q_ref": 0.11019224915605008,
                "dipole": [
                    0.0012834989384714196,
                    -0.06291744360889404,
                    -0.011623329850872069
                ],
                "quadrupole": [
                    [
                        -0.4954244489038015,
                        -0.5144300326483437,
                        -0.0018016103195533898
                    ],
                    [
                        -0.5144300326483437,
                        0.002298764424256355,
                        -0.5077420797986201
                    ],
                    [
                        -0.0018016103195533898,
                        -0.5077420797986201,
                        0.008379027682768795
                    ]
                ],
                "v_eff": 2.8420350740454086,
                "alpha": 0.9070324704400241,
                "c6": 0.26407907979315876,
                "c8": 1.7374590150946656,
                "c10": 15.77739485781944
            },
            {
                "symbol": "H",
                "q_ref": 0.11019232252429667,
                "dipole": [
                    -0.0012834716407096726,
                    0.06291752518036271,
                    0.011623072687410398
                ],
                "quadrupole": [
                    [
                        -0.49542458188488425,
                        -0.5144301214302803,
                        -0.0018016455847781466
                    ],
                    [
                        -0.5144301214302803,
                        0.0022987722962934604,
                        -0.5077422043152504
                    ],
                    [
                        -0.0018016455847781466,
                        -0.5077422043152504,
                        0.008379040973534051
                    ]
                ],
                "v_eff": 2.8420361693695164,
                "alpha": 0.9070328200115478,
                "c6": 0.26407928334605707,
                "c8": 1.7374608007459629,
                "c10": 15.777415126591949
            },
            {
                "symbol": "H",
                "q_ref": 0.11079892336457697,
                "dipole": [
                    0.003952490421871869,
                    -0.0400082109893751,
                    0.04893214614486189
                ],
                "quadrupole": [
                    [
                        -0.49471684740567373,
                        -0.5083433740294685,
                        0.0037109220953100573
                    ],
                    [
                        -0.5083433740294685,
                        0.00495109277448952,
                        -0.5114131272585307
                    ],
                    [
                        0.0037109220953100573,
                        -0.5114131272585307,
                        0.007120840012820948
                    ]
                ],
                "v_eff": 2.8332665935122776,
                "alpha": 0.9042340192060461,
                "c6": 0.26245207652750024,
                "c8": 1.72320093865054,
                "c10": 15.615719050573489
            },
            {
                "symbol": "H",
                "q_ref": 0.11883784259351315,
                "dipole": [
                    -0.03575207333243006,
                    -0.018787867697121936,
                    -0.04651070135075427
                ],
                "quadrupole": [
                    [
                        -0.4845248365491009,
                        -0.5075939254840576,
                        0.0026963821209765025
                    ],
                    [
