{
    "molecule": "TFSI",
    "atoms": [
        {
            "index": 0,
            "element": "C",
            "charge": 0.5726637992393897,
            "dipole": [
                -0.12564397216511985,
                0.07641440484548508,
                0.16004267628044486
            ],
            "quadrupole": [
                [
                    -3.7019027808310176,
                    -3.6533037894060034,
                    -0.07091627217593605
                ],
                [
                    -3.6533037894060034,
                    0.06574813978286936,
                    -3.7735951087604453
                ],
                [
                    -0.07091627217593605,
                    -3.7735951087604453,
                    0.12434327427301148
                ]
            ],
            "volume_eff": 27.055489527902434,
            "alpha_iso": 8.499106657979823,
            "c6_ii": 23.375988414175065,
            "c8_ii": 538.0787701858071,
            "c10_ii": 15518.015849857444,
            "slater_b_init": 39.26485818638373
        },
        {
            "index": 1,
            "element": "F",
            "charge": -0.21528178532545184,
            "dipole": [
                -0.02495053622687431,
                -0.014388960952320479,
                -0.009357873206566973
            ],
            "quadrupole": [
                [
                    -3.4906193793021387,
                    -3.5360987073437884,
                    0.005017346139875012
                ],
                [
                    -3.5360987073437884,
                    0.02271595855230176,
                    -3.54299770145262
                ],
                [
                    0.005017346139875012,
                    -3.54299770145262,
                    0.010281323455382647
                ]
            ],
            "volume_eff": 17.741166800883498,
            "alpha_iso": 5.5716061027568005,
            "c6_ii": 20.42289116070844,
            "c8_ii": 887.8538217349932,
            "c10_ii": 35808.766620611335,
            "slater_b_init": 33.44911721067508
        },
        {
            "index": 2,
            "element": "F",
            "charge": -0.21707091173130877,
            "dipole": [
                0.02366957770079636,
                -0.0098903246777939,
                0.018490062589975986
            ],
            "quadrupole": [
                [
                    -3.528046587230245,
                    -3.543350752155158,
                    -0.01969872006891246
                ],
                [
                    -3.543350752155158,
                    -0.007799424941259145,
                    -3.4983958753872377
                ],
                [
                    -0.01969872006891246,
                    -3.4983958753872377,
                    0.02348702484724309
                ]
            ],
            "volume_eff": 17.735120452727923,
            "alpha_iso": 5.569707249617034,
            "c6_ii": 20.408972925287205,
            "c8_ii": 887.0471481772234,
            "c10_ii": 35768.10296754896,
            "slater_b_init": 33.45291799360134
        },
        {
            "index": 3,
            "element": "F",
            "charge": -0.21689198427553613,
            "dipole": [
                0.012073880630553134,
                0.03150700784587519,
                -0.008216600197193771
            ],
            "quadrupole": [
                [
                    -3.542196455931479,
                    -3.4827005108634936,
                    -0.008082074389755545
                ],
                [
                    -3.4827005108634936,
                    0.004287724805327692,
                    -3.5482088675769026
                ],
                [
                    -0.008082074389755545,
                    -3.5482088675769026,
                    -0.0011373814667459932
                ]
            ],
            "volume_eff": 17.74545522321207,
            "alpha_iso": 5.572952880017014,
            "c6_ii": 20.432765659796008,
            "c8_ii": 888.4262394266934,
            "c10_ii": 35837.627259976376,
            "slater_b_init": 33.4464225207596
        },
        {
            "index": 4,
            "element": "S",
            "charge": 1.142675800660701,
            "dipole": [
                0.1378796434411613,
                -0.07268977634084657,
                -0.13630670777754794
            ],
            "quadrupole": [
                [
                    -8.011287454012377,
                    -7.959987894973475,
                    -0.008090578535143618
                ],
                [
                    -7.959987894973475,
                    0.021519584326883705,
                    -7.974968470523123
                ],
                [
                    -0.008090578535143618,
                    -7.974968470523123,
                    0.05841910018790154
                ]
            ],
            "volume_eff": 63.003850922040556,
            "alpha_iso": 16.421216463723336,
            "c6_ii": 94.05963900430397,
            "c8_ii": 2495.3109381763106,
            "c10_ii": 66529.16838525089,
            "slater_b_init": 36.06582177043051
        },
        {
            "index": 5,
            "element": "O",
            "charge": -0.58871970354447,
            "dipole": [
                -0.053865742994715866,
                0.044040970195280194,
                -0.1634329962877551
            ],
            "quadrupole": [
                [
                    -4.3004212730481095,
                    -4.323150274562828,
                    0.014260591473004935
                ],
                [
                    -4.323150274562828,
                    0.0002458811749244837,
                    -4.35069518969984
                ],
                [
                    0.014260591473004935,
                    -4.35069518969984,
                    -0.012358862244174498
                ]
            ],
            "volume_eff": 24.97958327758159,
            "alpha_iso": 7.452472359057491,
            "c6_ii": 29.712406395584644,
            "c8_ii": 1274.9057037430339,
            "c10_ii": 52677.831094961584,
            "slater_b_init": 33.232742771054866
        },
        {
            "index": 6,
            "element": "O",
            "charge": -0.5988681585685498,
            "dipole": [
                0.016062339735796884,
                -0.1795685157145539,
                -0.004501746733214078
            ],
            "quadrupole": [
                [
                    -4.32750414023945,
                    -4.384986963445121,
                    -0.00020537829984712243
                ],
                [
                    -4.384986963445121,
                    0.010680115552711205,
                    -4.33295660465901
                ],
                [
                    -0.00020537829984712243,
                    -4.33295660465901,
                    -0.0059954218742658515
                ]
            ],
            "volume_eff": 25.186267644685547,
            "alpha_iso": 7.514135098414473,
            "c6_ii": 30.206129284111746,
            "c8_ii": 1303.2299872600047,
            "c10_ii": 54144.78530191909,
            "slater_b_init": 33.14158776391728
        },
        {
            "index": 7,
            "element": "N",
            "charge": -0.770708580976665,
            "dipole": [
                0.01139756067510571,
                0.059487965598427124,
                0.13776725950833243
            ],
            "quadrupole": [
                [
                    -5.151572288333394,
                    -4.965842684611712,
                    -0.01979615241860806
                ],
                [
                    -4.965842684611712,
                    -0.03429366429141399,
                    -5.018708946660443
                ],
                [
                    -0.01979615241860806,
                    -5.018708946660443,
                    0.03431168969644899
                ]
            ],
            "volume_eff": 33.50441104618792,
            "alpha_iso": 9.761127627629552,
            "c6_ii": 42.10676815232878,
            "c8_ii": 1590.4828224515354,
            "c10_ii": 65443.66100731238,
            "slater_b_init": 32.82563052663089
        },
        {
            "index": 8,
            "element": "S",
            "charge": 1.1645518257636827,
            "dipole": [
                -0.16963183865942863,
                -0.04596157738799299,
                -0.11291049018259089
            ],
            "quadrupole": [
                [
                    -7.959100905034764,
                    -7.888750698889033,
                    -0.0033679618401034513
                ],
                [
                    -7.888750698889033,
                    -0.02746958207890027,
                    -7.888398951048695
                ],
                [
                    -0.0033679618401034513,
                    -7.888398951048695,
                    -0.05215505081451109
                ]
            ],
            "volume_eff": 62.218898808833295,
            "alpha_iso": 16.216627881025698,
            "c6_ii": 91.73049942066442,
            "c8_ii": 2413.2664255994437,
            "c10_ii": 63806.19479993395,
            "slater_b_init": 36.21685689805314
        },
        {
            "index": 9,
            "element": "O",
            "charge": -0.5940657783176011,
            "dipole": [
                0.029431290618070177,
                -0.16102856069099605,
                -0.0815126530794431
            ],
            "quadrupole": [
                [
                    -4.307154020089273,
                    -4.363261348607113,
                    -0.014965623621997399
                ],
                [
                    -4.363261348607113,
                    0.006592469483629259,
                    -4.330777594024729
                ],
                [
                    -0.014965623621997399,
                    -4.330777594024729,
                    0.004751529772836456
                ]
            ],
            "volume_eff": 25.04889890731435,
            "alpha_iso": 7.473152160193231,
            "c6_ii": 29.877532581160892,
            "c8_ii": 1284.3614651557002,
            "c10_ii": 53166.66131437639,
            "slater_b_init": 33.2020604301281
        },
        {
            "index": 10,
            "element": "O",
            "charge": -0.6042992867668104,
            "dipole": [
                -0.03215543890228444,
                0.11878464482419034,
                -0.1390952495500857
            ],
            "quadrupole": [
                [
                    -4.337528103934114,
                    -4.3662095298897885,
                    0.027551615909788003
                ],
                [
                    -4.3662095298897885,
                    0.014840154681863517,
                    -4.37002868571485
                ],
                [
                    0.027551615909788003,
                    -4.37002868571485,
                    -0.00923862942591617
                ]
            ],
            "volume_eff": 25.26247272002833,
            "alpha_iso": 7.536870314262596,
            "c6_ii": 30.389192746591185,
            "c8_ii": 1313.77153204753,
            "c10_ii": 54692.794504029094,
            "slater_b_init": 33.108229971904294
        },
        {
            "index": 11,
            "element": "C",
            "charge": 0.5569258581511827,
            "dipole": [
                0.16559943594717522,
                0.05981053524949211,
                0.1408973625841021
            ],
            "quadrupole": [
                [
                    -3.80156736001105,
                    -3.6760262657607603,
                    -0.04946656894615058
                ],
                [
                    -3.6760262657607603,
                    -0.05875960431603707,
                    -3.776866849424291
                ],
                [
                    -0.04946656894615058,
                    -3.776866849424291,
                    -0.14419360020069497
                ]
            ],
            "volume_eff": 27.480458018829744,
            "alpha_iso": 8.632604613244945,
            "c6_ii": 24.116102696122187,
            "c8_ii": 560.9128366035264,
            "c10_ii": 16345.495606162222,
            "slater_b_init": 39.06140344018033
        },
        {
            "index": 12,
            "element": "F",
            "charge": -0.21375928760165408,
            "dipole": [
                -0.009892669070391293,
                -0.024102616515388045,
                0.018803243787326982
            ],
            "quadrupole": [
                [
                    -3.5392282526100027,
                    -3.5096613710161,
                    -0.03429320613819735
                ],
                [
                    -3.5096613710161,
                    0.0010379429687484819,
                    -3.511555180454598
                ],
                [
                    -0.03429320613819735,
                    -3.511555180454598,
                    -0.0021948648267816843
                ]
            ],
            "volume_eff": 17.714724483418664,
            "alpha_iso": 5.563301903883548,
            "c6_ii": 20.362057943259412,
            "c8_ii": 884.3293992073854,
            "c10_ii": 35631.17187553072,
            "slater_b_init": 33.46575181814062
        },
        {
            "index": 13,
            "element": "F",
            "charge": -0.21174132993748884,
            "dipole": [
                0.019026554512718268,
                -0.0008419400166332265,
                -0.01927532646340873
            ],
            "quadrupole": [
                [
                    -3.494777934999099,
                    -3.54112245951186,
                    -0.002247934785321818
                ],
                [
                    -3.54112245951186,
                    0.0040534644255204935,
                    -3.519229750644403
                ],
                [
                    -0.002247934785321818,
                    -3.519229750644403,
                    -0.03193662548193392
                ]
            ],
            "volume_eff": 17.706181352127484,
            "alpha_iso": 5.560618937031772,
            "c6_ii": 20.34242300189234,
            "c8_ii": 883.1925812600083,
            "c10_ii": 35573.925609726095,
            "slater_b_init": 33.47113329737472
        },
        {
            "index": 14,
            "element": "F",
            "charge": -0.21346431765350005,
            "dipole": [
                -0.019291467263813873,
                0.01928575800857263,
                0.0072936607996222525
            ],
            "quadrupole": [
                [
                    -3.53023994956582,
                    -3.487743317237614,
                    0.02446694021496084
                ],
                [
                    -3.487743317237614,
                    -0.017571577880775117,
                    -3.535933953060331
                ],
                [
                    0.02446694021496084,
                    -3.535933953060331,
                    -0.0101611348070328
                ]
            ],
            "volume_eff": 17.695074518170763,
            "alpha_iso": 5.557130840417265,
            "c6_ii": 20.316909985208355,
            "c8_ii": 881.7159826136027,
            "c10_ii": 35499.59665075087,
            "slater_b_init": 33.47813487974399
        }
    ]
}