{
    "molecule": "LEth_143",
    "atoms": [
        {
            "index": 0,
            "element": "C",
            "charge": -0.4905805007564261,
            "dipole": [
                0.04613730984471338,
                -0.02331886232667427,
                -0.017493667353490682
            ],
            "quadrupole": [
                [
                    -5.179399734579116,
                    -5.212761203009103,
                    -0.021689822208543957
                ],
                [
                    -5.212761203009103,
                    0.04735333009056646,
                    -5.174656307965869
                ],
                [
                    -0.021689822208543957,
                    -5.174656307965869,
                    0.015678801701908884
                ]
            ],
            "volume_eff": 39.33024936875763,
            "alpha_iso": 12.35505215772491,
            "c6_ii": 49.39836683344998,
            "c8_ii": 1459.1591654400702,
            "c10_ii": 54001.67163115061,
            "slater_b_init": 34.661466384403866
        },
        {
            "index": 1,
            "element": "C",
            "charge": 0.12196209651743839,
            "dipole": [
                0.07619030098691278,
                0.11541493714918005,
                0.008224054554668243
            ],
            "quadrupole": [
                [
                    -4.107796438297488,
                    -4.229357092397811,
                    -0.03784306767606169
                ],
                [
                    -4.229357092397811,
                    0.06572245030516652,
                    -4.126906206832761
                ],
                [
                    -0.03784306767606169,
                    -4.126906206832761,
                    0.0134431963078388
                ]
            ],
            "volume_eff": 30.21775459734259,
            "alpha_iso": 9.492488355186154,
            "c6_ii": 29.15973485470739,
            "c8_ii": 722.5434589863129,
            "c10_ii": 22431.52689722864,
            "slater_b_init": 37.84441259450306
        },
        {
            "index": 2,
            "element": "O",
            "charge": -0.353085724434429,
            "dipole": [
                -0.0037717409694685575,
                -0.07156619124794773,
                -0.003415229972083009
            ],
            "quadrupole": [
                [
                    -3.9217351296706173,
                    -4.098806625626029,
                    0.013986447504299684
                ],
                [
                    -4.098806625626029,
                    -0.023324011934801783,
                    -4.088203802146252
                ],
                [
                    0.013986447504299684,
                    -4.088203802146252,
                    -0.045697584113991455
                ]
            ],
            "volume_eff": 23.018420533842235,
            "alpha_iso": 6.867374081919784,
            "c6_ii": 25.23007194046529,
            "c8_ii": 1025.1457459113672,
            "c10_ii": 40110.89223332856,
            "slater_b_init": 34.150946309527285
        },
        {
            "index": 3,
            "element": "C",
            "charge": -0.005492830094507184,
            "dipole": [
                -0.06809441537238334,
                0.11478760921875943,
                0.06575666818703355
            ],
            "quadrupole": [
                [
                    -4.409049921986594,
                    -4.429705680732438,
                    0.015251863446820576
                ],
                [
                    -4.429705680732438,
                    -0.0881591678425059,
                    -4.349112381583169
                ],
                [
                    0.015251863446820576,
                    -4.349112381583169,
                    -0.0011039733369209413
                ]
            ],
            "volume_eff": 32.497170272672435,
            "alpha_iso": 10.208535164190293,
            "c6_ii": 33.7248698836844,
            "c8_ii": 877.1750223373151,
            "c10_ii": 28584.900850024584,
            "slater_b_init": 36.938051574198425
        },
        {
            "index": 4,
            "element": "C",
            "charge": 0.008771229564521477,
            "dipole": [
                0.016532272278112384,
                0.0013275539440081082,
                0.14624963651555623
            ],
            "quadrupole": [
                [
                    -4.3872214033731805,
                    -4.374517429212531,
                    0.03226928913390476
                ],
                [
                    -4.374517429212531,
                    -0.06388630726722683,
                    -4.317444448836502
                ],
                [
                    0.03226928913390476,
                    -4.317444448836502,
                    0.040555518746164344
                ]
            ],
            "volume_eff": 32.123643492125716,
            "alpha_iso": 10.091196908521166,
            "c6_ii": 32.954049202563176,
            "c8_ii": 850.5455837893801,
            "c10_ii": 27504.316813644473,
            "slater_b_init": 37.080669443295534
        },
        {
            "index": 5,
            "element": "O",
            "charge": -0.3427634954347294,
            "dipole": [
                0.0321082023548552,
                0.0502606850038304,
                -0.06730198308259565
            ],
            "quadrupole": [
                [
                    -3.9761676318870154,
                    -4.068355915740999,
                    0.03574269573336247
                ],
                [
                    -4.068355915740999,
                    0.04885300141097004,
                    -4.037885594053168
                ],
                [
                    0.03574269573336247,
                    -4.037885594053168,
                    0.06573232992021719
                ]
            ],
            "volume_eff": 22.945834741312332,
            "alpha_iso": 6.845718652104232,
            "c6_ii": 25.071202890081526,
            "c8_ii": 1016.5479228522432,
            "c10_ii": 39690.82507636477,
            "slater_b_init": 34.18691891289425
        },
        {
            "index": 6,
            "element": "C",
            "charge": -0.0968738362127679,
            "dipole": [
                -0.1298467113151109,
                -0.08626439442652992,
                0.010527715399503479
            ],
            "quadrupole": [
                [
                    -4.4895655052331,
                    -4.530158998582039,
                    0.006359839481852475
                ],
                [
                    -4.530158998582039,
                    0.04010232314431918,
                    -4.58763857133478
                ],
                [
                    0.006359839481852475,
                    -4.58763857133478,
                    -0.00912809919476667
                ]
            ],
            "volume_eff": 33.592104692298705,
            "alpha_iso": 10.552493620617392,
            "c6_ii": 36.03575463315109,
            "c8_ii": 958.2173741570433,
            "c10_ii": 31923.38391295128,
            "slater_b_init": 36.532278540893174
        },
        {
            "index": 7,
            "element": "H",
            "charge": 0.1441227534464241,
            "dipole": [
                -0.038853081665064446,
                -0.0253364254975583,
                0.0043841687062958715
            ],
            "quadrupole": [
                [
                    -0.4978254327855236,
                    -0.48698565963856155,
                    0.003121755353797078
                ],
                [
                    -0.48698565963856155,
                    -0.0063508483529778545,
                    -0.49330511737850913
                ],
                [
                    0.003121755353797078,
                    -0.49330511737850913,
                    -0.0008330547306041965
                ]
            ],
            "volume_eff": 2.7841285213326468,
            "alpha_iso": 0.8885516557444617,
            "c6_ii": 0.2534274712108869,
            "c8_ii": 1.644652532984219,
            "c10_ii": 14.73108656077019,
            "slater_b_init": 68.69154255133171
        },
        {
            "index": 8,
            "element": "H",
            "charge": 0.15166848029513358,
            "dipole": [
                0.022909632657388327,
                0.015779705592385132,
                0.037409231439463016
            ],
            "quadrupole": [
                [
                    -0.47806334642365705,
                    -0.4820088876406889,
                    -0.0030298431743702348
                ],
                [
                    -0.4820088876406889,
                    -0.006026292204396567,
                    -0.48934696890078977
                ],
                [
                    -0.0030298431743702348,
                    -0.48934696890078977,
                    -0.0016423892729188173
                ]
            ],
            "volume_eff": 2.7167793978482857,
            "alpha_iso": 0.8670572546324317,
            "c6_ii": 0.2413147574454193,
            "c8_ii": 1.5406869847036302,
            "c10_ii": 13.576414874402474,
            "slater_b_init": 69.25453811641127
        },
        {
            "index": 9,
            "element": "H",
            "charge": 0.14768434105696004,
            "dipole": [
                0.003983141852460311,
                0.031979192728994195,
                -0.033029114629223894
            ],
            "quadrupole": [
                [
                    -0.4850217455664337,
                    -0.49164183821564195,
                    0.006879117893433815
                ],
                [
                    -0.49164183821564195,
                    -0.002352844123505554,
                    -0.48803769790925966
                ],
                [
                    0.006879117893433815,
                    -0.48803769790925966,
                    -0.00476115837209879
                ]
            ],
            "volume_eff": 2.7551735108561393,
            "alpha_iso": 0.8793106949540871,
            "c6_ii": 0.24818357721946452,
            "c8_ii": 1.5994351087322793,
            "c10_ii": 14.226575229051734,
            "slater_b_init": 68.93133835935464
        },
        {
            "index": 10,
            "element": "H",
            "charge": 0.05904730554956816,
            "dipole": [
                0.006210973796551303,
                -0.03012018082496153,
                0.05454993782266227
            ],
            "quadrupole": [
                [
                    -0.5477478166905373,
                    -0.5787465717357573,
                    0.007467347717067472
                ],
                [
                    -0.5787465717357573,
                    0.008864901725147444,
                    -0.5690211757644329
                ],
                [
                    0.007467347717067472,
                    -0.5690211757644329,
                    -0.004929903459051732
                ]
            ],
            "volume_eff": 3.283080656495911,
            "alpha_iso": 1.0477916988816738,
            "c6_ii": 0.3524018956836907,
            "c8_ii": 2.552624222825191,
            "c10_ii": 25.51970743990068,
            "slater_b_init": 65.01883417923682
        },
        {
            "index": 11,
            "element": "H",
            "charge": 0.05420817372747189,
            "dipole": [
                -0.023055256840381354,
                -0.005376276604464407,
                -0.05658405480158716
            ],
            "quadrupole": [
                [
                    -0.5533858909991428,
                    -0.5760694199856182,
                    -0.010558685697880018
                ],
                [
                    -0.5760694199856182,
                    0.0030424183363675027,
                    -0.5859132124420937
                ],
                [
                    -0.010558685697880018,
                    -0.5859132124420937,
                    -0.006803656780105418
                ]
            ],
            "volume_eff": 3.3359351565976145,
            "alpha_iso": 1.0646601563609408,
            "c6_ii": 0.36383990693956886,
            "c8_ii": 2.663685913827212,
            "c10_ii": 26.915090921537107,
            "slater_b_init": 64.67361874372102
        },
        {
            "index": 12,
            "element": "H",
            "charge": 0.07553654436142732,
            "dipole": [
                -0.016646380632542864,
                -0.0023833253538659426,
                -0.05558060517710178
            ],
            "quadrupole": [
                [
                    -0.5433331967310292,
                    -0.5519586506003958,
                    -0.004812258015199142
                ],
                [
                    -0.5519586506003958,
                    -0.010778925834109082,
                    -0.5631747313755361
                ],
                [
                    -0.004812258015199142,
                    -0.5631747313755361,
                    -0.009778504971739248
                ]
            ],
            "volume_eff": 3.208693869801291,
            "alpha_iso": 1.0240512350429651,
            "c6_ii": 0.3366136324915874,
            "c8_ii": 2.4012912523097456,
            "c10_ii": 23.64275773759063,
            "slater_b_init": 65.51744216870507
        },
        {
            "index": 13,
            "element": "H",
            "charge": 0.09460530312505644,
            "dipole": [
                0.009476120314565916,
                -0.03422572971134247,
                0.04585938329227702
            ],
            "quadrupole": [
                [
                    -0.5202453653807538,
                    -0.5391450593065733,
                    0.01084049096041734
                ],
                [
                    -0.5391450593065733,
                    -0.007822215796170068,
                    -0.5369687502542293
                ],
                [
                    0.01084049096041734,
                    -0.5369687502542293,
                    -0.006232343428112013
                ]
            ],
            "volume_eff": 3.061294630600338,
            "alpha_iso": 0.9770089246596823,
            "c6_ii": 0.30639762235162205,
            "c8_ii": 2.1182786676294034,
            "c10_ii": 20.212542655830514,
            "slater_b_init": 66.55254263162053
        },
        {
            "index": 14,
            "element": "H",
            "charge": 0.07467242292990717,
            "dipole": [
                0.037550044999228205,
                -0.03925745380399577,
                -0.021690628297514877
            ],
            "quadrupole": [
                [
                    -0.5564877997286737,
                    -0.5539681001129212,
                    -0.0019267521923003554
                ],
                [
                    -0.5539681001129212,
                    0.005685630844327572,
                    -0.5465817987771509
                ],
                [
                    -0.0019267521923003554,
                    -0.5465817987771509,
                    0.016732034317404325
                ]
            ],
            "volume_eff": 3.2010504433578872,
            "alpha_iso": 1.0216118436248576,
            "c6_ii": 0.3350118485790012,
            "c8_ii": 2.3860678800582282,
            "c10_ii": 23.45554761412771,
            "slater_b_init": 65.56954794910507
        },
        {
            "index": 15,
            "element": "H",
            "charge": 0.09341904832828918,
            "dipole": [
                -0.01844002934795849,
                0.05494511149381315,
                -0.008184250906787257
            ],
            "quadrupole": [
                [
                    -0.5282210775529926,
                    -0.5471229503228767,
                    0.008907363641396375
                ],
                [
                    -0.5471229503228767,
                    0.003511446250967559,
                    -0.5208582920562419
                ],
                [
                    0.008907363641396375,
                    -0.5208582920562419,
                    0.008927091369909799
                ]
            ],
            "volume_eff": 3.0565329127568193,
            "alpha_iso": 0.9754892274755806,
            "c6_ii": 0.3054451858758461,
            "c8_ii": 2.1095036652451564,
            "c10_ii": 20.107933442225885,
            "slater_b_init": 66.587085037949
        },
        {
            "index": 16,
            "element": "H",
            "charge": 0.07830730010208886,
            "dipole": [
                -0.021897309951753104,
                0.05256286184621744,
                -0.012057247910602175
            ],
            "quadrupole": [
                [
                    -0.5376316414190021,
                    -0.5612695281977041,
                    0.005462321949535328
                ],
                [
                    -0.5612695281977041,
                    0.010345347330406556,
                    -0.5659578321092401
                ],
                [
                    0.005462321949535328,
                    -0.5659578321092401,
                    -0.0012393554504237791
                ]
            ],
            "volume_eff": 3.227305424313899,
            "alpha_iso": 1.029991092866138,
            "c6_ii": 0.34052991278979156,
            "c8_ii": 2.4386132418647715,
            "c10_ii": 24.102980161719735,
            "slater_b_init": 65.39125506186933
        },
        {
            "index": 17,
            "element": "H",
            "charge": 0.07315020667619598,
            "dipole": [
                0.03478901820390592,
                -0.032229001404736224,
                -0.03232390595974243
            ],
            "quadrupole": [
                [
                    -0.5552513302365432,
                    -0.5558539285991905,
                    -0.0005976983399968682
                ],
                [
                    -0.5558539285991905,
                    0.01465085983664329,
                    -0.5751126782068813
                ],
                [
                    -0.0005976983399968682,
                    -0.5751126782068813,
                    0.006164170196754272
                ]
            ],
            "volume_eff": 3.284095417126992,
            "alpha_iso": 1.0481155586575506,
            "c6_ii": 0.35261977570124403,
            "c8_ii": 2.5547287257413362,
            "c10_ii": 25.54600970163498,
            "slater_b_init": 65.01213671345968
        },
        {
            "index": 18,
            "element": "H",
            "charge": 0.1106907115335527,
            "dipole": [
                0.012725512837090957,
                -0.004336451575559499,
                0.058701443951782686
            ],
            "quadrupole": [
                [
                    -0.5001202650512359,
                    -0.5084317536740852,
                    -0.0018179589864973586
                ],
                [
                    -0.5084317536740852,
                    0.01110602694882712,
                    -0.5158491066136551
                ],
                [
                    -0.0018179589864973586,
                    -0.5158491066136551,
                    -0.003077954208811086
                ]
            ],
            "volume_eff": 2.855371193864901,
            "alpha_iso": 0.9112886788930534,
            "c6_ii": 0.266563252632652,
            "c8_ii": 1.759285312264503,
            "c10_ii": 16.02553104385827,
            "slater_b_init": 68.11543026226487
        }
    ]
}