{
    "molecule": "DEPC",
    "atoms": [
        {
            "index": 0,
            "element": "C",
            "charge": -0.4859914092222377,
            "dipole": [
                -0.048714063351775715,
                0.0017709532083103237,
                -0.019919830937552004
            ],
            "quadrupole": [
                [
                    -5.129336220598265,
                    -5.125064627846636,
                    0.003216776864153555
                ],
                [
                    -5.125064627846636,
                    0.007829987604915793,
                    -5.166657954986845
                ],
                [
                    0.003216776864153555,
                    -5.166657954986845,
                    -0.0521406803728392
                ]
            ],
            "volume_eff": 38.66706966083338,
            "alpha_iso": 12.146723453664935,
            "c6_ii": 47.74651878296752,
            "c8_ii": 1394.4667487157235,
            "c10_ii": 51025.71194977789,
            "slater_b_init": 34.858504017039344
        },
        {
            "index": 1,
            "element": "C",
            "charge": 0.10420015822148088,
            "dipole": [
                -0.07619640314900925,
                -0.03090632333628484,
                0.13330106185723403
            ],
            "quadrupole": [
                [
                    -4.115176422436483,
                    -4.1207068780116645,
                    0.005805951591672837
                ],
                [
                    -4.1207068780116645,
                    0.021181546532867194,
                    -4.190862957535788
                ],
                [
                    0.005805951591672837,
                    -4.190862957535788,
                    -0.1090267220285673
                ]
            ],
            "volume_eff": 29.861597403621637,
            "alpha_iso": 9.380606514226692,
            "c6_ii": 28.47641167766288,
            "c8_ii": 700.0561845364625,
            "c10_ii": 21562.295336964507,
            "slater_b_init": 37.99427425934411
        },
        {
            "index": 2,
            "element": "O",
            "charge": -0.4210932028381329,
            "dipole": [
                0.11048593222626313,
                0.005358144671230627,
                0.004899445925577071
            ],
            "quadrupole": [
                [
                    -4.002341621838836,
                    -4.09604800544472,
                    0.006684720132222262
                ],
                [
                    -4.09604800544472,
                    0.007159299114029478,
                    -4.13330329015495
                ],
                [
                    0.006684720132222262,
                    -4.13330329015495,
                    -0.007697677032226573
                ]
            ],
            "volume_eff": 23.18992827056603,
            "alpha_iso": 6.918542135969975,
            "c6_ii": 25.607445626892833,
            "c8_ii": 1045.6410896524064,
            "c10_ii": 41115.78690939019,
            "slater_b_init": 34.066546874356675
        },
        {
            "index": 3,
            "element": "C",
            "charge": 1.0031335279050388,
            "dipole": [
                -0.016379324054101817,
                -0.014006264906297996,
                0.06183710092679279
            ],
            "quadrupole": [
                [
                    -2.863278842904689,
                    -2.729869668053018,
                    0.030290413985847524
                ],
                [
                    -2.729869668053018,
                    -0.007430090209610968,
                    -2.870162870964627
                ],
                [
                    0.030290413985847524,
                    -2.870162870964627,
                    -0.005162440027879444
                ]
            ],
            "volume_eff": 18.841068995486733,
            "alpha_iso": 5.918660417430387,
            "c6_ii": 11.336272340121859,
            "c8_ii": 205.012137602074,
            "c10_ii": 4645.1884424382515,
            "slater_b_init": 44.29832638724081
        },
        {
            "index": 4,
            "element": "O",
            "charge": -0.6014065430977666,
            "dipole": [
                -0.020172281271469947,
                0.03717319819852933,
                -0.18764378386552125
            ],
            "quadrupole": [
                [
                    -4.4178264959659,
                    -4.298426345763213,
                    0.021388973237405913
                ],
                [
                    -4.298426345763213,
                    -0.00881437304927015,
                    -4.391188148500572
                ],
                [
                    0.021388973237405913,
                    -4.391188148500572,
                    0.011751643637667506
                ]
            ],
            "volume_eff": 25.47961849514673,
            "alpha_iso": 7.60165413667361,
            "c6_ii": 30.913863908514035,
            "c8_ii": 1344.1013469057239,
            "c10_ii": 56275.62483101304,
            "slater_b_init": 33.01390840338362
        },
        {
            "index": 5,
            "element": "O",
            "charge": -0.48543953762292347,
            "dipole": [
                0.011624279267562375,
                -0.013628145359588742,
                0.07082411687662293
            ],
            "quadrupole": [
                [
                    -4.110152370993314,
                    -4.065147867400501,
                    0.013348846782960284
                ],
                [
                    -4.065147867400501,
                    -0.0027032189077440603,
                    -4.1267730735687245
                ],
                [
                    0.013348846782960284,
                    -4.1267730735687245,
                    -0.002521710743130012
                ]
            ],
            "volume_eff": 23.240850304847246,
            "alpha_iso": 6.933734345092548,
            "c6_ii": 25.720030271115544,
            "c8_ii": 1051.7752070719519,
            "c10_ii": 41417.508193839174,
            "slater_b_init": 34.04164809541786
        },
        {
            "index": 6,
            "element": "C",
            "charge": 1.000700068803308,
            "dipole": [
                0.028089886372290724,
                -0.007079393081047344,
                0.05802738043001596
            ],
            "quadrupole": [
                [
                    -2.866254661316538,
                    -2.7359164295143787,
                    0.03328114975006212
                ],
                [
                    -2.7359164295143787,
                    -0.014449382710493086,
                    -2.886607914384135
                ],
                [
                    0.03328114975006212,
                    -2.886607914384135,
                    0.00022499850524387738
                ]
            ],
            "volume_eff": 18.919674169097753,
            "alpha_iso": 5.943353142124948,
            "c6_ii": 11.43105979344099,
            "c8_ii": 207.30090982952257,
            "c10_ii": 4710.102732204247,
            "slater_b_init": 44.2368927869276
        },
        {
            "index": 7,
            "element": "O",
            "charge": -0.5940818761091968,
            "dipole": [
                -0.033854680253386414,
                0.037436371595801786,
                -0.1719656415896537
            ],
            "quadrupole": [
                [
                    -4.385186509059991,
                    -4.287769864612397,
                    0.01648149849966321
                ],
                [
                    -4.287769864612397,
                    -0.011796892542173113,
                    -4.362223796764471
                ],
                [
                    0.01648149849966321,
                    -4.362223796764471,
                    -0.009608015734664702
                ]
            ],
            "volume_eff": 25.239855746750226,
            "alpha_iso": 7.530122708975206,
            "c6_ii": 30.334803463329756,
            "c8_ii": 1310.637357800674,
            "c10_ii": 54529.74712841679,
            "slater_b_init": 33.11811624604386
        },
        {
            "index": 8,
            "element": "O",
            "charge": -0.4337456840776248,
            "dipole": [
                -0.10404385248137339,
                0.009842170071092659,
                0.02629587696471595
            ],
            "quadrupole": [
                [
                    -4.058552900425611,
                    -4.099045080772711,
                    0.008743145596341113
                ],
                [
                    -4.099045080772711,
                    -0.012379855913289016,
                    -4.15153718730996
                ],
                [
                    0.008743145596341113,
                    -4.15153718730996,
                    -0.007476588453855084
                ]
            ],
            "volume_eff": 23.405166474614756,
            "alpha_iso": 6.9827568487800935,
            "c6_ii": 26.085004597506533,
            "c8_ii": 1071.7220977520747,
            "c10_ii": 42401.677367621676,
            "slater_b_init": 33.96179771302979
        },
        {
            "index": 9,
            "element": "C",
            "charge": 0.10975042341765295,
            "dipole": [
                0.12974342707129785,
                0.06500551484798374,
                0.054878437342376796
            ],
            "quadrupole": [
                [
                    -4.038971941724066,
                    -4.248020377151086,
                    -0.013460745938186369
                ],
                [
                    -4.248020377151086,
                    -0.0016389772409123179,
                    -4.1085331586929055
                ],
                [
                    -0.013460745938186369,
                    -4.1085331586929055,
                    0.04552423238168759
                ]
            ],
            "volume_eff": 29.761636406004058,
            "alpha_iso": 9.349205153718552,
            "c6_ii": 28.286082531211093,
            "c8_ii": 693.8244794309813,
            "c10_ii": 21322.635971982145,
            "slater_b_init": 38.0367640981096
        },
        {
            "index": 10,
            "element": "C",
            "charge": -0.5135034364653261,
            "dipole": [
                0.018334785207036405,
                -0.03672256227929266,
                0.00012369572664784004
            ],
            "quadrupole": [
                [
                    -5.180370253672718,
                    -5.260835257112672,
                    -0.012803066393864417
                ],
                [
                    -5.260835257112672,
                    0.02530040338226533,
                    -5.1775366901264555
                ],
                [
                    -0.012803066393864417,
                    -5.1775366901264555,
                    0.019920748219417486
                ]
            ],
            "volume_eff": 39.312029270363524,
            "alpha_iso": 12.349328566606342,
            "c6_ii": 49.35260894266371,
            "c8_ii": 1457.357277645693,
            "c10_ii": 53918.32746054078,
            "slater_b_init": 34.66682045200212
        },
        {
            "index": 11,
            "element": "H",
            "charge": 0.15046935123877203,
            "dipole": [
                -0.008086956017554546,
                -0.042787999628416604,
                0.017506950588304156
            ],
            "quadrupole": [
                [
                    -0.47733283605786003,
                    -0.488950519320793,
                    0.004289319499078758
                ],
                [
                    -0.488950519320793,
                    0.0025640342402467597,
                    -0.48295369156208035
                ],
                [
                    0.004289319499078758,
                    -0.48295369156208035,
                    0.004461650104826049
                ]
            ],
            "volume_eff": 2.7119802669497473,
            "alpha_iso": 0.8655256171116215,
            "c6_ii": 0.2404629560591084,
            "c8_ii": 1.5334400919008817,
            "c10_ii": 13.49663803736345,
            "slater_b_init": 69.29536507729038
        },
        {
            "index": 12,
            "element": "H",
            "charge": 0.1499881127347903,
            "dipole": [
                -0.012418090986701593,
                0.03162118077759542,
                0.0329497034847273
            ],
            "quadrupole": [
                [
                    -0.47738281141133493,
                    -0.486444849567881,
                    -0.004973347601121103
                ],
                [
                    -0.486444849567881,
                    -0.002870576793550582,
                    -0.4876910265416823
                ],
                [
                    -0.004973347601121103,
                    -0.4876910265416823,
                    0.004135909372512058
                ]
            ],
            "volume_eff": 2.717639402596682,
            "alpha_iso": 0.8673317242329837,
            "c6_ii": 0.24146755946154283,
            "c8_ii": 1.5419878854933244,
            "c10_ii": 13.590745683249997,
            "slater_b_init": 69.24723208024388
        },
        {
            "index": 13,
            "element": "H",
            "charge": 0.1565248736672823,
            "dipole": [
                0.03947906238265467,
                0.007361678845931357,
                -0.025426576866741435
            ],
            "quadrupole": [
                [
                    -0.47952363322036556,
                    -0.47966170363685107,
                    -0.0011950306868043713
                ],
                [
                    -0.47966170363685107,
                    -0.0012123522936593563,
                    -0.4724939494201883
                ],
                [
                    -0.0011950306868043713,
                    -0.4724939494201883,
                    0.006532367204591984
                ]
            ],
            "volume_eff": 2.667142295770486,
            "alpha_iso": 0.8512156263097297,
            "c6_ii": 0.23257739634963576,
            "c8_ii": 1.466760628862283,
            "c10_ii": 12.767067033940133,
            "slater_b_init": 69.6815228514851
        },
        {
            "index": 14,
            "element": "H",
            "charge": 0.09544055863533529,
            "dipole": [
                0.011546316963913601,
                -0.05302067551761184,
                -0.039421557480823294
            ],
            "quadrupole": [
                [
                    -0.5058685440316222,
                    -0.5245453178807259,
                    -0.004583787323766847
                ],
                [
                    -0.5245453178807259,
                    0.003491543634365657,
                    -0.5251188547895316
                ],
                [
                    -0.004583787323766847,
                    -0.5251188547895316,
                    -0.006419026838183712
                ]
            ],
            "volume_eff": 2.922373942154292,
            "alpha_iso": 0.9326725347300932,
            "c6_ii": 0.279220117074522,
            "c8_ii": 1.871535967893275,
            "c10_ii": 17.31369673208012,
            "slater_b_init": 67.59082799431008
        },
        {
            "index": 15,
            "element": "H",
            "charge": 0.09571651077515808,
            "dipole": [
                0.004805132888945196,
                0.06469517524752502,
                -0.015119096442371579
            ],
            "quadrupole": [
                [
                    -0.5053764830644832,
                    -0.5271840524195859,
                    0.0024669014866850296
                ],
                [
                    -0.5271840524195859,
                    0.0018645545479672391,
                    -0.5216884087976589
                ],
                [
                    0.0024669014866850296,
                    -0.5216884087976589,
                    -0.007304220804475937
                ]
            ],
            "volume_eff": 2.919722120380935,
            "alpha_iso": 0.9318262086322134,
            "c6_ii": 0.2787136069190249,
            "c8_ii": 1.8670106718976867,
            "c10_ii": 17.26138281135874,
            "slater_b_init": 67.6112848032231
        },
        {
            "index": 16,
            "element": "H",
            "charge": 0.09538590061193786,
            "dipole": [
                -0.033589610438984105,
                -0.02658997625859915,
                0.04949909418666221
            ],
            "quadrupole": [
                [
                    -0.4991768927249597,
                    -0.521968971226108,
                    0.002194780715443173
                ],
                [
                    -0.521968971226108,
                    -0.006047687152900544,
                    -0.5223955750221778
                ],
                [
                    0.002194780715443173,
                    -0.5223955750221778,
                    0.005953190807889633
                ]
            ],
            "volume_eff": 2.884758154040014,
            "alpha_iso": 0.9206674959702171,
            "c6_ii": 0.2720783282905903,
            "c8_ii": 1.807983678327861,
            "c10_ii": 16.581935273806128,
            "slater_b_init": 67.88334364608836
        },
        {
            "index": 17,
            "element": "H",
            "charge": 0.09972175030478436,
            "dipole": [
                -0.009761886809149387,
                -0.016671457907367283,
                -0.06713050506264977
            ],
            "quadrupole": [
                [
                    -0.5055719177161728,
                    -0.522455980265509,
                    -0.0008559243588703723
                ],
                [
                    -0.522455980265509,
                    -0.00789843692812411,
                    -0.5272364846644034
                ],
                [
                    -0.0008559243588703723,
                    -0.5272364846644034,
                    0.006873895159913012
                ]
            ],
            "volume_eff": 2.9284742408012883,
            "alpha_iso": 0.9346194385536026,
            "c6_ii": 0.28038704775282147,
            "c8_ii": 1.8819720475622572,
            "c10_ii": 17.434461768196957,
            "slater_b_init": 67.54386259659204
        },
        {
            "index": 18,
            "element": "H",
            "charge": 0.16251681751611669,
            "dipole": [
                0.02598931686627926,
                0.02350048401650718,
                -0.032165236311332814
            ],
            "quadrupole": [
                [
                    -0.4706986902618166,
                    -0.4688148565576077,
                    0.002756132351488355
                ],
                [
                    -0.4688148565576077,
                    -0.004782162668952912,
                    -0.47279587990097377
                ],
                [
                    0.002756132351488355,
                    -0.47279587990097377,
                    0.000837565982570125
                ]
            ],
            "volume_eff": 2.6260058725213153,
            "alpha_iso": 0.8380869805919092,
            "c6_ii": 0.22545845016023758,
            "c8_ii": 1.4072068089581324,
            "c10_ii": 12.122424653764314,
            "slater_b_init": 70.04349333902101
        },
        {
            "index": 19,
            "element": "H",
            "charge": 0.15138659597239656,
            "dipole": [
                0.011296463551928143,
                0.013266163074378074,
                0.04287410808455238
            ],
            "quadrupole": [
                [
                    -0.4828824692691327,
                    -0.47737779102058264,
                    -0.005779499284887045
                ],
                [
                    -0.47737779102058264,
                    -0.004773106207312352,
                    -0.48891544310447477
                ],
                [
                    -0.005779499284887045,
                    -0.48891544310447477,
                    0.0010326090820558294
                ]
            ],
            "volume_eff": 2.7128805587240965,
            "alpha_iso": 0.8658129442736479,
            "c6_ii": 0.24062263476872686,
            "c8_ii": 1.5347979439081139,
            "c10_ii": 13.511578680620078,
            "slater_b_init": 69.28769881650108
        },
        {
            "index": 20,
            "element": "H",
            "charge": 0.15830168286529944,
            "dipole": [
                -0.0446141549980464,
                -0.004339810918169276,
                -0.011195228271797501
            ],
            "quadrupole": [
                [
                    -0.4829877743688903,
                    -0.46681145275705416,
                    0.0012849739476537233
                ],
                [
                    -0.46681145275705416,
                    -0.0006305231578817931,
                    -0.4771216021794222
                ],
                [
                    0.0012849739476537233,
                    -0.4771216021794222,
                    -0.0011293602099703664
                ]
            ],
            "volume_eff": 2.656564691145636,
            "alpha_iso": 0.8478397950464797,
            "c6_ii": 0.23073629962562808,
            "c8_ii": 1.4512998023484964,
            "c10_ii": 12.599070433249398,
            "slater_b_init": 69.77388367462844
        }
    ]
}