{
    "molecule": "Sulf_481",
    "atoms": [
        {
            "index": 0,
            "element": "C",
            "charge": -0.42280303628103333,
            "dipole": [
                0.05214354898360331,
                0.00012611592448601055,
                -0.05698472338403102
            ],
            "quadrupole": [
                [
                    -5.086308236251934,
                    -5.040573505493957,
                    -0.010948906248929153
                ],
                [
                    -5.040573505493957,
                    -0.001723385796618787,
                    -5.107850331829655
                ],
                [
                    -0.010948906248929153,
                    -5.107850331829655,
                    0.029840141276629487
                ]
            ],
            "volume_eff": 38.349502631867175,
            "alpha_iso": 12.046964177549896,
            "c6_ii": 46.96546887996488,
            "c8_ii": 1364.1352439233704,
            "c10_ii": 49642.15843827482,
            "slater_b_init": 34.95445915294775
        },
        {
            "index": 1,
            "element": "C",
            "charge": -0.16745694640744269,
            "dipole": [
                0.003797420614088994,
                0.013271498420994517,
                0.06561618138717308
            ],
            "quadrupole": [
                [
                    -4.580721263392988,
                    -4.51923681889751,
                    -0.029605561997367427
                ],
                [
                    -4.51923681889751,
                    -0.016463276989254722,
                    -4.642856788376274
                ],
                [
                    -0.029605561997367427,
                    -4.642856788376274,
                    -0.016855426605791698
                ]
            ],
            "volume_eff": 33.71554210017876,
            "alpha_iso": 10.591269769689662,
            "c6_ii": 36.30107487903015,
            "c8_ii": 967.6356473190699,
            "c10_ii": 32316.081403528773,
            "slater_b_init": 36.48764072746103
        },
        {
            "index": 2,
            "element": "C",
            "charge": -0.16201780492369888,
            "dipole": [
                -0.004654752254498783,
                -0.01709896921945591,
                -0.07046164108232508
            ],
            "quadrupole": [
                [
                    -4.584941728562703,
                    -4.506794258601511,
                    -0.040676587293430086
                ],
                [
                    -4.506794258601511,
                    -0.026765240259996683,
                    -4.598633562240224
                ],
                [
                    -0.040676587293430086,
                    -4.598633562240224,
                    -0.038442388085052265
                ]
            ],
            "volume_eff": 33.570916931300026,
            "alpha_iso": 10.545837779465977,
            "c6_ii": 35.99031084958217,
            "c8_ii": 956.6065344568724,
            "c10_ii": 31856.315827530983,
            "slater_b_init": 36.53996251732051
        },
        {
            "index": 3,
            "element": "C",
            "charge": -0.5005003346998489,
            "dipole": [
                -0.10202634356856496,
                -0.008851097888858694,
                0.03928814107429528
            ],
            "quadrupole": [
                [
                    -5.252513289755979,
                    -5.1125688580669255,
                    -0.025802369228535283
                ],
                [
                    -5.1125688580669255,
                    -0.029220547265199133,
                    -5.218679055822085
                ],
                [
                    -0.025802369228535283,
                    -5.218679055822085,
                    -0.004753158119645756
                ]
            ],
            "volume_eff": 39.30271490230983,
            "alpha_iso": 12.346402587113035,
            "c6_ii": 49.32922506171617,
            "c8_ii": 1456.4366649803455,
            "c10_ii": 53875.75556022155,
            "slater_b_init": 34.669558804141126
        },
        {
            "index": 4,
            "element": "S",
            "charge": 1.237744916929012,
            "dipole": [
                0.07170441087201307,
                0.09267414081887376,
                -0.02268705710551821
            ],
            "quadrupole": [
                [
                    -7.6305956899654,
                    -7.585000202070013,
                    -0.04127031544690246
                ],
                [
                    -7.585000202070013,
                    -0.00399089297714891,
                    -7.603546834766541
                ],
                [
                    -0.04127031544690246,
                    -7.603546834766541,
                    -0.015259664046345356
                ]
            ],
            "volume_eff": 58.81979354779284,
            "alpha_iso": 15.330690871499199,
            "c6_ii": 81.98154692852151,
            "c8_ii": 2077.503378186377,
            "c10_ii": 52909.47231807636,
            "slater_b_init": 36.901472689239036
        },
        {
            "index": 5,
            "element": "O",
            "charge": -0.5991266266531916,
            "dipole": [
                0.10083736473395291,
                -0.007308631064805932,
                -0.1616998391366243
            ],
            "quadrupole": [
                [
                    -4.335273263721025,
                    -4.299418462816781,
                    -0.0014513446322947446
                ],
                [
                    -4.299418462816781,
                    0.0012433447220567865,
                    -4.3314627505830074
                ],
                [
                    -0.0014513446322947446,
                    -4.3314627505830074,
                    0.01599915877876907
                ]
            ],
            "volume_eff": 24.931928666392455,
            "alpha_iso": 7.438254961244157,
            "c6_ii": 29.59914729589107,
            "c8_ii": 1268.4301658854013,
            "c10_ii": 52343.59026023647,
            "slater_b_init": 33.25390286004182
        },
        {
            "index": 6,
            "element": "O",
            "charge": -0.5972419246220966,
            "dipole": [
                -0.004345224699734583,
                0.16931635069957368,
                0.07243706355373117
            ],
            "quadrupole": [
                [
                    -4.313811189215806,
                    -4.339847972968943,
                    -0.019787088076021902
                ],
                [
                    -4.339847972968943,
                    0.001239410895416829,
                    -4.309135830131025
                ],
                [
                    -0.019787088076021902,
                    -4.309135830131025,
                    0.0018697270813244078
                ]
            ],
            "volume_eff": 24.943186232865003,
            "alpha_iso": 7.441613572235967,
            "c6_ii": 29.625883261741773,
            "c8_ii": 1269.9580391768507,
            "c10_ii": 52422.41447696637,
            "slater_b_init": 33.24889929778627
        },
        {
            "index": 7,
            "element": "C",
            "charge": -0.784718620984032,
            "dipole": [
                -0.02365364298447344,
                -0.03916776358042008,
                0.02272645341635296
            ],
            "quadrupole": [
                [
                    -5.681786775102367,
                    -5.614035501586382,
                    0.06780404719655801
                ],
                [
                    -5.614035501586382,
                    0.004475480396427337,
                    -5.613599418018728
                ],
                [
                    0.06780404719655801,
                    -5.613599418018728,
                    -0.041919850473702974
                ]
            ],
            "volume_eff": 43.156195377604334,
            "alpha_iso": 13.55692001390712,
            "c6_ii": 59.47651208526358,
            "c8_ii": 1869.0167876749533,
            "c10_ii": 73586.02984289215,
            "slater_b_init": 33.60532618174218
        },
        {
            "index": 8,
            "element": "C",
            "charge": 0.9818435047300555,
            "dipole": [
                0.08324157374678336,
                0.01356460230446272,
                0.016394108761154193
            ],
            "quadrupole": [
                [
                    -3.0131757142212563,
                    -2.896408614723631,
                    -0.011385307096640858
                ],
                [
                    -2.896408614723631,
                    -0.01646068524544627,
                    -2.9033581654550646
                ],
                [
                    -0.011385307096640858,
                    -2.9033581654550646,
                    -0.023427815924492633
                ]
            ],
            "volume_eff": 20.104693791552787,
            "alpha_iso": 6.315610615147472,
            "c6_ii": 12.907856144477886,
            "c8_ii": 243.75752694801542,
            "c10_ii": 5767.35139788876,
            "slater_b_init": 43.350090755202814
        },
        {
            "index": 9,
            "element": "F",
            "charge": -0.2539871040966144,
            "dipole": [
                0.028896967469429772,
                -0.0061212625038836906,
                -0.07453212251331374
            ],
            "quadrupole": [
                [
                    -3.5465789838855746,
                    -3.577238120897858,
                    0.006930711255064829
                ],
                [
                    -3.577238120897858,
                    -0.008036450220569131,
                    -3.524765979575829
                ],
                [
                    0.006930711255064829,
                    -3.524765979575829,
                    -0.027132519191224728
                ]
            ],
            "volume_eff": 17.881424894404645,
            "alpha_iso": 5.615654099069228,
            "c6_ii": 20.7470861581533,
            "c8_ii": 906.6952041170522,
            "c10_ii": 36761.15730881417,
            "slater_b_init": 33.36143162684924
        },
        {
            "index": 10,
            "element": "F",
            "charge": -0.2499730662036228,
            "dipole": [
                -0.002706637742763122,
                0.07706689708280606,
                0.01904329925973725
            ],
            "quadrupole": [
                [
                    -3.5568949145665947,
                    -3.5082233743285056,
                    0.02117946595818703
                ],
                [
                    -3.5082233743285056,
                    0.008360785669422948,
                    -3.557655258010977
                ],
                [
                    0.02117946595818703,
                    -3.557655258010977,
                    0.00977789109647472
                ]
            ],
            "volume_eff": 17.807109614168567,
            "alpha_iso": 5.59231541601988,
            "c6_ii": 20.57499454753527,
            "c8_ii": 896.6813623787272,
            "c10_ii": 36254.35690572403,
            "slater_b_init": 33.40777684557844
        },
        {
            "index": 11,
            "element": "F",
            "charge": -0.2886773189504055,
            "dipole": [
                0.010176846533419649,
                -0.05000958502030592,
                0.04773932052645555
            ],
            "quadrupole": [
                [
                    -3.6138055969394287,
                    -3.6029810018688475,
                    -0.03257136108472214
                ],
                [
                    -3.6029810018688475,
                    -0.008200931981721895,
                    -3.6004905404219993
                ],
                [
                    -0.03257136108472214,
                    -3.6004905404219993,
                    0.016750709039135395
                ]
            ],
            "volume_eff": 18.311356199458466,
            "alpha_iso": 5.7506738477638155,
            "c6_ii": 21.75674322589125,
            "c8_ii": 965.9997622842162,
            "c10_ii": 39790.903600389574,
            "slater_b_init": 33.09826405979735
        },
        {
            "index": 12,
            "element": "H",
            "charge": 0.13778683217663135,
            "dipole": [
                -0.041038896619413213,
                -0.012900482094907097,
                -0.023946232549774345
            ],
            "quadrupole": [
                [
                    -0.5012916025421322,
                    -0.49738946539500595,
                    0.0008723677666790311
                ],
                [
                    -0.49738946539500595,
                    -0.0018616565959920749,
                    -0.48786110639332353
                ],
                [
                    0.0008723677666790311,
                    -0.48786110639332353,
                    -0.0037283400849925505
                ]
            ],
            "volume_eff": 2.794950122007817,
            "alpha_iso": 0.8920053580876011,
            "c6_ii": 0.25540138926273737,
            "c8_ii": 1.6617546851015448,
            "c10_ii": 14.922813917448071,
            "slater_b_init": 68.60277365738435
        },
        {
            "index": 13,
            "element": "H",
            "charge": 0.13656819883652527,
            "dipole": [
                0.0037252062249516875,
                0.04633480192136555,
                0.011552037948896003
            ],
            "quadrupole": [
                [
                    -0.49584764431714395,
                    -0.5041072944121394,
                    -0.005997984329870976
                ],
                [
                    -0.5041072944121394,
                    0.0011077981642719959,
                    -0.4953593115426395
                ],
                [
                    -0.005997984329870976,
                    -0.4953593115426395,
                    -0.005779142321673992
                ]
            ],
            "volume_eff": 2.824359391344999,
            "alpha_iso": 0.9013912951101061,
            "c6_ii": 0.2608044807334214,
            "c8_ii": 1.7087923961724694,
            "c10_ii": 15.452676478216704,
            "slater_b_init": 68.36382850021754
        },
        {
            "index": 14,
            "element": "H",
            "charge": 0.13098928360840334,
            "dipole": [
                0.0189148441071549,
                -0.03296753984395451,
                0.027822264591921858
            ],
            "quadrupole": [
                [
                    -0.5017203712533111,
                    -0.5078800793039558,
                    0.00558304478542948
                ],
                [
                    -0.5078800793039558,
                    -0.0010186633762687795,
                    -0.5073160604412233
                ],
                [
                    0.00558304478542948,
                    -0.5073160604412233,
                    -0.007808035371560748
                ]
            ],
            "volume_eff": 2.879034636312424,
            "alpha_iso": 0.9188408413763056,
            "c6_ii": 0.27099976279393884,
            "c8_ii": 1.7984337847896268,
            "c10_ii": 16.472524010643617,
            "slater_b_init": 67.9282978740442
        },
        {
            "index": 15,
            "element": "H",
            "charge": 0.1133282578998529,
            "dipole": [
                -0.01872776717492219,
                0.0408729210599194,
                -0.025901060442467868
            ],
            "quadrupole": [
                [
                    -0.49783942849883916,
                    -0.5142543181291291,
                    0.0056579638023511345
                ],
                [
                    -0.5142543181291291,
                    0.00313686372261372,
                    -0.5202668303232953
                ],
                [
                    0.0056579638023511345,
                    -0.5202668303232953,
                    -0.006042121315562808
                ]
            ],
            "volume_eff": 2.886979728360714,
            "alpha_iso": 0.9213765090512918,
            "c6_ii": 0.27249754885457,
            "c8_ii": 1.8116989736817881,
            "c10_ii": 16.624539781570995,
            "slater_b_init": 67.86592675984194
        },
        {
            "index": 16,
            "element": "H",
            "charge": 0.10664078617954464,
            "dipole": [
                -0.00035706971219101445,
                -0.05035065523179813,
                -0.007108220504060229
            ],
            "quadrupole": [
                [
                    -0.5051733454429614,
                    -0.5293502851399059,
                    -0.007653878087477785
                ],
                [
                    -0.5293502851399059,
                    0.002877753904153968,
                    -0.5222011617844252
                ],
                [
                    -0.007653878087477785,
                    -0.5222011617844252,
                    -0.0037691151023343168
                ]
            ],
            "volume_eff": 2.948190076790063,
            "alpha_iso": 0.9409117266351266,
            "c6_ii": 0.2841751458062577,
            "c8_ii": 1.915949362941132,
            "c10_ii": 17.828800164827374,
            "slater_b_init": 67.39296059937922
        },
        {
            "index": 17,
            "element": "H",
            "charge": 0.14220912178881995,
            "dipole": [
                -0.0036322773673310373,
                0.053157502586702834,
                0.011025596442451196
            ],
            "quadrupole": [
                [
                    -0.4715764239322843,
                    -0.486560430939491,
                    -0.005161194518757391
                ],
                [
                    -0.486560430939491,
                    0.0013818257231474971,
                    -0.4812139106634347
                ],
                [
                    -0.005161194518757391,
                    -0.4812139106634347,
                    -0.004723452649336936
                ]
            ],
            "volume_eff": 2.669479076145805,
            "alpha_iso": 0.8519614072805761,
            "c6_ii": 0.23298511391213572,
            "c8_ii": 1.47019001759603,
            "c10_ii": 12.80439079995572,
            "slater_b_init": 69.66118455752698
        },
        {
            "index": 18,
            "element": "H",
            "charge": 0.10886549409810631,
            "dipole": [
                0.010789948464774428,
                -0.039180084880947916,
                0.029128469614092812
            ],
            "quadrupole": [
                [
                    -0.4997759760123266,
                    -0.5178849632249297,
                    0.005093646215774765
                ],
                [
                    -0.5178849632249297,
                    0.0013907627859499542,
                    -0.5207463907963576
                ],
                [
                    0.005093646215774765,
                    -0.5207463907963576,
                    -0.007921123489715137
                ]
            ],
            "volume_eff": 2.8956302736097803,
            "alpha_iso": 0.9241373213648235,
            "c6_ii": 0.2741330186076929,
            "c8_ii": 1.8262113429337457,
            "c10_ii": 16.791166905756146,
            "slater_b_init": 67.79827737001771
        },
        {
            "index": 19,
            "element": "H",
            "charge": 0.22119200922739113,
            "dipole": [
                -0.01874600613776182,
                0.03153580786328934,
                -0.027616995152828706
            ],
            "quadrupole": [
                [
                    -0.40135702001838086,
                    -0.4033637493497846,
                    0.002778666453136841
                ],
                [
                    -0.4033637493497846,
                    0.003441483841598977,
                    -0.40700325385889713
                ],
                [
                    0.002778666453136841,
                    -0.40700325385889713,
                    -0.007342470174725478
                ]
            ],
            "volume_eff": 2.1544592262355207,
            "alpha_iso": 0.6875933700751662,
            "c6_ii": 0.151758033417956,
            "c8_ii": 0.8301148025063738,
            "c10_ii": 6.267073403412304,
            "slater_b_init": 74.82044193816881
        },
        {
            "index": 20,
            "element": "H",
            "charge": 0.19288401513801934,
            "dipole": [
                -0.001165264481705056,
                -0.04257149314914917,
                -0.01354726778473036
            ],
            "quadrupole": [
                [
                    -0.42496821711645666,
                    -0.44002699266524353,
                    -0.00430907760635363
                ],
                [
                    -0.44002699266524353,
                    -0.0024488209641299256,
                    -0.43007343157837846
                ],
                [
                    -0.00430907760635363,
                    -0.43007343157837846,
                    -0.00497679798195481
                ]
            ],
            "volume_eff": 2.3452072949529144,
            "alpha_iso": 0.748470413282845,
            "c6_ii": 0.1798198388710446,
            "c8_ii": 1.0408449603146714,
            "c10_ii": 8.31523712205541,
            "slater_b_init": 72.73430333193494
        },
        {
            "index": 21,
            "element": "H",
            "charge": 0.26397644978024704,
            "dipole": [
                -0.006214382831288991,
                -0.03541540948130784,
                -0.019109012881943114
            ],
            "quadrupole": [
                [
                    -0.3604549427077088,
                    -0.3689925406133733,
                    -0.0017381575885092075
                ],
                [
                    -0.3689925406133733,
                    -0.0015071267828270186,
                    -0.3611574552053377
                ],
                [
                    -0.0017381575885092075,
                    -0.3611574552053377,
                    0.0010470536627669158
                ]
            ],
            "volume_eff": 1.8883451839167946,
            "alpha_iso": 0.6026633565691898,
            "c6_ii": 0.11658371796459632,
            "c8_ii": 0.5840541397208954,
            "c10_ii": 4.038391943317802,
            "slater_b_init": 78.1818423895742
        },
        {
            "index": 22,
            "element": "H",
            "charge": 0.26315509210505716,
            "dipole": [
                -0.021189048510180924,
                0.0076165592071052975,
                0.03362723155651502
            ],
            "quadrupole": [
                [
                    -0.3674954783872619,
                    -0.36365015114981086,
                    0.000912982766607778
                ],
                [
                    -0.36365015114981086,
                    -0.001938687409850373,
                    -0.36865604970357596
                ],
                [
                    0.000912982766607778,
                    -0.36865604970357596,
                    0.004308452115349886
                ]
            ],
            "volume_eff": 1.9165979234684074,
            "alpha_iso": 0.6116801883409811,
            "c6_ii": 0.12009838238309027,
            "c8_ii": 0.6076480595113006,
            "c10_ii": 4.243334104292544,
            "slater_b_init": 77.79577730413133
        }
    ]
}