{
    "molecule": "G3",
    "atoms": [
        {
            "index": 0,
            "element": "C",
            "charge": -0.09603889662832366,
            "dipole": [
                0.13702661870272706,
                -0.07596339956758019,
                0.0016386385783001922
            ],
            "quadrupole": [
                [
                    -4.4788954549332916,
                    -4.542930568791875,
                    -0.018646930358488006
                ],
                [
                    -4.542930568791875,
                    -0.041070159697630115,
                    -4.574029544526408
                ],
                [
                    -0.018646930358488006,
                    -4.574029544526408,
                    -0.0076855160689958055
                ]
            ],
            "volume_eff": 33.54505307203028,
            "alpha_iso": 10.537713006920505,
            "c6_ii": 35.93487657219393,
            "c8_ii": 954.6424808699898,
            "c10_ii": 31774.57970702576,
            "slater_b_init": 36.54935110151115
        },
        {
            "index": 1,
            "element": "O",
            "charge": -0.3439101389953265,
            "dipole": [
                -0.0251420590300284,
                0.06674993173750149,
                0.05192770498773485
            ],
            "quadrupole": [
                [
                    -3.962033864745202,
                    -4.094016934916432,
                    -0.007062860772185131
                ],
                [
                    -4.094016934916432,
                    -0.0114332060286038,
                    -4.036001612274357
                ],
                [
                    -0.007062860772185131,
                    -4.036001612274357,
                    0.07213524887324767
                ]
            ],
            "volume_eff": 22.978745016250503,
            "alpha_iso": 6.855537187168658,
            "c6_ii": 25.143171671624714,
            "c8_ii": 1020.4405532487359,
            "c10_ii": 39880.89923750596,
            "slater_b_init": 34.170590222289555
        },
        {
            "index": 2,
            "element": "C",
            "charge": 0.008391295603807691,
            "dipole": [
                -0.039004237055242356,
                -0.049745324206901864,
                -0.1413100237322345
            ],
            "quadrupole": [
                [
                    -4.38648295915936,
                    -4.378404712622615,
                    -0.011280442776914909
                ],
                [
                    -4.378404712622615,
                    0.07437392845870243,
                    -4.302376016000686
                ],
                [
                    -0.011280442776914909,
                    -4.302376016000686,
                    0.026341654467096815
                ]
            ],
            "volume_eff": 32.06243038848541,
            "alpha_iso": 10.071967661304317,
            "c6_ii": 32.82857790124149,
            "c8_ii": 846.2304324416062,
            "c10_ii": 27330.00233652683,
            "slater_b_init": 37.10425239131948
        },
        {
            "index": 3,
            "element": "C",
            "charge": 0.005610268368629434,
            "dipole": [
                0.06330174178808835,
                0.08382356319633827,
                -0.11231374954348836
            ],
            "quadrupole": [
                [
                    -4.365067927570488,
                    -4.388792168216127,
                    0.001379006998575774
                ],
                [
                    -4.388792168216127,
                    0.08416478339229837,
                    -4.312379979808025
                ],
                [
                    0.001379006998575774,
                    -4.312379979808025,
                    -0.015029726778357191
                ]
            ],
            "volume_eff": 32.01808372152352,
            "alpha_iso": 10.05803677115922,
            "c6_ii": 32.737827999677634,
            "c8_ii": 843.1128265840543,
            "c10_ii": 27204.201936576017,
            "slater_b_init": 37.12137491125576
        },
        {
            "index": 4,
            "element": "O",
            "charge": -0.34919217478141107,
            "dipole": [
                0.017736482816880565,
                -0.0768543522285715,
                0.03945368382911845
            ],
            "quadrupole": [
                [
                    -3.94522575083229,
                    -4.106650694159116,
                    -0.008807618719454026
                ],
                [
                    -4.106650694159116,
                    0.002436511305272889,
                    -4.062777535125014
                ],
                [
                    -0.008807618719454026,
                    -4.062777535125014,
                    -0.04911034727689326
                ]
            ],
            "volume_eff": 23.050494530715312,
            "alpha_iso": 6.876943119660923,
            "c6_ii": 25.300432375459753,
            "c8_ii": 1028.9593540189746,
            "c10_ii": 40297.49775915024,
            "slater_b_init": 34.13509898807535
        },
        {
            "index": 5,
            "element": "C",
            "charge": -0.01092696143889249,
            "dipole": [
                -0.11179275730711434,
                0.07094804497832709,
                0.02849812670267395
            ],
            "quadrupole": [
                [
                    -4.320501441395636,
                    -4.372651638327591,
                    -0.03282936003728529
                ],
                [
                    -4.372651638327591,
                    -0.048735053642880145,
                    -4.449094988385238
                ],
                [
                    -0.03282936003728529,
                    -4.449094988385238,
                    -0.03089842246784238
                ]
            ],
            "volume_eff": 32.216660190948595,
            "alpha_iso": 10.120416813910552,
            "c6_ii": 33.14516791880144,
            "c8_ii": 857.1289771925242,
            "c10_ii": 27770.68494679931,
            "slater_b_init": 37.04494831601178
        },
        {
            "index": 6,
            "element": "C",
            "charge": -0.0038840847867085415,
            "dipole": [
                0.11442193067746177,
                -0.07181692075127163,
                -0.032490588593920136
            ],
            "quadrupole": [
                [
                    -4.312069647821422,
                    -4.3587367547852605,
                    -0.03680402917618578
                ],
                [
                    -4.3587367547852605,
                    -0.04587827591401752,
                    -4.436945724014111
                ],
                [
                    -0.03680402917618578,
                    -4.436945724014111,
                    -0.036685308065106975
                ]
            ],
            "volume_eff": 32.12224060691108,
            "alpha_iso": 10.090756211595101,
            "c6_ii": 32.95117096498599,
            "c8_ii": 850.4465352988198,
            "c10_ii": 27500.31317548115,
            "slater_b_init": 37.08120924754177
        },
        {
            "index": 7,
            "element": "O",
            "charge": -0.34953908880061846,
            "dipole": [
                -0.02472402266742434,
                0.07842123727625198,
                -0.056039106672491006
            ],
            "quadrupole": [
                [
                    -3.961758687355485,
                    -4.096942777592696,
                    -0.0055741701860795015
                ],
                [
                    -4.096942777592696,
                    8.935757554231908e-05,
                    -4.0607011912024475
                ],
                [
                    -0.0055741701860795015,
                    -4.0607011912024475,
                    -0.05248528555333848
                ]
            ],
            "volume_eff": 23.04320252808256,
            "alpha_iso": 6.8747676050633055,
            "c6_ii": 25.284427370665103,
            "c8_ii": 1028.091555261886,
            "c10_ii": 40255.01985302734,
            "slater_b_init": 34.13869928307012
        },
        {
            "index": 8,
            "element": "C",
            "charge": -0.08390035656496586,
            "dipole": [
                -0.09794097891550811,
                -0.08077512831465448,
                0.10233629035902547
            ],
            "quadrupole": [
                [
                    -4.4819354426194105,
                    -4.514397691339413,
                    -0.028191922152679003
                ],
                [
                    -4.514397691339413,
                    0.04221712235575024,
                    -4.485005061253984
                ],
                [
                    -0.028191922152679003,
                    -4.485005061253984,
                    -0.03116547112978047
                ]
            ],
            "volume_eff": 33.11719283158409,
            "alpha_iso": 10.40330664866516,
            "c6_ii": 35.024038735688116,
            "c8_ii": 922.5165771814526,
            "c10_ii": 30443.64107989601,
            "slater_b_init": 36.70607883658875
        },
        {
            "index": 9,
            "element": "H",
            "charge": 0.07811568791713008,
            "dipole": [
                0.01719703314308151,
                0.054938850065914584,
                -0.009269265307001827
            ],
            "quadrupole": [
                [
                    -0.5360748661979924,
                    -0.5666694101117993,
                    -0.0041402598755732505
                ],
                [
                    -0.5666694101117993,
                    -0.008782602067563035,
                    -0.5622278899350701
                ],
                [
                    -0.0041402598755732505,
                    -0.5622278899350701,
                    -0.000678525840435555
                ]
            ],
            "volume_eff": 3.2265902065350054,
            "alpha_iso": 1.0297628318728742,
            "c6_ii": 0.34037899676022065,
            "c8_ii": 2.437172355653758,
            "c10_ii": 24.085179529312082,
            "slater_b_init": 65.39608632645256
        },
        {
            "index": 10,
            "element": "H",
            "charge": 0.0734281957009284,
            "dipole": [
                -0.027869095031852472,
                -0.021417509363733583,
                0.04559975453136771
            ],
            "quadrupole": [
                [
                    -0.5511746424940727,
                    -0.5585558578972278,
                    -0.0035069890911589518
                ],
                [
                    -0.5585558578972278,
                    -0.012167192306960133,
                    -0.574858348495463
                ],
                [
                    -0.0035069890911589518,
                    -0.574858348495463,
                    0.008289357210032
                ]
            ],
            "volume_eff": 3.279370290682455,
            "alpha_iso": 1.046607539579507,
            "c6_ii": 0.3516058134508815,
            "c8_ii": 2.5449385535558293,
            "c10_ii": 25.42369734377327,
            "slater_b_init": 65.04334627680424
        },
        {
            "index": 11,
            "element": "H",
            "charge": 0.1113084257290391,
            "dipole": [
                -0.01851954713268848,
                -0.025044192565542734,
                -0.05158797116809744
            ],
            "quadrupole": [
                [
                    -0.4980502617778386,
                    -0.508823990009329,
                    0.0005656607538038787
                ],
                [
                    -0.508823990009329,
                    -0.010803543310454836,
                    -0.5151987062894494
                ],
                [
                    0.0005656607538038787,
                    -0.5151987062894494,
                    -0.0012192305129757356
                ]
            ],
            "volume_eff": 2.849524685788061,
            "alpha_iso": 0.9094227720600196,
            "c6_ii": 0.2654727683564764,
            "c8_ii": 1.7496957747590465,
            "c10_ii": 15.91641530059338,
            "slater_b_init": 68.16198368269922
        },
        {
            "index": 12,
            "element": "H",
            "charge": 0.07566287398577731,
            "dipole": [
                -0.03163036101578472,
                -0.03070670082757815,
                0.03876459631609151
            ],
            "quadrupole": [
                [
                    -0.5507946021320861,
                    -0.5507652503353574,
                    0.004608509147365618
                ],
                [
                    -0.5507652503353574,
                    0.0010239675013841959,
                    -0.5526336509702557
                ],
                [
                    0.004608509147365618,
                    -0.5526336509702557,
                    0.017326097704882134
                ]
            ],
            "volume_eff": 3.1941371396554756,
            "alpha_iso": 1.0194054701028112,
            "c6_ii": 0.3335663620291837,
            "c8_ii": 2.3723507677163056,
            "c10_ii": 23.287116297845333,
            "slater_b_init": 65.61681951083906
        },
        {
            "index": 13,
            "element": "H",
            "charge": 0.09269472917956345,
            "dipole": [
                0.013304599477786873,
                0.05531638414886366,
                -0.013899081961598853
            ],
            "quadrupole": [
                [
                    -0.5264387744054004,
                    -0.5503588449414334,
                    0.0020235452997202194
                ],
                [
                    -0.5503588449414334,
                    0.0016146388274128195,
                    -0.5223176290036864
                ],
                [
                    0.0020235452997202194,
                    -0.5223176290036864,
                    0.010440200133301897
                ]
            ],
            "volume_eff": 3.064759286578092,
            "alpha_iso": 0.9781146659291783,
            "c6_ii": 0.30709155299196855,
            "c8_ii": 2.1246777296752253,
            "c10_ii": 20.288895994183303,
            "slater_b_init": 66.52745435255314
        },
        {
            "index": 14,
            "element": "H",
            "charge": 0.09519893011607172,
            "dipole": [
                -0.011968987643519,
                -0.05018858052533904,
                -0.02926735667049924
            ],
            "quadrupole": [
                [
                    -0.5215531589483295,
                    -0.5434096569281951,
                    -0.007844174579506398
                ],
                [
                    -0.5434096569281951,
                    0.005901636851406361,
                    -0.5255305144085555
                ],
                [
                    -0.007844174579506398,
                    -0.5255305144085555,
                    -0.009506560502950248
                ]
            ],
            "volume_eff": 3.0408839934250853,
            "alpha_iso": 0.9704948915186442,
            "c6_ii": 0.3023255394575112,
            "c8_ii": 2.080825621779175,
            "c10_ii": 19.766814749398932,
            "slater_b_init": 66.70111257645387
        },
        {
            "index": 15,
            "element": "H",
            "charge": 0.07722573841360059,
            "dipole": [
                0.02652255260468272,
                0.018162725748933368,
                0.05016045210207306
            ],
            "quadrupole": [
                [
                    -0.5337172814356721,
                    -0.5430038681638646,
                    -0.0016721215074689444
                ],
                [
                    -0.5430038681638646,
                    0.004938711562189914,
                    -0.5528013166247797
                ],
                [
                    -0.0016721215074689444,
                    -0.5528013166247797,
                    -0.011695215641958186
                ]
            ],
            "volume_eff": 3.113975111585853,
            "alpha_iso": 0.9938218441231446,
            "c6_ii": 0.31703368276869787,
            "c8_ii": 2.216884731982174,
            "c10_ii": 21.39542777507976,
            "slater_b_init": 66.17510663960806
        },
        {
            "index": 16,
            "element": "H",
            "charge": 0.09786376211009418,
            "dipole": [
                0.01843080782168178,
                0.027872924032806584,
                -0.04637274338790791
            ],
            "quadrupole": [
                [
                    -0.5036920495057301,
                    -0.5179119729567445,
                    0.0015917942631426898
                ],
                [
                    -0.5179119729567445,
                    -0.008321634837991664,
                    -0.5267516237479801
                ],
                [
                    0.0015917942631426898,
                    -0.5267516237479801,
                    0.005479923384641504
                ]
            ],
            "volume_eff": 2.910220076427347,
            "alpha_iso": 0.928793641412983,
            "c6_ii": 0.2769024485994928,
            "c8_ii": 1.8508517462451148,
            "c10_ii": 17.074839297687618,
            "slater_b_init": 67.68478983503157
        },
        {
            "index": 17,
            "element": "H",
            "charge": 0.08401448803683831,
            "dipole": [
                -0.0074799388365292385,
                -0.05573064560035087,
                -0.003279599215072636
            ],
            "quadrupole": [
                [
                    -0.5278566053791275,
                    -0.5582041106517673,
                    -0.0001709407463701141
                ],
                [
                    -0.5582041106517673,
                    -0.009028483683749994,
                    -0.5450571741598894
                ],
                [
                    -0.0001709407463701141,
                    -0.5450571741598894,
                    0.004618013584115396
                ]
            ],
            "volume_eff": 3.1393236288981803,
            "alpha_iso": 1.001911796456866,
            "c6_ii": 0.32221615364030914,
            "c8_ii": 2.265334384206055,
            "c10_ii": 21.981507836497887,
            "slater_b_init": 65.99651445029818
        },
        {
            "index": 18,
            "element": "H",
            "charge": 0.09366204974611625,
            "dipole": [
                -0.01872075073707338,
                -0.028229021728554474,
                0.04628909111312558
            ],
            "quadrupole": [
                [
                    -0.5096518797145364,
                    -0.5230546128773605,
                    0.0015171955852807683
                ],
                [
                    -0.5230546128773605,
                    -0.008523511325685584,
                    -0.5321836395711018
                ],
                [
                    0.0015171955852807683,
                    -0.5321836395711018,
                    0.0057350256391297755
                ]
            ],
            "volume_eff": 2.9527886546081685,
            "alpha_iso": 0.9423793578536708,
            "c6_ii": 0.28506234823242127,
            "c8_ii": 1.92392903709082,
            "c10_ii": 17.921666661907967,
            "slater_b_init": 67.35795721427229
        },
        {
            "index": 19,
            "element": "H",
            "charge": 0.08114209796276195,
            "dipole": [
                0.00844027143904026,
                0.055410652035801956,
                0.0009869001280539557
            ],
            "quadrupole": [
                [
                    -0.5309380225387356,
                    -0.5621751115650991,
                    -0.0010233968857430882
                ],
                [
                    -0.5621751115650991,
                    -0.008991948989071364,
                    -0.5482415220708087
                ],
                [
                    -0.0010233968857430882,
                    -0.5482415220708087,
                    0.0037185845173995907
                ]
            ],
            "volume_eff": 3.1659936731000835,
            "alpha_iso": 1.010423512691516,
            "c6_ii": 0.3277141672839064,
            "c8_ii": 2.3170186365039735,
            "c10_ii": 22.610178572660796,
            "slater_b_init": 65.81067541707074
        },
        {
            "index": 20,
            "element": "H",
            "charge": 0.07567117380273714,
            "dipole": [
                0.008396078331743063,
                0.05141244921209554,
                0.027489095035460372
            ],
            "quadrupole": [
                [
                    -0.5565478420102267,
                    -0.5695635370347527,
                    -0.007758834784924005
                ],
                [
                    -0.5695635370347527,
                    0.008169957832209945,
                    -0.5485110628575667
                ],
                [
                    -0.007758834784924005,
                    -0.5485110628575667,
                    -0.011525276251253583
                ]
            ],
            "volume_eff": 3.249725419280936,
            "alpha_iso": 1.0371464104088093,
            "c6_ii": 0.34527764928667704,
            "c8_ii": 2.484051105354366,
            "c10_ii": 24.665660059582073,
            "slater_b_init": 65.2405288826019
        },
        {
            "index": 21,
            "element": "H",
            "charge": 0.07687116234675395,
            "dipole": [
                -0.030581254972218464,
                -0.00902169379566472,
                -0.050274653161043036
            ],
            "quadrupole": [
                [
                    -0.5430710582490246,
                    -0.5516064327340532,
                    -0.004417820073574478
                ],
                [
                    -0.5516064327340532,
                    0.010905974782820845,
                    -0.5560868509025573
                ],
                [
                    -0.004417820073574478,
                    -0.5560868509025573,
                    -0.010045465822054575
                ]
            ],
            "volume_eff": 3.173814224923871,
            "alpha_iso": 1.0129194334863418,
            "c6_ii": 0.32933518823569863,
            "c8_ii": 2.332312569072189,
            "c10_ii": 22.796885848855275,
            "slater_b_init": 65.7565765656594
        },
        {
            "index": 22,
            "element": "H",
            "charge": 0.10793486689666454,
            "dipole": [
                0.049244203721602306,
                -0.03544289486339239,
                0.005907134270707083
            ],
            "quadrupole": [
                [
                    -0.5137030197897348,
                    -0.5115675479302796,
                    -0.009445886648602023
                ],
                [
                    -0.5115675479302796,
                    0.006228894256165511,
                    -0.5093964662414945
                ],
                [
                    -0.009445886648602023,
                    -0.5093964662414945,
                    -0.008290370375193775
                ]
            ],
            "volume_eff": 2.880803318688808,
            "alpha_iso": 0.9194053144751516,
            "c6_ii": 0.2713328325853575,
            "c8_ii": 1.801381519877267,
            "c10_ii": 16.50628017512614,
            "slater_b_init": 67.91439339833941
        }
    ]
}