{
    "molecule": "Sulf_457",
    "atoms": [
        {
            "index": 0,
            "element": "C",
            "charge": -0.22495606587717099,
            "dipole": [
                0.11745148479850694,
                0.010564867523393225,
                0.012642742366729886
            ],
            "quadrupole": [
                [
                    -4.902275790227681,
                    -4.593346597598108,
                    -0.024160463535263237
                ],
                [
                    -4.593346597598108,
                    -0.1080600238996485,
                    -4.617719110388587
                ],
                [
                    -0.024160463535263237,
                    -4.617719110388587,
                    -0.027457863422651836
                ]
            ],
            "volume_eff": 34.57095457236636,
            "alpha_iso": 10.85998572953917,
            "c6_ii": 38.16646469537514,
            "c8_ii": 1034.4951475739679,
            "c10_ii": 35130.913418578515,
            "slater_b_init": 36.18417775148336
        },
        {
            "index": 1,
            "element": "C",
            "charge": -0.20604958624145908,
            "dipole": [
                -0.06529368295173178,
                -0.07872637251299378,
                -0.005337500752739478
            ],
            "quadrupole": [
                [
                    -4.97116395398891,
                    -4.541164665694288,
                    -0.02416076379343447
                ],
                [
                    -4.541164665694288,
                    -0.16834888108258497,
                    -4.468976660714798
                ],
                [
                    -0.02416076379343447,
                    -4.468976660714798,
                    -0.05455181428840456
                ]
            ],
            "volume_eff": 34.27793889698643,
            "alpha_iso": 10.767938920519295,
            "c6_ii": 37.52222569843887,
            "c8_ii": 1011.2782531862664,
            "c10_ii": 34148.15189891979,
            "slater_b_init": 36.28698890180694
        },
        {
            "index": 2,
            "element": "S",
            "charge": 1.2408108118187968,
            "dipole": [
                -0.013149313376398124,
                -0.11986099415935769,
                0.028038885374130348
            ],
            "quadrupole": [
                [
                    -7.491645296478544,
                    -7.498843801134577,
                    0.020909243314580585
                ],
                [
                    -7.498843801134577,
                    0.024699262611966342,
                    -7.558746019871307
                ],
                [
                    0.020909243314580585,
                    -7.558746019871307,
                    -0.009756882624302814
                ]
            ],
            "volume_eff": 57.30238329730388,
            "alpha_iso": 14.935195646637714,
            "c6_ii": 77.80625064152534,
            "c8_ii": 1937.639193961525,
            "c10_ii": 48495.04818822325,
            "slater_b_init": 37.22436535535714
        },
        {
            "index": 3,
            "element": "O",
            "charge": -0.5694480513309053,
            "dipole": [
                0.016294206744363812,
                -0.07404019830799317,
                0.1842289070813654
            ],
            "quadrupole": [
                [
                    -4.258319680951489,
                    -4.25780484267711,
                    0.02989947893109197
                ],
                [
                    -4.25780484267711,
                    -0.007044234557110254,
                    -4.295658901786394
                ],
                [
                    0.02989947893109197,
                    -4.295658901786394,
                    0.03017780145522313
                ]
            ],
            "volume_eff": 24.502188428431186,
            "alpha_iso": 7.310045166493282,
            "c6_ii": 28.587567258034284,
            "c8_ii": 1210.9621282664118,
            "c10_ii": 49396.196183419874,
            "slater_b_init": 33.4471889724361
        },
        {
            "index": 4,
            "element": "O",
            "charge": -0.5738517402307277,
            "dipole": [
                0.07228147934658313,
                -0.11348871911363331,
                -0.15271339619377244
            ],
            "quadrupole": [
                [
                    -4.252030233949379,
                    -4.291455414644745,
                    -0.03494393219568643
                ],
                [
                    -4.291455414644745,
                    0.0023435772996082036,
                    -4.290197603454387
                ],
                [
                    -0.03494393219568643,
                    -4.290197603454387,
                    -0.014782050131050339
                ]
            ],
            "volume_eff": 24.55259039386802,
            "alpha_iso": 7.3250822169551,
            "c6_ii": 28.705299724566824,
            "c8_ii": 1217.6161782667643,
            "c10_ii": 49735.70949392404,
            "slater_b_init": 33.424286311905924
        },
        {
            "index": 5,
            "element": "C",
            "charge": -0.4501999443211737,
            "dipole": [
                -0.039996459855848605,
                0.11088481194156356,
                0.061390687478808645
            ],
            "quadrupole": [
                [
                    -5.016189811823215,
                    -5.0668969384514995,
                    -0.04241048702135352
                ],
                [
                    -5.0668969384514995,
                    0.05621909223672432,
                    -5.062769095824106
                ],
                [
                    -0.04241048702135352,
                    -5.062769095824106,
                    -0.030466096973465247
                ]
            ],
            "volume_eff": 37.622698283387955,
            "alpha_iso": 11.818648675409829,
            "c6_ii": 45.2021477326036,
            "c8_ii": 1296.2774716349509,
            "c10_ii": 46574.83619287351,
            "slater_b_init": 35.17811130858566
        },
        {
            "index": 6,
            "element": "C",
            "charge": -0.3671005597161088,
            "dipole": [
                0.001919875974785632,
                -0.06843096835458838,
                -0.08015552665327083
            ],
            "quadrupole": [
                [
                    -4.876328789641587,
                    -4.921611284466034,
                    -0.027911721219165537
                ],
                [
                    -4.921611284466034,
                    0.009760634486877114,
                    -4.899751915454328
                ],
                [
                    -0.027911721219165537,
                    -4.899751915454328,
                    0.01131767712899164
                ]
            ],
            "volume_eff": 36.35576383046953,
            "alpha_iso": 11.420658794911892,
            "c6_ii": 42.20906558775419,
            "c8_ii": 1183.1147357173065,
            "c10_ii": 41549.17920716306,
            "slater_b_init": 35.582086201459084
        },
        {
            "index": 7,
            "element": "H",
            "charge": 0.2572681425650498,
            "dipole": [
                0.05766518515448799,
                0.020237692953658647,
                0.00673955334820196
            ],
            "quadrupole": [
                [
                    -0.36281037720767406,
                    -0.3727442648039085,
                    0.00020337775736270017
                ],
                [
                    -0.3727442648039085,
                    0.004669383537850847,
                    -0.37752624348188313
                ],
                [
                    0.00020337775736270017,
                    -0.37752624348188313,
                    0.0020172242097949004
                ]
            ],
            "volume_eff": 1.928620536456798,
            "alpha_iso": 0.6155171924862122,
            "c6_ii": 0.12160983667159048,
            "c8_ii": 0.6178658306403583,
            "c10_ii": 4.332711847469042,
            "slater_b_init": 77.63378608310626
        },
        {
            "index": 8,
            "element": "H",
            "charge": 0.21373014346514152,
            "dipole": [
                0.018258696307057835,
                0.028613129938288642,
                -0.03582935806600908
            ],
            "quadrupole": [
                [
                    -0.4052593339819277,
                    -0.4035072982927553,
                    0.006420554470073745
                ],
                [
                    -0.4035072982927553,
                    -0.0029088207021097574,
                    -0.410837011806311
                ],
                [
                    0.006420554470073745,
                    -0.410837011806311,
                    -0.0008286416217168947
                ]
            ],
            "volume_eff": 2.1591254614435473,
            "alpha_iso": 0.6890825940777279,
            "c6_ii": 0.1524161155306563,
            "c8_ii": 0.8349178707197761,
            "c10_ii": 6.312432973467751,
            "slater_b_init": 74.76650318710222
        },
        {
            "index": 9,
            "element": "H",
            "charge": 0.21342452538181444,
            "dipole": [
                -0.048585421207812785,
                -0.01042737296694994,
                -9.781517537633887e-05
            ],
            "quadrupole": [
                [
                    -0.415383351356086,
                    -0.40270121161131656,
                    0.002060754957517651
                ],
                [
                    -0.40270121161131656,
                    -0.003100540454374785,
                    -0.40768688531561004
                ],
                [
                    0.002060754957517651,
                    -0.40768688531561004,
                    -0.0033396324891976016
                ]
            ],
            "volume_eff": 2.1724664897770025,
            "alpha_iso": 0.6933403690777669,
            "c6_ii": 0.15430546360759556,
            "c8_ii": 0.8487458096320962,
            "c10_ii": 6.443385828225721,
            "slater_b_init": 74.61314281263193
        },
        {
            "index": 10,
            "element": "H",
            "charge": 0.15984688777048173,
            "dipole": [
                -0.016305402270184104,
                -0.030567261593821032,
                0.04067393152364021
            ],
            "quadrupole": [
                [
                    -0.47341004848689316,
                    -0.46586383064528614,
                    0.006031913796053615
                ],
                [
                    -0.46586383064528614,
                    0.002406483291556535,
                    -0.4697183844918039
                ],
                [
                    0.006031913796053615,
                    -0.4697183844918039,
                    0.0012171657189350153
                ]
            ],
            "volume_eff": 2.608149365774928,
            "alpha_iso": 0.8323880954600835,
            "c6_ii": 0.22240269725994188,
            "c8_ii": 1.3818343092503553,
            "c10_ii": 11.84982803792197,
            "slater_b_init": 70.2029791652596
        },
        {
            "index": 11,
            "element": "H",
            "charge": 0.1482077905665249,
            "dipole": [
                -0.03300192131408592,
                0.035865484741986024,
                -0.01739508282522567
            ],
            "quadrupole": [
                [
                    -0.4882530527470832,
                    -0.48562227565233146,
                    0.006160522948849469
                ],
                [
                    -0.48562227565233146,
                    0.0020205473242414134,
                    -0.4765385016487729
                ],
                [
                    0.006160522948849469,
                    -0.4765385016487729,
                    0.0023438931817267626
                ]
            ],
            "volume_eff": 2.70388266355906,
            "alpha_iso": 0.8629412756039553,
            "c6_ii": 0.2390291206625373,
            "c8_ii": 1.5212607373060802,
            "c10_ii": 13.362774952955302,
            "slater_b_init": 69.36447152263031
        },
        {
            "index": 12,
            "element": "H",
            "charge": 0.15473485206286952,
            "dipole": [
                0.0513664792900887,
                0.012633024959751374,
                0.005074186524979198
            ],
            "quadrupole": [
                [
                    -0.4785492615819815,
                    -0.4738958660538979,
                    0.005419496560190382
                ],
                [
                    -0.4738958660538979,
                    -0.00356039261073629,
                    -0.47057954313366257
                ],
                [
                    0.005419496560190382,
                    -0.47057954313366257,
                    -0.0029008188899477556
                ]
            ],
            "volume_eff": 2.639150668630004,
            "alpha_iso": 0.8422821282861715,
            "c6_ii": 0.22772121943688087,
            "c8_ii": 1.4260691092532358,
            "c10_ii": 12.325876140814083,
            "slater_b_init": 69.92701138643906
        }
    ]
}