{
    "molecule": "Sulf_517",
    "atoms": [
        {
            "index": 0,
            "element": "C",
            "charge": -0.2322629030865606,
            "dipole": [
                0.10213429867707245,
                0.022916224480744977,
                -0.04807992029739981
            ],
            "quadrupole": [
                [
                    -4.847363677117117,
                    -4.618578292308735,
                    0.05235301269465808
                ],
                [
                    -4.618578292308735,
                    -0.11194596248924511,
                    -4.689454172162685
                ],
                [
                    0.05235301269465808,
                    -4.689454172162685,
                    0.11331299856118704
                ]
            ],
            "volume_eff": 34.68538933439431,
            "alpha_iso": 10.895933822322817,
            "c6_ii": 38.41955570761407,
            "c8_ii": 1043.6518900255794,
            "c10_ii": 35520.04025854992,
            "slater_b_init": 36.14434071020202
        },
        {
            "index": 1,
            "element": "C",
            "charge": -0.20311869852172126,
            "dipole": [
                -0.05164393782543085,
                -0.06600611590564517,
                0.036883015311718566
            ],
            "quadrupole": [
                [
                    -4.855502975577809,
                    -4.531732117401928,
                    0.08724830775165096
                ],
                [
                    -4.531732117401928,
                    -0.1665667270269642,
                    -4.5520863639133395
                ],
                [
                    0.08724830775165096,
                    -4.5520863639133395,
                    0.2034599487393928
                ]
            ],
            "volume_eff": 34.08247491113446,
            "alpha_iso": 10.706536621298783,
            "c6_ii": 37.09551785640054,
            "c8_ii": 995.9735320810801,
            "c10_ii": 33503.37944136056,
            "slater_b_init": 36.35622569093143
        },
        {
            "index": 2,
            "element": "S",
            "charge": 1.2609665604501092,
            "dipole": [
                -0.02517235805468267,
                -0.11551152848498382,
                0.017837641051970207
            ],
            "quadrupole": [
                [
                    -7.436912208939968,
                    -7.4485690421740385,
                    -0.010688186152329875
                ],
                [
                    -7.4485690421740385,
                    0.028647923743600888,
                    -7.484137872405472
                ],
                [
                    -0.010688186152329875,
                    -7.484137872405472,
                    -0.035190442349632235
                ]
            ],
            "volume_eff": 56.61540232368865,
            "alpha_iso": 14.756142095003957,
            "c6_ii": 75.95184234887807,
            "c8_ii": 1876.3103638207192,
            "c10_ii": 46584.03502624461,
            "slater_b_init": 37.37432271659277
        },
        {
            "index": 3,
            "element": "O",
            "charge": -0.5657683347369602,
            "dipole": [
                0.12585417200526083,
                -0.07008555180042653,
                0.13872194950029096
            ],
            "quadrupole": [
                [
                    -4.230774473025586,
                    -4.255429691143792,
                    0.025381301868384772
                ],
                [
                    -4.255429691143792,
                    0.012437077059257761,
                    -4.29758887624671
                ],
                [
                    0.025381301868384772,
                    -4.29758887624671,
                    0.003944803972003599
                ]
            ],
            "volume_eff": 24.404809841806028,
            "alpha_iso": 7.2809929914780405,
            "c6_ii": 28.360788734377795,
            "c8_ii": 1198.1707178858371,
            "c10_ii": 48744.84372532778,
            "slater_b_init": 33.49161624685549
        },
        {
            "index": 4,
            "element": "O",
            "charge": -0.5702028847691523,
            "dipole": [
                -0.01724978268210085,
                -0.11521854256475897,
                -0.16502247500599632
            ],
            "quadrupole": [
                [
                    -4.282437425131019,
                    -4.275519084016452,
                    -0.024104888012619338
                ],
                [
                    -4.275519084016452,
                    -0.021560899125226587,
                    -4.268463503090862
                ],
                [
                    -0.024104888012619338,
                    -4.268463503090862,
                    -0.03023271176205425
                ]
            ],
            "volume_eff": 24.54975364149566,
            "alpha_iso": 7.3242358930429035,
            "c6_ii": 28.698667013176692,
            "c8_ii": 1217.2410658546594,
            "c10_ii": 49716.55756021826,
            "slater_b_init": 33.42557366727766
        },
        {
            "index": 5,
            "element": "C",
            "charge": -0.38997876953916943,
            "dipole": [
                -0.002926483838992881,
                0.038163047878776196,
                0.034340765685080786
            ],
            "quadrupole": [
                [
                    -4.9198673973694,
                    -4.907763150274629,
                    -0.05129016429534671
                ],
                [
                    -4.907763150274629,
                    0.17023448752791787,
                    -4.952002149405936
                ],
                [
                    -0.05129016429534671,
                    -4.952002149405936,
                    -0.1003922433129038
                ]
            ],
            "volume_eff": 36.43319124316642,
            "alpha_iso": 11.444981542355944,
            "c6_ii": 42.389043588380964,
            "c8_ii": 1189.8458586127622,
            "c10_ii": 41844.87246743091,
            "slater_b_init": 35.556862106445635
        },
        {
            "index": 6,
            "element": "C",
            "charge": -0.14964199954173285,
            "dipole": [
                0.0037079887729310275,
                0.007057628295637104,
                -0.001298274088318177
            ],
            "quadrupole": [
                [
                    -4.477925105334681,
                    -4.48606944649391,
                    -0.03121093083650444
                ],
                [
                    -4.48606944649391,
                    0.14004746351509442,
                    -4.563029371773476
                ],
                [
                    -0.03121093083650444,
                    -4.563029371773476,
                    -0.1292574834225297
                ]
            ],
            "volume_eff": 32.69983025280332,
            "alpha_iso": 10.272197985173817,
            "c6_ii": 34.14681387091653,
            "c8_ii": 891.838320746577,
            "c10_ii": 29183.443222943864,
            "slater_b_init": 36.86158447972926
        },
        {
            "index": 7,
            "element": "H",
            "charge": 0.2560001168238011,
            "dipole": [
                0.05023856708364432,
                0.022261941321117272,
                -0.02633561402824866
            ],
            "quadrupole": [
                [
                    -0.36758558903930005,
                    -0.37419073669957453,
                    -0.002719096858807756
                ],
                [
                    -0.37419073669957453,
                    0.004497642532901676,
                    -0.37589372182371655
                ],
                [
                    -0.002719096858807756,
                    -0.37589372182371655,
                    -0.0062472536952453365
                ]
            ],
            "volume_eff": 1.9398523212220047,
            "alpha_iso": 0.6191018046453206,
            "c6_ii": 0.12303040935052359,
            "c8_ii": 0.6275078987145694,
            "c10_ii": 4.417393417727854,
            "slater_b_init": 77.48366223074397
        },
        {
            "index": 8,
            "element": "H",
            "charge": 0.23478246415446824,
            "dipole": [
                0.0021645562979394238,
                0.025314893314872865,
                0.04404856440908234
            ],
            "quadrupole": [
                [
                    -0.3844954596648893,
                    -0.38596288375919163,
                    -0.0014225247954738627
                ],
                [
                    -0.38596288375919163,
                    -0.005255934171530778,
                    -0.38767680028741547
                ],
                [
                    -0.0014225247954738627,
                    -0.38767680028741547,
                    0.0033668669342824748
                ]
            ],
            "volume_eff": 2.0217742904035507,
            "alpha_iso": 0.64524711395858,
            "c6_ii": 0.13364123197368885,
            "c8_ii": 0.7006856106615561,
            "c10_ii": 5.070445070545121,
            "slater_b_init": 76.42265809187435
        },
        {
            "index": 9,
            "element": "H",
            "charge": 0.16928698789287389,
            "dipole": [
                -0.03270469405393488,
                0.04783126923689388,
                0.017540812115150756
            ],
            "quadrupole": [
                [
                    -0.4497469379708949,
                    -0.45049312000133124,
                    0.00045865011046196635
                ],
                [
                    -0.45049312000133124,
                    -0.0015674963433411583,
                    -0.44753000549674776
                ],
                [
                    0.00045865011046196635,
                    -0.44753000549674776,
                    0.0028074447011845814
                ]
            ],
            "volume_eff": 2.4419003020570482,
            "alpha_iso": 0.7793298836352281,
            "c6_ii": 0.19495347846542416,
            "c8_ii": 1.1592503157128915,
            "c10_ii": 9.514010189456462,
            "slater_b_init": 71.7613146066282
        },
        {
            "index": 10,
            "element": "H",
            "charge": 0.1870676934733062,
            "dipole": [
                -0.0016397654143972854,
                -0.03250420386858309,
                -0.05351385816510866
            ],
            "quadrupole": [
                [
                    -0.4332785101382803,
                    -0.43790288371402075,
                    3.7039265908601415e-05
                ],
                [
                    -0.43790288371402075,
                    -0.00029408294975229697,
                    -0.43192381368119326
                ],
                [
                    3.7039265908601415e-05,
                    -0.43192381368119326,
                    0.0022621311085080946
                ]
            ],
            "volume_eff": 2.3478345206402524,
            "alpha_iso": 0.749308889566038,
            "c6_ii": 0.18022295199444338,
            "c8_ii": 1.0439572231457706,
            "c10_ii": 8.34632829073179,
            "slater_b_init": 72.70716332283955
        }
    ]
}