{
    "molecule": "Phos_749",
    "atoms": [
        {
            "index": 0,
            "element": "N",
            "charge": -0.4629110454437857,
            "dipole": [
                0.19606703086660568,
                -0.0022075161696158037,
                -0.05088173354860737
            ],
            "quadrupole": [
                [
                    -4.886930335136731,
                    -4.530825036361427,
                    -0.006522628684944014
                ],
                [
                    -4.530825036361427,
                    0.015163408739488102,
                    -4.5967611812592
                ],
                [
                    -0.006522628684944014,
                    -4.5967611812592,
                    0.09437357249757637
                ]
            ],
            "volume_eff": 30.365505205210486,
            "alpha_iso": 8.846643248762112,
            "c6_ii": 34.58668630122373,
            "c8_ii": 1223.5030157958581,
            "c10_ii": 47147.93355775591,
            "slater_b_init": 33.9198223689195
        },
        {
            "index": 1,
            "element": "C",
            "charge": 0.5988328684200619,
            "dipole": [
                -0.20015940184515577,
                -0.04798969560063288,
                0.07146549600703138
            ],
            "quadrupole": [
                [
                    -3.374125837942111,
                    -3.2094494487068332,
                    -0.02419679062845677
                ],
                [
                    -3.2094494487068332,
                    0.05947339470225668,
                    -3.1905471689093767
                ],
                [
                    -0.02419679062845677,
                    -3.1905471689093767,
                    0.052456320953995515
                ]
            ],
            "volume_eff": 21.90959010147986,
            "alpha_iso": 6.882593749155976,
            "c6_ii": 15.329489631679964,
            "c8_ii": 306.5651672380602,
            "c10_ii": 7681.2584664976175,
            "slater_b_init": 42.12543654245221
        },
        {
            "index": 2,
            "element": "O",
            "charge": -0.48877598484332907,
            "dipole": [
                0.040646627201641104,
                -0.18964863121080291,
                0.009487816282949674
            ],
            "quadrupole": [
                [
                    -4.074483665776435,
                    -4.1152682367535265,
                    -0.02389036179184871
                ],
                [
                    -4.1152682367535265,
                    0.001993578225115963,
                    -4.041089943228317
                ],
                [
                    -0.02389036179184871,
                    -4.041089943228317,
                    0.004019870739544175
                ]
            ],
            "volume_eff": 22.915355111538258,
            "alpha_iso": 6.836625281895392,
            "c6_ii": 25.00464148912206,
            "c8_ii": 1012.9510792609932,
            "c10_ii": 39515.355616086854,
            "slater_b_init": 34.202069496113026
        },
        {
            "index": 3,
            "element": "P",
            "charge": 1.768122545989204,
            "dipole": [
                -0.05127264782404467,
                -0.06772999186962977,
                -0.03621483860641859
            ],
            "quadrupole": [
                [
                    -6.147003386739786,
                    -6.095435997320493,
                    -0.03557252471156742
                ],
                [
                    -6.095435997320493,
                    -0.035602404827594365,
                    -6.050305270070029
                ],
                [
                    -0.03557252471156742,
                    -6.050305270070029,
                    -0.08720505004649458
                ]
            ],
            "volume_eff": 47.655619922455045,
            "alpha_iso": 18.32908458555963,
            "c6_ii": 99.44278115640151,
            "c8_ii": 3059.379962954032,
            "c10_ii": 53304.08361809447,
            "slater_b_init": 36.59712906486523
        },
        {
            "index": 4,
            "element": "O",
            "charge": -0.7653843041823674,
            "dipole": [
                0.16705202019693186,
                0.2100066636526473,
                0.277480022713978
            ],
            "quadrupole": [
                [
                    -4.573758210155214,
                    -4.598476353176649,
                    -0.01866865671124146
                ],
                [
                    -4.598476353176649,
                    -0.007142794502896512,
                    -4.609507056930602
                ],
                [
                    -0.01866865671124146,
                    -4.609507056930602,
                    -0.013297511435993841
                ]
            ],
            "volume_eff": 26.932656642956616,
            "alpha_iso": 8.035157230495344,
            "c6_ii": 34.54027869729057,
            "c8_ii": 1558.3394983935125,
            "c10_ii": 67702.9985044139,
            "slater_b_init": 32.40919054706071
        },
        {
            "index": 5,
            "element": "O",
            "charge": -0.5005059980885669,
            "dipole": [
                0.03702647787711344,
                0.04157380620660284,
                -0.1912780629833829
            ],
            "quadrupole": [
                [
                    -4.073437808932297,
                    -4.08001509652147,
                    0.015049352302896
                ],
                [
                    -4.08001509652147,
                    0.002469307648797357,
                    -4.13085802051152
                ],
                [
                    0.015049352302896,
                    -4.13085802051152,
                    -0.008040069109605618
                ]
            ],
            "volume_eff": 23.056274947586747,
            "alpha_iso": 6.878667663920908,
            "c6_ii": 25.313123242745863,
            "c8_ii": 1029.6475888014197,
            "c10_ii": 40331.19255222736,
            "slater_b_init": 34.13224609019245
        },
        {
            "index": 6,
            "element": "C",
            "charge": 0.5954929281847701,
            "dipole": [
                0.10721144310875114,
                -0.186295007135351,
                -0.03381197326389493
            ],
            "quadrupole": [
                [
                    -3.2225442634357178,
                    -3.388859481261821,
                    0.0665102914814567
                ],
                [
                    -3.388859481261821,
                    0.057217579714221936,
                    -3.2301292663005428
                ],
                [
                    0.0665102914814567,
                    -3.2301292663005428,
                    -0.025115636366972276
                ]
            ],
            "volume_eff": 22.172623427407586,
            "alpha_iso": 6.965222019080916,
            "c6_ii": 15.699772279994285,
            "c8_ii": 316.4781154335051,
            "c10_ii": 7992.97535946477,
            "slater_b_init": 41.9581957665495
        },
        {
            "index": 7,
            "element": "N",
            "charge": -0.46460996837329027,
            "dipole": [
                -0.06794316885742704,
                0.18892929625051533,
                -0.01044596478079314
            ],
            "quadrupole": [
                [
                    -4.6236580335817825,
                    -4.8700323366751235,
                    0.030069135445861404
                ],
                [
                    -4.8700323366751235,
                    0.11685823567689148,
                    -4.538060805975527
                ],
                [
                    0.030069135445861404,
                    -4.538060805975527,
                    -0.019968968545826905
                ]
            ],
            "volume_eff": 30.44083209945319,
            "alpha_iso": 8.868588879368254,
            "c6_ii": 34.75849566859665,
            "c8_ii": 1231.613386024826,
            "c10_ii": 47538.92515599654,
            "slater_b_init": 33.89182066705494
        },
        {
            "index": 8,
            "element": "O",
            "charge": -0.5637007513662997,
            "dipole": [
                -0.15719666485058092,
                0.018509243524039654,
                0.09340460145988957
            ],
            "quadrupole": [
                [
                    -4.24814675420003,
                    -4.161584402373731,
                    0.008609905801543756
                ],
                [
                    -4.161584402373731,
                    -0.022390687511442863,
                    -4.16342542449149
                ],
                [
                    0.008609905801543756,
                    -4.16342542449149,
                    0.009182067283204658
                ]
            ],
            "volume_eff": 23.823130192727945,
            "alpha_iso": 7.107453206670216,
            "c6_ii": 27.024962308851332,
            "c8_ii": 1123.5207333223366,
            "c10_ii": 44978.676213902676,
            "slater_b_init": 33.76201104691953
        },
        {
            "index": 9,
            "element": "C",
            "charge": 0.6419777964223208,
            "dipole": [
                0.17244766313251542,
                -0.012952752832778995,
                0.011550902334641957
            ],
            "quadrupole": [
                [
                    -3.6466853070220187,
                    -3.426772894708079,
                    0.00793462899505209
                ],
                [
                    -3.426772894708079,
                    -0.002821245754660014,
                    -3.394274836599094
                ],
                [
                    0.00793462899505209,
                    -3.394274836599094,
                    -0.0027588989190044616
                ]
            ],
            "volume_eff": 24.797062460064566,
            "alpha_iso": 7.789653128816093,
            "c6_ii": 19.636300190381842,
            "c8_ii": 426.48009205832363,
            "c10_ii": 11605.191827093244,
            "slater_b_init": 40.42243022032805
        },
        {
            "index": 10,
            "element": "F",
            "charge": -0.2019699583565817,
            "dipole": [
                0.02719994901418981,
                0.0033386064564901764,
                -0.053785726806853444
            ],
            "quadrupole": [
                [
                    -3.4902661922329403,
                    -3.4984789877771543,
                    -0.006382762550628879
                ],
                [
                    -3.4984789877771543,
                    0.00846879140439014,
                    -3.446623722251601
                ],
                [
                    -0.006382762550628879,
                    -3.446623722251601,
                    -0.027288648570503553
                ]
            ],
            "volume_eff": 17.34848957952681,
            "alpha_iso": 5.448285983653047,
            "c6_ii": 19.528829052414643,
            "c8_ii": 836.411720065218,
            "c10_ii": 33234.38634528422,
            "slater_b_init": 33.69960653276482
        },
        {
            "index": 11,
            "element": "F",
            "charge": -0.19875806773247362,
            "dipole": [
                0.032278614575683456,
                -0.041775276317127456,
                0.0253700526957593
            ],
            "quadrupole": [
                [
                    -3.493191387823026,
                    -3.446791745226454,
                    -0.02197226798189928
                ],
                [
                    -3.446791745226454,
                    -0.014750017823329669,
                    -3.498601949349282
                ],
                [
                    -0.02197226798189928,
                    -3.498601949349282,
                    0.011744148046106535
                ]
            ],
            "volume_eff": 17.36627380387007,
            "alpha_iso": 5.453871111959195,
            "c6_ii": 19.568888227541464,
            "c8_ii": 838.7001258067238,
            "c10_ii": 33348.0859610495,
            "slater_b_init": 33.688099054384544
        },
        {
            "index": 12,
            "element": "C",
            "charge": 0.6297554374699237,
            "dipole": [
                -0.18548625737684174,
                0.023813408496675615,
                0.008773540705319311
            ],
            "quadrupole": [
                [
                    -3.6840642861064774,
                    -3.5071431049892294,
                    0.007901145051996742
                ],
                [
                    -3.5071431049892294,
                    0.02755696908920162,
                    -3.50582581465091
                ],
                [
                    0.007901145051996742,
                    -3.50582581465091,
                    0.015944108813497566
                ]
            ],
            "volume_eff": 25.640754558846314,
            "alpha_iso": 8.054687295972665,
            "c6_ii": 20.995237600785416,
            "c8_ii": 466.28016132905026,
            "c10_ii": 12974.407734899425,
            "slater_b_init": 39.974118738574326
        },
        {
            "index": 13,
            "element": "F",
            "charge": -0.20022975977479263,
            "dipole": [
                -0.03283861956246562,
                0.003173205993836227,
                0.04942460406236014
            ],
            "quadrupole": [
                [
                    -3.5053796077033565,
                    -3.5174492137948916,
                    -0.0018632996932104883
                ],
                [
                    -3.5174492137948916,
                    0.005643309128469048,
                    -3.447840480457417
                ],
                [
                    -0.0018632996932104883,
                    -3.447840480457417,
                    -0.020443358003691847
                ]
            ],
            "volume_eff": 17.463482313491628,
            "alpha_iso": 5.48439940423704,
            "c6_ii": 19.788576858681317,
            "c8_ii": 851.2776944803164,
            "c10_ii": 33974.384268321606,
            "slater_b_init": 33.62547571051697
        },
        {
            "index": 14,
            "element": "F",
            "charge": -0.20202452448586072,
            "dipole": [
                -0.03214048876076645,
                0.04824567913633733,
                -0.01690683174802643
            ],
            "quadrupole": [
                [
                    -3.515708071968187,
                    -3.4568467379352903,
                    -0.027526765449918694
                ],
                [
                    -3.4568467379352903,
                    -0.013531374558418975,
                    -3.5086033529068725
                ],
                [
                    -0.027526765449918694,
                    -3.5086033529068725,
                    0.01021845267386662
                ]
            ],
            "volume_eff": 17.49384632747422,
            "alpha_iso": 5.493935210281159,
            "c6_ii": 19.85745006234677,
            "c8_ii": 855.2304264786313,
            "c10_ii": 34171.689875567325,
            "slater_b_init": 33.60600989981901
        },
        {
            "index": 15,
            "element": "F",
            "charge": -0.2002193246656816,
            "dipole": [
                -0.041383514386405036,
                -0.0327868169158846,
                -0.024704853878625477
            ],
            "quadrupole": [
                [
                    -3.5068695013148488,
                    -3.475920346569937,
                    0.03453240081110451
                ],
                [
                    -3.475920346569937,
                    0.027120629288120538,
                    -3.4982300571102796
                ],
                [
                    0.03453240081110451,
                    -3.4982300571102796,
                    0.01960113020764365
                ]
            ],
            "volume_eff": 17.506228605323077,
            "alpha_iso": 5.49782385952295,
            "c6_ii": 19.885570519960414,
            "c8_ii": 856.8456150846247,
            "c10_ii": 34252.379748933854,
            "slater_b_init": 33.59808477579845
        }
    ]
}