{
    "molecule": "Sulf_460",
    "atoms": [
        {
            "index": 0,
            "element": "C",
            "charge": -0.4326768386358495,
            "dipole": [
                0.06701564004860307,
                0.01937110171687105,
                -0.018943149013314464
            ],
            "quadrupole": [
                [
                    -5.112975706891724,
                    -5.089002313340526,
                    0.02931136281324044
                ],
                [
                    -5.089002313340526,
                    -0.045386206498586816,
                    -5.071884111753352
                ],
                [
                    0.02931136281324044,
                    -5.071884111753352,
                    0.037595485639393536
                ]
            ],
            "volume_eff": 38.41125797525864,
            "alpha_iso": 12.066363761861354,
            "c6_ii": 47.11685044863845,
            "c8_ii": 1370.0009943691164,
            "c10_ii": 49909.12688893426,
            "slater_b_init": 34.935716535873844
        },
        {
            "index": 1,
            "element": "C",
            "charge": -0.11215205241196724,
            "dipole": [
                0.013830763165818835,
                -0.08039698445541947,
                0.04308143325009811
            ],
            "quadrupole": [
                [
                    -4.468375276944833,
                    -4.465142639994592,
                    0.04746888617330352
                ],
                [
                    -4.465142639994592,
                    -0.010371001589219716,
                    -4.413671227043911
                ],
                [
                    0.04746888617330352,
                    -4.413671227043911,
                    0.02059059609245184
                ]
            ],
            "volume_eff": 32.3775664107895,
            "alpha_iso": 10.170963270405078,
            "c6_ii": 33.4770820368993,
            "c8_ii": 868.5923665231295,
            "c10_ii": 28235.72086163162,
            "slater_b_init": 36.98347916748015
        },
        {
            "index": 2,
            "element": "C",
            "charge": -0.507488615654152,
            "dipole": [
                -0.12937680518460454,
                0.023283808585633635,
                0.006763496924403182
            ],
            "quadrupole": [
                [
                    -5.306359577283819,
                    -5.250742240015288,
                    0.06565828128280982
                ],
                [
                    -5.250742240015288,
                    0.019287839241884833,
                    -5.171713843262262
                ],
                [
                    0.06565828128280982,
                    -5.171713843262262,
                    0.023992683041799464
                ]
            ],
            "volume_eff": 39.913364045280325,
            "alpha_iso": 12.538229543019996,
            "c6_ii": 50.87399669043895,
            "c8_ii": 1517.5640251578918,
            "c10_ii": 56716.9212176249,
            "slater_b_init": 34.491841963949355
        },
        {
            "index": 3,
            "element": "S",
            "charge": 1.186253084935288,
            "dipole": [
                0.03135516309983116,
                0.14552422293575198,
                -0.08110791383259319
            ],
            "quadrupole": [
                [
                    -7.704827676249602,
                    -7.800645213889892,
                    0.020931345273739414
                ],
                [
                    -7.800645213889892,
                    -0.011638915982850275,
                    -7.778294303014627
                ],
                [
                    0.020931345273739414,
                    -7.778294303014627,
                    0.005768843167398534
                ]
            ],
            "volume_eff": 60.58613293932389,
            "alpha_iso": 15.791066563972716,
            "c6_ii": 86.97923509091912,
            "c8_ii": 2248.059003029856,
            "c10_ii": 58393.68582857743,
            "slater_b_init": 36.53931932032838
        },
        {
            "index": 4,
            "element": "O",
            "charge": -0.6099651612924184,
            "dipole": [
                0.03189052704756841,
                0.14338888752380755,
                0.08211027663994248
            ],
            "quadrupole": [
                [
                    -4.330534566413999,
                    -4.379076906176577,
                    -0.014211489698062565
                ],
                [
                    -4.379076906176577,
                    -0.010530188441986846,
                    -4.3307639740515205
                ],
                [
                    -0.014211489698062565,
                    -4.3307639740515205,
                    -2.8639133927971267e-05
                ]
            ],
            "volume_eff": 25.17216833769022,
            "alpha_iso": 7.509928675332994,
            "c6_ii": 30.172319885253252,
            "c8_ii": 1301.285428242255,
            "c10_ii": 54043.81685558997,
            "slater_b_init": 33.14777430823605
        },
        {
            "index": 5,
            "element": "O",
            "charge": -0.6067522889612604,
            "dipole": [
                -0.00666192127845081,
                0.0059483890758931035,
                -0.16423250049306504
            ],
            "quadrupole": [
                [
                    -4.335684672610772,
                    -4.3211883454530255,
                    0.009064267523970333
                ],
                [
                    -4.3211883454530255,
                    0.004573320303241938,
                    -4.372149427544443
                ],
                [
                    0.009064267523970333,
                    -4.372149427544443,
                    0.0044493577590176085
                ]
            ],
            "volume_eff": 25.14121067326015,
            "alpha_iso": 7.500692687049989,
            "c6_ii": 30.098151449067792,
            "c8_ii": 1297.022150169438,
            "c10_ii": 53822.58427595554,
            "slater_b_init": 33.16137424686229
        },
        {
            "index": 6,
            "element": "C",
            "charge": -0.49299500695126053,
            "dipole": [
                0.12239180554723114,
                0.001119074225548317,
                -0.00946037923032142
            ],
            "quadrupole": [
                [
                    -5.283265603944453,
                    -5.156525843432054,
                    0.044661150161857864
                ],
                [
                    -5.156525843432054,
                    0.05769363712591143,
                    -5.150050623268635
                ],
                [
                    0.044661150161857864,
                    -5.150050623268635,
                    0.04100719221814976
                ]
            ],
            "volume_eff": 39.38696915507337,
            "alpha_iso": 12.372869891646086,
            "c6_ii": 49.5409484442435,
            "c8_ii": 1464.777415535228,
            "c10_ii": 54261.70218942316,
            "slater_b_init": 34.64482013918837
        },
        {
            "index": 7,
            "element": "C",
            "charge": -0.11240202973634883,
            "dipole": [
                -0.05243727829423636,
                0.05472890149926825,
                0.06517920901347846
            ],
            "quadrupole": [
                [
                    -4.4635561009779625,
                    -4.48084044509931,
                    -0.06096847690232326
                ],
                [
                    -4.48084044509931,
                    -0.02287034928577813,
                    -4.457185591620799
                ],
                [
                    -0.06096847690232326,
                    -4.457185591620799,
                    0.01937292174315049
                ]
            ],
            "volume_eff": 32.60684383132167,
            "alpha_iso": 10.242987590991099,
            "c6_ii": 33.95288775817091,
            "c8_ii": 885.0914998352729,
            "c10_ii": 28907.736129970515,
            "slater_b_init": 36.896591177106764
        },
        {
            "index": 8,
            "element": "C",
            "charge": -0.43227737710886416,
            "dipole": [
                -0.05041415504760897,
                -0.05502642801146382,
                -0.018646742757605906
            ],
            "quadrupole": [
                [
                    -5.031601545086526,
                    -5.1135895510101745,
                    -0.03566588819321824
                ],
                [
                    -5.1135895510101745,
                    -0.02468232821133411,
                    -5.05474927727517
                ],
                [
                    -0.03566588819321824,
                    -5.05474927727517,
                    -0.019658820402015855
                ]
            ],
            "volume_eff": 38.10596430921024,
            "alpha_iso": 11.970459992422064,
            "c6_ii": 46.3708549947657,
            "c8_ii": 1341.1561671974214,
            "c10_ii": 48599.08114121012,
            "slater_b_init": 35.02876667406097
        },
        {
            "index": 9,
            "element": "H",
            "charge": 0.14335820917295106,
            "dipole": [
                -0.03130032052241775,
                0.03496087458061629,
                -0.014949796573319267
            ],
            "quadrupole": [
                [
                    -0.4913785116813444,
                    -0.4876374880320931,
                    -0.0025490143033437516
                ],
                [
                    -0.4876374880320931,
                    0.006272883125381683,
                    -0.4886006964619214
                ],
                [
                    -0.0025490143033437516,
                    -0.4886006964619214,
                    -0.0033387319970222184
                ]
            ],
            "volume_eff": 2.7492488476310193,
            "alpha_iso": 0.8774198449886231,
            "c6_ii": 0.24711734807254748,
            "c8_ii": 1.5902798315260802,
            "c10_ii": 14.124855790914324,
            "slater_b_init": 68.98081877788302
        },
        {
            "index": 10,
            "element": "H",
            "charge": 0.1335414605019556,
            "dipole": [
                0.010352495670498622,
                -5.597887118845744e-05,
                0.045979265457182734
            ],
            "quadrupole": [
                [
                    -0.49189562229236833,
                    -0.5010132121933146,
                    0.0026297534317958698
                ],
                [
                    -0.5010132121933146,
                    0.004414207031785744,
                    -0.5107494546035706
                ],
                [
                    0.0026297534317958698,
                    -0.5107494546035706,
                    -0.0004977350945775181
                ]
            ],
            "volume_eff": 2.8424631365728823,
            "alpha_iso": 0.9071690861402817,
            "c6_ii": 0.2641586360748573,
            "c8_ii": 1.7381569510755017,
            "c10_ii": 15.785317465146761,
            "slater_b_init": 68.21838208773895
        },
        {
            "index": 11,
            "element": "H",
            "charge": 0.13334481354647898,
            "dipole": [
                0.00018326753951731898,
                -0.039995453821758536,
                -0.02527236953438327
            ],
            "quadrupole": [
                [
                    -0.4939911049662954,
                    -0.5112573152543333,
                    -0.003024303713919482
                ],
                [
                    -0.5112573152543333,
                    -4.3754238520070246e-05,
                    -0.49922260423498643
                ],
                [
                    -0.003024303713919482,
                    -0.49922260423498643,
                    -0.005487549066938876
                ]
            ],
            "volume_eff": 2.844445782397169,
            "alpha_iso": 0.907801845445905,
            "c6_ii": 0.26452727105518226,
            "c8_ii": 1.7413918478236974,
            "c10_ii": 15.82204871804199,
            "slater_b_init": 68.20252846308135
        },
        {
            "index": 12,
            "element": "H",
            "charge": 0.13075525665847842,
            "dipole": [
                0.007202106730648371,
                0.045764370942669594,
                0.03125496837964202
            ],
            "quadrupole": [
                [
                    -0.47727505730334835,
                    -0.4970356761693662,
                    -0.0032874310825007037
                ],
                [
                    -0.4970356761693662,
                    -0.004080452880020549,
                    -0.49090299443305757
                ],
                [
                    -0.0032874310825007037,
                    -0.49090299443305757,
                    -0.0016045706125007767
                ]
            ],
            "volume_eff": 2.717298250778748,
            "alpha_iso": 0.8672228459932174,
            "c6_ii": 0.24140693925835766,
            "c8_ii": 1.5414717542843297,
            "c10_ii": 13.58505958597861,
            "slater_b_init": 69.25012991335574
        },
        {
            "index": 13,
            "element": "H",
            "charge": 0.13081441260877003,
            "dipole": [
                -0.0049003291429238855,
                -0.002824977986764309,
                -0.055412922883738246
            ],
            "quadrupole": [
                [
                    -0.47646161385714886,
                    -0.48920394845531695,
                    0.0009504709332018314
                ],
                [
                    -0.48920394845531695,
                    -0.0021639008104709914,
                    -0.49878074040483783
                ],
                [
                    0.0009504709332018314,
                    -0.49878074040483783,
                    7.058829304154625e-05
                ]
            ],
            "volume_eff": 2.7153679440273892,
            "alpha_iso": 0.8666067906470392,
            "c6_ii": 0.241064081104748,
            "c8_ii": 1.5385534122248539,
            "c10_ii": 13.552917848758993,
            "slater_b_init": 69.26653558815134
        },
        {
            "index": 14,
            "element": "H",
            "charge": 0.19572179625997044,
            "dipole": [
                -0.001637305112402433,
                0.004992699702559694,
                0.04416457308912842
            ],
            "quadrupole": [
                [
                    -0.4182025462288271,
                    -0.42601991284706453,
                    0.004055080499122627
                ],
                [
                    -0.42601991284706453,
                    -0.0019028776068085824,
                    -0.43854625928375335
                ],
                [
                    0.004055080499122627,
                    -0.43854625928375335,
                    0.002037494774260139
                ]
            ],
            "volume_eff": 2.3158737886460834,
            "alpha_iso": 0.7391086559508777,
            "c6_ii": 0.17534965108443623,
            "c8_ii": 1.0064891855946225,
            "c10_ii": 7.973582182114566,
            "slater_b_init": 73.04010683430366
        },
        {
            "index": 15,
            "element": "H",
            "charge": 0.19363207852898956,
            "dipole": [
                -0.01236988429745084,
                -0.03432479888454912,
                -0.026163226082039217
            ],
            "quadrupole": [
                [
                    -0.4230300722365971,
                    -0.4412371676908619,
                    -0.0025332510177002326
                ],
                [
                    -0.4412371676908619,
                    -0.004929903428430053,
                    -0.42763654892422504
                ],
                [
                    -0.0025332510177002326,
                    -0.42763654892422504,
                    -0.0012526104475351165
                ]
            ],
            "volume_eff": 2.33971724875652,
            "alpha_iso": 0.7467182708797405,
            "c6_ii": 0.17897892071242427,
            "c8_ii": 1.0343600805320163,
            "c10_ii": 8.25052857504295,
            "slater_b_init": 72.79114820170787
        },
        {
            "index": 16,
            "element": "H",
            "charge": 0.1879173914834965,
            "dipole": [
                -0.00729679371962978,
                -0.039722015455158584,
                -0.02319039677238385
            ],
            "quadrupole": [
                [
                    -0.4296245546850647,
                    -0.44507366451113833,
                    -0.0014045225599634956
                ],
                [
                    -0.44507366451113833,
                    -0.004221375675247559,
                    -0.43321929377789503
                ],
                [
                    -0.0014045225599634956,
                    -0.43321929377789503,
                    -0.0007309007063745468
                ]
            ],
            "volume_eff": 2.372652532394576,
            "alpha_iso": 0.7572295316152902,
            "c6_ii": 0.1840532179297297,
            "c8_ii": 1.0736443872465518,
            "c10_ii": 8.644057680991407,
            "slater_b_init": 72.45276793626596
        },
        {
            "index": 17,
            "element": "H",
            "charge": 0.19432425636329675,
            "dipole": [
                0.01037080116059218,
                0.006035098772449519,
                0.043459636769103645
            ],
            "quadrupole": [
                [
                    -0.42185799328252843,
                    -0.4282314034995678,
                    0.0013747190700143398
                ],
                [
                    -0.4282314034995678,
                    -0.0020573892365214792,
                    -0.44042835286347337
                ],
                [
                    0.0013747190700143398,
                    -0.44042835286347337,
                    -0.002980244837256191
                ]
            ],
            "volume_eff": 2.3359664714169965,
            "alpha_iso": 0.7455212142820201,
            "c6_ii": 0.17840554203158002,
            "c8_ii": 1.0299441927153397,
            "c10_ii": 8.206523172774949,
            "slater_b_init": 72.83008674453352
        },
        {
            "index": 18,
            "element": "H",
            "charge": 0.11076742799645078,
            "dipole": [
                0.0332339177757313,
                -0.03701325886083862,
                0.022237897364094705
            ],
            "quadrupole": [
                [
                    -0.5064132893948559,
                    -0.5191019841846591,
                    0.00038529969897346973
                ],
                [
                    -0.5191019841846591,
                    0.011813212763034537,
                    -0.514884090776374
                ],
                [
                    0.00038529969897346973,
                    -0.514884090776374,
                    -0.001843408942491896
                ]
            ],
            "volume_eff": 2.902623131001609,
            "alpha_iso": 0.9263690843622157,
            "c6_ii": 0.2754586628643745,
            "c8_ii": 1.837995673796017,
            "c10_ii": 16.926715302560154,
            "slater_b_init": 67.74378815995257
        },
        {
            "index": 19,
            "element": "H",
            "charge": 0.13240614865637856,
            "dipole": [
                -0.007623638927341636,
                0.018922195346533253,
                -0.053493757625065114
            ],
            "quadrupole": [
                [
                    -0.4811283593126567,
                    -0.4877208843413116,
                    -0.0008870816577398818
                ],
                [
                    -0.4877208843413116,
                    0.008028606817544198,
                    -0.49870506498338807
                ],
                [
                    -0.0008870816577398818,
                    -0.49870506498338807,
                    -0.00224613231826205
                ]
            ],
            "volume_eff": 2.729935492901215,
            "alpha_iso": 0.8712560083727283,
            "c6_ii": 0.24365756586747,
            "c8_ii": 1.5606629003615375,
            "c10_ii": 13.796803116883748,
            "slater_b_init": 69.1431085190438
        },
        {
            "index": 20,
            "element": "H",
            "charge": 0.16314518280802925,
            "dipole": [
                -0.031061463141953714,
                0.037284507070309496,
                -0.01729181665030176
            ],
            "quadrupole": [
                [
                    -0.4626472943505862,
                    -0.46685874136338307,
                    0.0029787754391177716
                ],
                [
                    -0.46685874136338307,
                    0.004470258775582165,
                    -0.4643413302331155
                ],
                [
                    0.0029787754391177716,
                    -0.4643413302331155,
                    0.004406251532324335
                ]
            ],
            "volume_eff": 2.570250603770372,
            "alpha_iso": 0.8202927458841613,
            "c6_ii": 0.2159862334901804,
            "c8_ii": 1.3289357955374197,
            "c10_ii": 11.285533208612845,
            "slater_b_init": 70.54634841431182
        },
        {
            "index": 21,
            "element": "H",
            "charge": 0.12953478408835517,
            "dipole": [
                0.043524090368408944,
                -0.00408229079508683,
                -0.021441523782933524
            ],
            "quadrupole": [
                [
                    -0.5139730985421487,
                    -0.5010619544006806,
                    0.005574212785856536
                ],
                [
                    -0.5010619544006806,
                    0.0014021222608026247,
                    -0.5047240122795711
                ],
                [
                    0.005574212785856536,
                    -0.5047240122795711,
                    0.0022598677926611893
                ]
            ],
            "volume_eff": 2.879029077091381,
            "alpha_iso": 0.9188390671568237,
            "c6_ii": 0.2709987162305454,
            "c8_ii": 1.798424524394051,
            "c10_ii": 16.472417986452193,
            "slater_b_init": 67.9283415957492
        },
        {
            "index": 22,
            "element": "H",
            "charge": 0.13229601281151449,
            "dipole": [
                -0.004844291658697375,
                -0.00781064720973322,
                0.04514810705953467
            ],
            "quadrupole": [
                [
                    -0.5016686170902565,
                    -0.49534256421313755,
                    0.0010401963414376721
                ],
                [
                    -0.49534256421313755,
                    0.0050845811901173085,
                    -0.5135330595425648
                ],
                [
                    0.0010401963414376721,
                    -0.5135330595425648,
                    0.0010639796645493956
                ]
            ],
            "volume_eff": 2.8611354027356035,
            "alpha_iso": 0.9131283200220012,
            "c6_ii": 0.2676405746849538,
            "c8_ii": 1.7687719531101465,
            "c10_ii": 16.133622374952353,
            "slater_b_init": 68.06965641373806
        }
    ]
}