{
    "molecule": "FRAG_CC_O_C",
    "atoms": [
        {
            "index": 0,
            "element": "C",
            "charge": -0.5059797415200045,
            "dipole": [
                -0.05188546479290318,
                -0.012612080780480855,
                0.000993150981945449
            ],
            "quadrupole": [
                [
                    -5.23907052327841,
                    -5.174563160159823,
                    0.037417622700626485
                ],
                [
                    -5.174563160159823,
                    -0.004049046169813216,
                    -5.230336094485823
                ],
                [
                    0.037417622700626485,
                    -5.230336094485823,
                    0.04586734194734132
                ]
            ],
            "volume_eff": 39.62326777976918,
            "alpha_iso": 12.4470998261055,
            "c6_ii": 50.13716461233511,
            "c8_ii": 1488.3288696837374,
            "c10_ii": 55354.445148630904,
            "slater_b_init": 34.575813115868925
        },
        {
            "index": 1,
            "element": "C",
            "charge": 0.3345065657802273,
            "dipole": [
                -0.03025838167962851,
                -0.055593534963673925,
                -0.10404105763718866
            ],
            "quadrupole": [
                [
                    -3.852245671456714,
                    -3.7804200366014156,
                    0.05446756933811855
                ],
                [
                    -3.7804200366014156,
                    0.015536205524906727,
                    -3.7650484226666907
                ],
                [
                    0.05446756933811855,
                    -3.7650484226666907,
                    0.037159494819334886
                ]
            ],
            "volume_eff": 27.064923156269597,
            "alpha_iso": 8.502070101445945,
            "c6_ii": 23.39229259764854,
            "c8_ii": 538.57922415575,
            "c10_ii": 15536.05910796219,
            "slater_b_init": 39.26029566188938
        },
        {
            "index": 2,
            "element": "O",
            "charge": -0.6429612061600167,
            "dipole": [
                0.09327994593219888,
                0.07682371250292237,
                -0.03285362857362031
            ],
            "quadrupole": [
                [
                    -4.408782503504616,
                    -4.477783374758673,
                    0.03553217961970212
                ],
                [
                    -4.477783374758673,
                    0.08211423211290377,
                    -4.518065679454824
                ],
                [
                    0.03553217961970212,
                    -4.518065679454824,
                    -0.047941598858363
                ]
            ],
            "volume_eff": 26.43562233577386,
            "alpha_iso": 7.886870752109329,
            "c6_ii": 33.27718079778634,
            "c8_ii": 1482.824194977013,
            "c10_ii": 63627.137445626046,
            "slater_b_init": 32.6110465290516
        },
        {
            "index": 3,
            "element": "C",
            "charge": -0.5499196575379628,
            "dipole": [
                0.029389812321874133,
                -0.010235151756394535,
                -0.012016680602754798
            ],
            "quadrupole": [
                [
                    -5.3326005948601045,
                    -5.387395167776939,
                    0.01561730451972283
                ],
                [
                    -5.387395167776939,
                    0.025130873819845398,
                    -5.321928700996771
                ],
                [
                    0.01561730451972283,
                    -5.321928700996771,
                    -0.02646993178742987
                ]
            ],
            "volume_eff": 41.05746694169583,
            "alpha_iso": 12.897633594249998,
            "c6_ii": 53.83236929617443,
            "c8_ii": 1636.3537863701429,
            "c10_ii": 62319.703234999324,
            "slater_b_init": 34.16843714141076
        },
        {
            "index": 4,
            "element": "H",
            "charge": 0.14614117329606624,
            "dipole": [
                0.016715832519607836,
                0.03445204923459272,
                0.024330497402395384
            ],
            "quadrupole": [
                [
                    -0.4864635401807206,
                    -0.4965437066003744,
                    -0.0016930320882390308
                ],
                [
                    -0.4965437066003744,
                    -0.0028109011170308605,
                    -0.4894154809580423
                ],
                [
                    -0.0016930320882390308,
                    -0.4894154809580423,
                    -0.006454624128637937
                ]
            ],
            "volume_eff": 2.7744459745891485,
            "alpha_iso": 0.8854614812518559,
            "c6_ii": 0.251667813633321,
            "c8_ii": 1.6294441263315327,
            "c10_ii": 14.561007481717063,
            "slater_b_init": 68.77135870830594
        },
        {
            "index": 5,
            "element": "H",
            "charge": 0.15310658131238342,
            "dipole": [
                -0.014787362570071573,
                0.006981574153789599,
                -0.04082090386679363
            ],
            "quadrupole": [
                [
                    -0.47467314042949477,
                    -0.484769947443838,
                    0.0029366022759999845
                ],
                [
                    -0.484769947443838,
                    0.002151305121343145,
                    -0.4908258806994771
                ],
                [
                    0.0029366022759999845,
                    -0.4908258806994771,
                    -0.0034141761785934665
                ]
            ],
            "volume_eff": 2.725429682779866,
            "alpha_iso": 0.8698179838659148,
            "c6_ii": 0.24285390680828,
            "c8_ii": 1.553803268551383,
            "c10_ii": 13.721042894298467,
            "slater_b_init": 69.18119109984018
        },
        {
            "index": 6,
            "element": "H",
            "charge": 0.14953383732524006,
            "dipole": [
                0.01925668101266802,
                -0.042009424830651926,
                -0.0010530984804437273
            ],
            "quadrupole": [
                [
                    -0.48546965852476026,
                    -0.4877656653395337,
                    -0.002762861200615487
                ],
                [
                    -0.4877656653395337,
                    0.007083454192199468,
                    -0.4854486982248217
                ],
                [
                    -0.002762861200615487,
                    -0.4854486982248217,
                    -0.002073153045764941
                ]
            ],
            "volume_eff": 2.7400761241859617,
            "alpha_iso": 0.8744923800593495,
            "c6_ii": 0.2454711110164014,
            "c8_ii": 1.5761701163400899,
            "c10_ii": 13.968376909660495,
            "slater_b_init": 69.05770681506434
        },
        {
            "index": 7,
            "element": "H",
            "charge": 0.04336402079563251,
            "dipole": [
                0.015325746197834698,
                -0.021317576313247384,
                0.057334383860473355
            ],
            "quadrupole": [
                [
                    -0.5590202372290985,
                    -0.5585612899638974,
                    0.01264248008475846
                ],
                [
                    -0.5585612899638974,
                    0.001175929110466636,
                    -0.5800547298256292
                ],
                [
                    0.01264248008475846,
                    -0.5800547298256292,
                    -0.004140458200987746
                ]
            ],
            "volume_eff": 3.249716722580909,
            "alpha_iso": 1.0371436348662475,
            "c6_ii": 0.3452758012707763,
            "c8_ii": 2.48403337831892,
            "c10_ii": 24.66544003158063,
            "slater_b_init": 65.24058708016716
        },
        {
            "index": 8,
            "element": "H",
            "charge": 0.4272705859237609,
            "dipole": [
                -0.019644963679091403,
                -0.005648406287295681,
                0.007861038763367297
            ],
            "quadrupole": [
                [
                    -0.2776014049805531,
                    -0.27154669611240123,
                    0.007766690510104075
                ],
                [
                    -0.27154669611240123,
                    0.0025543440995236715,
                    -0.27216988493507127
                ],
                [
                    0.007766690510104075,
                    -0.27216988493507127,
                    -0.0008397426236860507
                ]
            ],
            "volume_eff": 1.4251379969641516,
            "alpha_iso": 0.4548312756268569,
            "c6_ii": 0.06640319409255803,
            "c8_ii": 0.27575360466818644,
            "c10_ii": 1.5804966567178864,
            "slater_b_init": 85.87117175183053
        },
        {
            "index": 9,
            "element": "H",
            "charge": 0.15500587537316757,
            "dipole": [
                0.023662332371648016,
                0.029828403911871464,
                0.019997970980713493
            ],
            "quadrupole": [
                [
                    -0.4748888947061171,
                    -0.4846945133928697,
                    -0.003748869264368603
                ],
                [
                    -0.4846945133928697,
                    -0.006777797773483566,
                    -0.4821738527195176
                ],
                [
                    -0.003748869264368603,
                    -0.4821738527195176,
                    -0.0013697643427421455
                ]
            ],
            "volume_eff": 2.7017746266666913,
            "alpha_iso": 0.8622684978723483,
            "c6_ii": 0.238656555839493,
            "c8_ii": 1.5181000571247671,
            "c10_ii": 13.328079648678425,
            "slater_b_init": 69.38250718091001
        },
        {
            "index": 10,
            "element": "H",
            "charge": 0.13280280510300135,
            "dipole": [
                -0.03565053028170724,
                -0.012933334237616835,
                0.019630391644920902
            ],
            "quadrupole": [
                [
                    -0.5152688000665514,
                    -0.5039344938020675,
                    -0.0007925032301116439
                ],
                [
                    -0.5039344938020675,
                    -0.006513834453329205,
                    -0.5086252809631714
                ],
                [
                    -0.0007925032301116439,
                    -0.5086252809631714,
                    0.0031297114961654554
                ]
            ],
            "volume_eff": 2.918487410969637,
            "alpha_iso": 0.9314321524371182,
            "c6_ii": 0.2784779286349965,
            "c8_ii": 1.8649059936582013,
            "c10_ii": 17.23706282714945,
            "slater_b_init": 67.62081811142284
        },
        {
            "index": 11,
            "element": "H",
            "charge": 0.1596653196491824,
            "dipole": [
                -0.00632877581862878,
                0.006611039794351862,
                -0.04186092128612277
            ],
            "quadrupole": [
                [
                    -0.4742845901062406,
                    -0.47606037255964134,
                    0.004487120444939445
                ],
                [
                    -0.47606037255964134,
                    -0.004422541051155603,
                    -0.48455288211115843
                ],
                [
                    0.004487120444939445,
                    -0.48455288211115843,
                    -0.004315301489143618
                ]
            ],
            "volume_eff": 2.695815020708687,
            "alpha_iso": 0.8603664959708575,
            "c6_ii": 0.23760485422368469,
            "c8_ii": 1.5091867493389683,
            "c10_ii": 13.230334147993391,
            "slater_b_init": 69.4335972436892
        }
    ]
}