{
    "molecule": "Phos_554",
    "atoms": [
        {
            "index": 0,
            "element": "C",
            "charge": -0.4956779217883476,
            "dipole": [
                0.0311961328742818,
                0.027207140650638714,
                -0.029698407229635036
            ],
            "quadrupole": [
                [
                    -5.192464761720187,
                    -5.189862815167686,
                    -0.008884016357555875
                ],
                [
                    -5.189862815167686,
                    -0.03908766913672426,
                    -5.107396534307296
                ],
                [
                    -0.008884016357555875,
                    -5.107396534307296,
                    -0.01179003868162035
                ]
            ],
            "volume_eff": 38.8972710124837,
            "alpha_iso": 12.219038014392783,
            "c6_ii": 48.31672134630833,
            "c8_ii": 1416.7149869629675,
            "c10_ii": 52045.35553330845,
            "slater_b_init": 34.789601521639696
        },
        {
            "index": 1,
            "element": "C",
            "charge": 0.14684027761534146,
            "dipole": [
                -0.041926132843576984,
                -0.034231271550605014,
                -0.16270187847159265
            ],
            "quadrupole": [
                [
                    -4.1142045116368715,
                    -4.092714439029586,
                    0.000808300555709229
                ],
                [
                    -4.092714439029586,
                    -0.07538755438989064,
                    -3.9668989892613924
                ],
                [
                    0.000808300555709229,
                    -3.9668989892613924,
                    -0.013914199508280782
                ]
            ],
            "volume_eff": 29.06226304197682,
            "alpha_iso": 9.129506714757115,
            "c6_ii": 26.972304215510135,
            "c8_ii": 651.1933327646333,
            "c10_ii": 19697.735484976547,
            "slater_b_init": 38.33946269816483
        },
        {
            "index": 2,
            "element": "O",
            "charge": -0.5616684457809118,
            "dipole": [
                -0.11133159170280299,
                -0.14848200113302173,
                0.08658409492260424
            ],
            "quadrupole": [
                [
                    -4.245319075539845,
                    -4.265225653640825,
                    0.00010531812428233984
                ],
                [
                    -4.265225653640825,
                    -0.021635025271342628,
                    -4.219780393006317
                ],
                [
                    0.00010531812428233984,
                    -4.219780393006317,
                    -0.00593037446590788
                ]
            ],
            "volume_eff": 24.34536635449721,
            "alpha_iso": 7.263258470402482,
            "c6_ii": 28.222798637956963,
            "c8_ii": 1190.4040569019407,
            "c10_ii": 48350.2031506837,
            "slater_b_init": 33.51885264559133
        },
        {
            "index": 3,
            "element": "P",
            "charge": 1.736145788698284,
            "dipole": [
                -0.0017071226970568794,
                -0.02565807877794918,
                0.046231529828074144
            ],
            "quadrupole": [
                [
                    -6.380413816841224,
                    -6.31170510781073,
                    0.04227644523753329
                ],
                [
                    -6.31170510781073,
                    -0.001249462574216962,
                    -6.436436509476645
                ],
                [
                    0.04227644523753329,
                    -6.436436509476645,
                    0.031626416683458745
                ]
            ],
            "volume_eff": 51.68812223313993,
            "alpha_iso": 19.880047012746125,
            "c6_ii": 116.98401569178289,
            "c8_ii": 3799.30741994384,
            "c10_ii": 69879.41390324822,
            "slater_b_init": 35.61952637150331
        },
        {
            "index": 4,
            "element": "O",
            "charge": -0.8478625196963137,
            "dipole": [
                0.04074035345980176,
                -0.004350724098530967,
                -0.3258697693500189
            ],
            "quadrupole": [
                [
                    -4.745207223155863,
                    -4.734972716683829,
                    0.0006173075005439125
                ],
                [
                    -4.734972716683829,
                    0.008848009917592941,
                    -4.787035406219656
                ],
                [
                    0.0006173075005439125,
                    -4.787035406219656,
                    -0.00013137090039957902
                ]
            ],
            "volume_eff": 28.402455592642468,
            "alpha_iso": 8.473660784545267,
            "c6_ii": 38.41308856749069,
            "c8_ii": 1795.5600420296284,
            "c10_ii": 80822.11674688019,
            "slater_b_init": 31.840212132763615
        },
        {
            "index": 5,
            "element": "O",
            "charge": -0.5949222826442941,
            "dipole": [
                -0.09705743421096337,
                0.1630596043031146,
                0.05444193558895506
            ],
            "quadrupole": [
                [
                    -4.288033269112582,
                    -4.317202571578244,
                    -0.02733483606124269
                ],
                [
                    -4.317202571578244,
                    -0.005060677619760898,
                    -4.32380402220608
                ],
                [
                    -0.02733483606124269,
                    -4.32380402220608,
                    0.006630157093890151
                ]
            ],
            "volume_eff": 24.936817098470435,
            "alpha_iso": 7.439713388493942,
            "c6_ii": 29.610755511858766,
            "c8_ii": 1269.0934811041298,
            "c10_ii": 52377.80831402351,
            "slater_b_init": 33.25172976702975
        },
        {
            "index": 6,
            "element": "C",
            "charge": 0.1472347308496973,
            "dipole": [
                0.11411795332260732,
                0.009523758302159032,
                0.12525098899091205
            ],
            "quadrupole": [
                [
                    -3.9893559602845174,
                    -4.0997660789319434,
                    -0.06345593633351118
                ],
                [
                    -4.0997660789319434,
                    0.010656730938906822,
                    -4.084042312858133
                ],
                [
                    -0.06345593633351118,
                    -4.084042312858133,
                    0.04405180531250222
                ]
            ],
            "volume_eff": 29.06569066217237,
            "alpha_iso": 9.13058345408556,
            "c6_ii": 26.978666849167904,
            "c8_ii": 651.3981585480318,
            "c10_ii": 19705.48042514353,
            "slater_b_init": 38.33795555716022
        },
        {
            "index": 7,
            "element": "C",
            "charge": -0.4787832749883467,
            "dipole": [
                0.03572307658408531,
                -0.04085442941723567,
                -0.01980464340727884
            ],
            "quadrupole": [
                [
                    -5.088051502071639,
                    -5.151387845381123,
                    -0.03348035107241105
                ],
                [
                    -5.151387845381123,
                    -0.009867944663198291,
                    -5.14392661321215
                ],
                [
                    -0.03348035107241105,
                    -5.14392661321215,
                    0.016358248973699474
                ]
            ],
            "volume_eff": 38.59196488085418,
            "alpha_iso": 12.12313032906414,
            "c6_ii": 47.56121851567448,
            "c8_ii": 1387.2556741070277,
            "c10_ii": 50696.09485358328,
            "slater_b_init": 34.88110236337171
        },
        {
            "index": 8,
            "element": "O",
            "charge": -0.5700115481288481,
            "dipole": [
                0.1825402322083391,
                7.150536466113073e-05,
                0.08009361861947258
            ],
            "quadrupole": [
                [
                    -4.251967154122652,
                    -4.254952284225883,
                    0.024164081367526857
                ],
                [
                    -4.254952284225883,
                    0.004714270532587677,
                    -4.299163344276893
                ],
                [
                    0.024164081367526857,
                    -4.299163344276893,
                    -0.028924682160882214
                ]
            ],
            "volume_eff": 24.606780643214794,
            "alpha_iso": 7.341249473666292,
            "c6_ii": 28.83215102262851,
            "c8_ii": 1224.7957974556437,
            "c10_ii": 50102.55976299848,
            "slater_b_init": 33.39973208181367
        },
        {
            "index": 9,
            "element": "C",
            "charge": 0.07894630889091658,
            "dipole": [
                -0.08222811928478253,
                -0.1263767193936161,
                0.06903805283175388
            ],
            "quadrupole": [
                [
                    -4.1954878646963625,
                    -4.125270263855029,
                    0.015784829470620907
                ],
                [
                    -4.125270263855029,
                    0.058891916467984105,
                    -4.261591975359797
                ],
                [
                    0.015784829470620907,
                    -4.261591975359797,
                    -0.0794864612301527
                ]
            ],
            "volume_eff": 30.412867015693884,
            "alpha_iso": 9.553780214354099,
            "c6_ii": 29.537512385437275,
            "c8_ii": 735.0515006654207,
            "c10_ii": 22917.96649228389,
            "slater_b_init": 37.76330918330616
        },
        {
            "index": 10,
            "element": "C",
            "charge": -0.057584090227068785,
            "dipole": [
                0.04060855108321158,
                -0.025553394013220817,
                -0.016415529405201093
            ],
            "quadrupole": [
                [
                    -4.413952541739646,
                    -4.435333050681797,
                    0.01696405464157866
                ],
                [
                    -4.435333050681797,
                    0.025986496215083824,
                    -4.400327322112165
                ],
                [
                    0.01696405464157866,
                    -4.400327322112165,
                    -0.013019652712399006
                ]
            ],
            "volume_eff": 32.347328353206905,
            "alpha_iso": 10.161464404148765,
            "c6_ii": 33.41458140134764,
            "c8_ii": 866.4308609025894,
            "c10_ii": 28147.916911401735,
            "slater_b_init": 36.994999544876386
        },
        {
            "index": 11,
            "element": "C",
            "charge": -0.4488157968012656,
            "dipole": [
                -0.04088525814148421,
                -0.05491081031530588,
                0.004799241530131852
            ],
            "quadrupole": [
                [
                    -5.194331321316651,
                    -5.146657220786685,
                    0.01685764649605698
                ],
                [
                    -5.146657220786685,
                    -0.042427600294891045,
                    -5.134615670170465
                ],
                [
                    0.01685764649605698,
                    -5.134615670170465,
                    0.016626348580754916
                ]
            ],
            "volume_eff": 39.270418317545875,
            "alpha_iso": 12.336257063103414,
            "c6_ii": 49.248186847477434,
            "c8_ii": 1453.2473534741355,
            "c10_ii": 53728.324236783046,
            "slater_b_init": 34.67906045600158
        },
        {
            "index": 12,
            "element": "C",
            "charge": -0.4374622412096816,
            "dipole": [
                -0.023323679804706683,
                0.06919289681981981,
                -0.003936468405234037
            ],
            "quadrupole": [
                [
                    -5.090087784709081,
                    -5.172946109736031,
                    -0.0003789896591777055
                ],
                [
                    -5.172946109736031,
                    0.04198828863821532,
                    -5.101755033451599
                ],
                [
                    -0.0003789896591777055,
                    -5.101755033451599,
                    0.016675551306529604
                ]
            ],
            "volume_eff": 38.87430623538904,
            "alpha_iso": 12.211823948289751,
            "c6_ii": 48.2596862299408,
            "c8_ii": 1414.485624798812,
            "c10_ii": 51943.00157041506,
            "slater_b_init": 34.7964507600435
        },
        {
            "index": 13,
            "element": "H",
            "charge": 0.1553727312751041,
            "dipole": [
                0.014086822234023962,
                -0.03559038439503501,
                -0.026912063479085122
            ],
            "quadrupole": [
                [
                    -0.47038647032120956,
                    -0.48273080682487596,
                    -0.004157464177788533
                ],
                [
                    -0.48273080682487596,
                    0.003815371643917257,
                    -0.4779847335389759
                ],
                [
                    -0.004157464177788533,
                    -0.4779847335389759,
                    -0.0034449740679528985
                ]
            ],
            "volume_eff": 2.6660706913973025,
            "alpha_iso": 0.8508736249140327,
            "c6_ii": 0.23239054401151849,
            "c8_ii": 1.4651896481730338,
            "c10_ii": 12.749976540941775,
            "slater_b_init": 69.69085756550595
        },
        {
            "index": 14,
            "element": "H",
            "charge": 0.14848333692444438,
            "dipole": [
                -0.03421676978091886,
                0.02012797431655576,
                -0.02242553825899524
            ],
            "quadrupole": [
                [
                    -0.4901695096601423,
                    -0.4811822415663254,
                    -0.0016917837306783337
                ],
                [
                    -0.4811822415663254,
                    0.006206778264950882,
                    -0.4873829665279443
                ],
                [
                    -0.0016917837306783337,
                    -0.4873829665279443,
                    -0.004426346288105332
                ]
            ],
            "volume_eff": 2.737739290497957,
            "alpha_iso": 0.8737465820738162,
            "c6_ii": 0.2450525966892293,
            "c8_ii": 1.5725880939576062,
            "c10_ii": 13.928707320414215,
            "slater_b_init": 69.077349601242
        },
        {
            "index": 15,
            "element": "H",
            "charge": 0.15177224409419954,
            "dipole": [
                -0.001998244471291101,
                -0.005408137371016866,
                0.046136564517395166
            ],
            "quadrupole": [
                [
                    -0.4794142230881737,
                    -0.4814910647418237,
                    0.0014793067558944522
                ],
                [
                    -0.4814910647418237,
                    0.005269865678391972,
                    -0.4894426326334374
                ],
                [
                    0.0014793067558944522,
                    -0.4894426326334374,
                    0.0016497541419104912
                ]
            ],
            "volume_eff": 2.7150949223303344,
            "alpha_iso": 0.8665196560628727,
            "c6_ii": 0.24101560707316422,
            "c8_ii": 1.538140922252457,
            "c10_ii": 13.548376037518548,
            "slater_b_init": 69.26885725446323
        },
        {
            "index": 16,
            "element": "H",
            "charge": 0.08630455182234509,
            "dipole": [
                0.05414344950768404,
                -0.0367789170894854,
                0.015479089220985877
            ],
            "quadrupole": [
                [
                    -0.5303209116982318,
                    -0.5277232675470629,
                    -0.003820622548513464
                ],
                [
                    -0.5277232675470629,
                    0.003246473521636281,
                    -0.5116320754904973
                ],
                [
                    -0.003820622548513464,
                    -0.5116320754904973,
                    -0.008167028381367151
                ]
            ],
            "volume_eff": 2.943666211648613,
            "alpha_iso": 0.9394679398878554,
            "c6_ii": 0.28330370693833834,
            "c8_ii": 1.908119549300827,
            "c10_ii": 17.73777166327276,
            "slater_b_init": 67.42746639329246
        },
        {
            "index": 17,
            "element": "H",
            "charge": 0.08090846457620171,
            "dipole": [
                -0.02705499808908127,
                0.05711422015009016,
                0.025679194954569412
            ],
            "quadrupole": [
                [
                    -0.533609227202073,
                    -0.5368358588913326,
                    -0.008370759801908205
                ],
                [
                    -0.5368358588913326,
                    0.0018006996935695516,
                    -0.5207765397693073
                ],
                [
                    -0.008370759801908205,
                    -0.5207765397693073,
                    -0.003188212522147303
                ]
            ],
            "volume_eff": 2.995944671454758,
            "alpha_iso": 0.9561525547196037,
            "c6_ii": 0.29345580747305483,
            "c8_ii": 1.9998289434917143,
            "c10_ii": 18.80975529690307,
            "slater_b_init": 67.03296548628269
        },
        {
            "index": 18,
            "element": "H",
            "charge": 0.09525968359949788,
            "dipole": [
                0.02372428269023784,
                0.030608501666178862,
                -0.057013201450931666
            ],
            "quadrupole": [
                [
                    -0.5047698382995631,
                    -0.5164883373651952,
                    -0.00027613579130252367
                ],
                [
                    -0.5164883373651952,
                    -0.006844619225199792,
                    -0.5216320186186377
                ],
                [
                    -0.00027613579130252367,
                    -0.5216320186186377,
                    0.004844498128394466
                ]
            ],
            "volume_eff": 2.881370047147749,
            "alpha_iso": 0.9195861852599198,
            "c6_ii": 0.2714395994462121,
            "c8_ii": 1.8023266835978362,
            "c10_ii": 16.517106699167137,
            "slater_b_init": 67.90994047691798
        },
        {
            "index": 19,
            "element": "H",
            "charge": 0.08096294391235281,
            "dipole": [
                -0.04733096474430035,
                -0.047628759559825616,
                0.00780037669039161
            ],
            "quadrupole": [
                [
                    -0.5251350283872407,
                    -0.5304658957826224,
                    -0.0030622929740086492
                ],
                [
                    -0.5304658957826224,
                    -0.011460738786293069,
                    -0.5312352281740325
                ],
                [
                    -0.0030622929740086492,
                    -0.5312352281740325,
                    0.00427078532762314
                ]
            ],
            "volume_eff": 2.9821665827393096,
            "alpha_iso": 0.9517552923636095,
            "c6_ii": 0.290762858643156,
            "c8_ii": 1.9753974014784366,
            "c10_ii": 18.522951148211448,
            "slater_b_init": 67.13604126327185
        },
        {
            "index": 20,
            "element": "H",
            "charge": 0.1511165039042197,
            "dipole": [
                -0.03891387285945688,
                0.014339533612871002,
                -0.023184408383860797
            ],
            "quadrupole": [
                [
                    -0.48924385756275474,
                    -0.4819324183954391,
                    0.0056954814552389234
                ],
                [
                    -0.4819324183954391,
                    0.000558357747721042,
                    -0.4807571356424554
                ],
                [
                    0.0056954814552389234,
                    -0.4807571356424554,
                    -0.0018301804781082152
                ]
            ],
            "volume_eff": 2.7188764766687057,
            "alpha_iso": 0.8677265351070338,
            "c6_ii": 0.24168744238210269,
            "c8_ii": 1.5438603702731821,
            "c10_ii": 13.611378405437561,
            "slater_b_init": 69.23672811514432
        },
        {
            "index": 21,
            "element": "H",
            "charge": 0.14845251719779395,
            "dipole": [
                0.037738057931832256,
                0.028074856879737403,
                0.0013422897049268224
            ],
            "quadrupole": [
                [
                    -0.4857140115911398,
                    -0.48790383135052023,
                    0.0018546988609194157
                ],
                [
                    -0.48790383135052023,
                    -0.007401620539956012,
                    -0.4841845166179913
                ],
                [
                    0.0018546988609194157,
                    -0.4841845166179913,
                    -0.005246284347392164
                ]
            ],
            "volume_eff": 2.7340989535935067,
            "alpha_iso": 0.8725847724234596,
            "c6_ii": 0.2444013433542941,
            "c8_ii": 1.5670181368485028,
            "c10_ii": 13.867066955435654,
            "slater_b_init": 69.10799385941047
        },
        {
            "index": 22,
            "element": "H",
            "charge": 0.14144387338053832,
            "dipole": [
                -0.00420430649356433,
                -0.020185891811941456,
                0.04123686488786727
            ],
            "quadrupole": [
                [
                    -0.49512776556244176,
                    -0.4881035774257066,
                    0.004436112333549586
                ],
                [
                    -0.4881035774257066,
                    -0.0031287411976389985,
                    -0.502585987104691
                ],
                [
                    0.004436112333549586,
                    -0.502585987104691,
                    -9.998759975547086e-06
                ]
            ],
            "volume_eff": 2.806036065619414,
            "alpha_iso": 0.8955434251976854,
            "c6_ii": 0.25743146526894894,
            "c8_ii": 1.6793894078397136,
            "c10_ii": 15.121028981424947,
            "slater_b_init": 68.51231031142615
        },
        {
            "index": 23,
            "element": "H",
            "charge": 0.08848960300428788,
            "dipole": [
                -0.021620393423312432,
                0.058233459019610384,
                0.015251647669142733
            ],
            "quadrupole": [
                [
                    -0.5139296842472895,
                    -0.5329900303435702,
                    -0.0018384434444592588
                ],
                [
                    -0.5329900303435702,
                    0.009186409088125366,
                    -0.5293568955329979
                ],
                [
                    -0.0018384434444592588,
                    -0.5293568955329979,
                    -0.0009902621036579895
                ]
            ],
            "volume_eff": 2.9738064299305336,
            "alpha_iso": 0.9490871584884683,
            "c6_ii": 0.28913490487161214,
            "c8_ii": 1.9606644283885413,
            "c10_ii": 18.35042684534501,
            "slater_b_init": 67.1988947632217
        },
        {
            "index": 24,
            "element": "H",
            "charge": 0.104724405577585,
            "dipole": [
                0.019382253841119555,
                -0.021430678372499748,
                -0.05728257519603601
            ],
            "quadrupole": [
                [
                    -0.5044556276927816,
                    -0.5072838155743392,
                    -0.0016426642517817576
                ],
                [
                    -0.5072838155743392,
                    0.010191662194884411,
                    -0.5169481352125259
                ],
                [
                    -0.0016426642517817576,
                    -0.5169481352125259,
                    0.004551606228644454
                ]
            ],
            "volume_eff": 2.866934691985572,
            "alpha_iso": 0.914979157016672,
            "c6_ii": 0.26872664570553617,
            "c8_ii": 1.7783485280625373,
            "c10_ii": 16.242885519679565,
            "slater_b_init": 68.0237279056876
        },
        {
            "index": 25,
            "element": "H",
            "charge": 0.11564310238239095,
            "dipole": [
                -0.012167215887759094,
                0.0013972012521604653,
                0.04646723463808304
            ],
            "quadrupole": [
                [
                    -0.4933970859436216,
                    -0.4894390668936981,
                    -0.002358563952115486
                ],
                [
                    -0.4894390668936981,
                    0.00136499529374505,
                    -0.5153903739345084
                ],
                [
                    -0.002358563952115486,
                    -0.5153903739345084,
                    0.011018695039811037
                ]
            ],
            "volume_eff": 2.79240893246853,
            "alpha_iso": 0.8911943401495308,
            "c6_ii": 0.2549371746886234,
            "c8_ii": 1.6577287244144792,
            "c10_ii": 14.8776354251875,
            "slater_b_init": 68.62357765359788
        },
        {
            "index": 26,
            "element": "H",
            "charge": 0.14500423400286166,
            "dipole": [
                0.029888195603761512,
                -0.013422177260717937,
                0.033614460318080644
            ],
            "quadrupole": [
                [
                    -0.49254921523359774,
                    -0.4848997830595584,
                    -0.0018718658548385466
                ],
                [
                    -0.4848997830595584,
                    0.0057900720964552555,
                    -0.491305293946568
                ],
                [
                    -0.0018718658548385466,
                    -0.491305293946568,
                    -0.005479553546299302
                ]
            ],
            "volume_eff": 2.761238705485327,
            "alpha_iso": 0.8812463953676576,
            "c6_ii": 0.2492774746056881,
            "c8_ii": 1.6088415968449163,
            "c10_ii": 14.331237450067801,
            "slater_b_init": 68.88083101894583
        },
        {
            "index": 27,
            "element": "H",
            "charge": 0.14031472724299976,
            "dipole": [
                0.011894139116733066,
                -0.01077958154961557,
                -0.042826301665022604
            ],
            "quadrupole": [
                [
                    -0.49370729228854976,
                    -0.4910165972436496,
                    -0.0008036007949175792
                ],
                [
                    -0.4910165972436496,
                    0.005808198759000335,
                    -0.505745937857013
                ],
                [
                    -0.0008036007949175792,
                    -0.505745937857013,
                    0.0032480930299639645
                ]
            ],
            "volume_eff": 2.8218848626285222,
            "alpha_iso": 0.90060155190272,
            "c6_ii": 0.26034767947567006,
            "c8_ii": 1.7048029424132038,
            "c10_ii": 15.407593663402917,
            "slater_b_init": 68.38380555348297
        },
        {
            "index": 28,
            "element": "H",
            "charge": 0.13280613449104717,
            "dipole": [
                -0.02350719924655018,
                0.04032463339205299,
                0.008007823435342254
            ],
            "quadrupole": [
                [
                    -0.4985778928602981,
                    -0.5109444531184506,
                    -5.460329787360643e-05
                ],
                [
                    -0.5109444531184506,
                    0.006405132310188921,
                    -0.5043326868245182
                ],
                [
                    -5.460329787360643e-05,
                    -0.5043326868245182,
                    -0.0028177323576839804
                ]
            ],
            "volume_eff": 2.873464744123548,
            "alpha_iso": 0.917063216209643,
            "c6_ii": 0.2699522037733844,
            "c8_ii": 1.7891705504375517,
            "c10_ii": 16.36653562097118,
            "slater_b_init": 67.97216003199006
        },
        {
            "index": 29,
            "element": "H",
            "charge": 0.1336660190167278,
            "dipole": [
                0.033966308311045273,
                0.0020683987624952427,
                0.03217157209185025
            ],
            "quadrupole": [
                [
                    -0.5099175011792064,
                    -0.49448498849886924,
                    0.0038874766611278113
                ],
                [
                    -0.49448498849886924,
                    -0.0006313781008643872,
                    -0.5055179333105382
                ],
                [
                    0.0038874766611278113,
                    -0.5055179333105382,
                    -0.003797896726562009
                ]
            ],
            "volume_eff": 2.8624762709104647,
            "alpha_iso": 0.9135562566735527,
            "c6_ii": 0.26789149242953386,
            "c8_ii": 1.7709833049219261,
            "c10_ii": 16.158839509918245,
            "slater_b_init": 68.05902614323159
        },
        {
            "index": 30,
            "element": "H",
            "charge": 0.13534119515470389,
            "dipole": [
                0.01274781260421758,
                -0.0009898592694833016,
                -0.044043793646497416
            ],
            "quadrupole": [
                [
                    -0.5036950355849948,
                    -0.49374245507401754,
                    -0.0017187089152436413
                ],
                [
                    -0.49374245507401754,
                    -0.0020305867779584247,
                    -0.511947512266519
                ],
                [
                    -0.0017187089152436413,
                    -0.511947512266519,
                    0.003616637766280049
                ]
            ],
            "volume_eff": 2.867427410899292,
            "alpha_iso": 0.9151364077338167,
            "c6_ii": 0.26881902177480016,
            "c8_ii": 1.7791636625026115,
            "c10_ii": 16.25219253522014,
            "slater_b_init": 68.01983144003466
        },
        {
            "index": 31,
            "element": "H",
            "charge": 0.14296094000654413,
            "dipole": [
                -0.04129133194846564,
                -0.024029980084535354,
                0.009588959661170305
            ],
            "quadrupole": [
                [
                    -0.49261246968301625,
                    -0.49004552638631205,
                    0.0016267658794244968
                ],
                [
                    -0.49004552638631205,
                    -0.007615566433450555,
                    -0.4928406208378984
                ],
                [
                    0.0016267658794244968,
                    -0.4928406208378984,
                    0.00036733634350524493
                ]
            ],
            "volume_eff": 2.777132317287727,
            "alpha_iso": 0.8863188246662959,
            "c6_ii": 0.2521554016407895,
            "c8_ii": 1.6336547235723233,
            "c10_ii": 14.608055987395714,
            "slater_b_init": 68.74917718960253
        }
    ]
}