{
    "molecule": "Est_379",
    "atoms": [
        {
            "index": 0,
            "element": "C",
            "charge": -0.20853546430149805,
            "dipole": [
                0.11110669793835987,
                0.021270738464590457,
                -0.03553345390901164
            ],
            "quadrupole": [
                [
                    -4.839191075178774,
                    -4.532179797742796,
                    -0.02072574701407855
                ],
                [
                    -4.532179797742796,
                    -0.07115552899197196,
                    -4.597278684720428
                ],
                [
                    -0.02072574701407855,
                    -4.597278684720428,
                    0.11536912030418207
                ]
            ],
            "volume_eff": 34.05365300068835,
            "alpha_iso": 10.697482618017283,
            "c6_ii": 37.03280459240025,
            "c8_ii": 993.7291227361816,
            "c10_ii": 33409.03192342617,
            "slater_b_init": 36.36647970975041
        },
        {
            "index": 1,
            "element": "C",
            "charge": -0.17463196492928645,
            "dipole": [
                -0.09713367091121887,
                -0.008714955845263467,
                0.05646950230025933
            ],
            "quadrupole": [
                [
                    -4.767342072186146,
                    -4.388807594114771,
                    0.03372631251078662
                ],
                [
                    -4.388807594114771,
                    -0.060517451677164234,
                    -4.428898808911647
                ],
                [
                    0.03372631251078662,
                    -4.428898808911647,
                    0.15077743596909302
                ]
            ],
            "volume_eff": 32.88779077054129,
            "alpha_iso": 10.331243173992027,
            "c6_ii": 34.54049781416187,
            "c8_ii": 905.5741209255264,
            "c10_ii": 29746.362979407677,
            "slater_b_init": 36.79122641550615
        },
        {
            "index": 2,
            "element": "C",
            "charge": 0.8036289221614936,
            "dipole": [
                -0.05518707830214031,
                -0.029110674743809416,
                -0.00808631133478258
            ],
            "quadrupole": [
                [
                    -3.0985043271583304,
                    -2.959912558448262,
                    -0.08297056212305823
                ],
                [
                    -2.959912558448262,
                    -0.048076112049839165,
                    -3.0708874136000897
                ],
                [
                    -0.08297056212305823,
                    -3.0708874136000897,
                    0.0691249957365389
                ]
            ],
            "volume_eff": 20.41640666781033,
            "alpha_iso": 6.413530890411622,
            "c6_ii": 13.311218314399353,
            "c8_ii": 253.96641466979398,
            "c10_ii": 6070.846183327544,
            "slater_b_init": 43.12833869406603
        },
        {
            "index": 3,
            "element": "O",
            "charge": -0.5427409310207683,
            "dipole": [
                -0.02083427221116252,
                0.05696984847385193,
                0.1101210901514552
            ],
            "quadrupole": [
                [
                    -4.338034654775621,
                    -4.238512973354517,
                    -0.05152081305012335
                ],
                [
                    -4.238512973354517,
                    -0.04403390255538526,
                    -4.295844629065732
                ],
                [
                    -0.05152081305012335,
                    -4.295844629065732,
                    0.03785974750388633
                ]
            ],
            "volume_eff": 24.863128078397878,
            "alpha_iso": 7.4177288189695325,
            "c6_ii": 29.436012790659454,
            "c8_ii": 1259.1175364407386,
            "c10_ii": 51863.65816094043,
            "slater_b_init": 33.28454771659728
        },
        {
            "index": 4,
            "element": "O",
            "charge": -0.3767960008140889,
            "dipole": [
                -0.08649388246768668,
                -0.023911514958342858,
                0.00038752142337589233
            ],
            "quadrupole": [
                [
                    -3.9770038577848545,
                    -4.0214816551048775,
                    -0.01891622586407051
                ],
                [
                    -4.0214816551048775,
                    -0.003869752822155673,
                    -4.056312433219226
                ],
                [
                    -0.01891622586407051,
                    -4.056312433219226,
                    0.00528581522408373
                ]
            ],
            "volume_eff": 22.728122195133448,
            "alpha_iso": 6.780765737774621,
            "c6_ii": 24.59770336944512,
            "c8_ii": 991.0305487464248,
            "c10_ii": 38449.35933385743,
            "slater_b_init": 34.29573097598514
        },
        {
            "index": 5,
            "element": "C",
            "charge": 0.061424152580125124,
            "dipole": [
                0.10532732099269528,
                0.08012992577876836,
                -0.07606424669318677
            ],
            "quadrupole": [
                [
                    -4.1339975433107705,
                    -4.274661799563439,
                    0.011108961495848276
                ],
                [
                    -4.274661799563439,
                    0.025584730758319588,
                    -4.195459913365922
                ],
                [
                    0.011108961495848276,
                    -4.195459913365922,
                    -0.05293453998006675
                ]
            ],
            "volume_eff": 30.305656624801298,
            "alpha_iso": 9.520101557529202,
            "c6_ii": 29.32963020014041,
            "c8_ii": 728.1619746805893,
            "c10_ii": 22649.773547982597,
            "slater_b_init": 37.80778772592295
        },
        {
            "index": 6,
            "element": "C",
            "charge": -0.3903523173690413,
            "dipole": [
                -0.0073438320488721925,
                -0.03568398952406565,
                0.014066924561365653
            ],
            "quadrupole": [
                [
                    -4.887378442132491,
                    -4.933340386847106,
                    0.03129801939637703
                ],
                [
                    -4.933340386847106,
                    0.009941497659458542,
                    -4.863552575236201
                ],
                [
                    0.03129801939637703,
                    -4.863552575236201,
                    -0.013406647763455345
                ]
            ],
            "volume_eff": 36.12379107134921,
            "alpha_iso": 11.347787771104462,
            "c6_ii": 41.67214297283405,
            "c8_ii": 1163.0909027014113,
            "c10_ii": 40672.03877917177,
            "slater_b_init": 35.65808846194253
        },
        {
            "index": 7,
            "element": "C",
            "charge": 0.3817650350734141,
            "dipole": [
                0.0856324436937513,
                0.022472376593508803,
                -0.017285333694472882
            ],
            "quadrupole": [
                [
                    -3.715082753038247,
                    -3.4884700863429545,
                    0.022417845510848924
                ],
                [
                    -3.4884700863429545,
                    -0.0827876891476381,
                    -3.4839896679582547
                ],
                [
                    0.022417845510848924,
                    -3.4839896679582547,
                    0.07594030992414669
                ]
            ],
            "volume_eff": 24.442901606800007,
            "alpha_iso": 7.67839841051309,
            "c6_ii": 19.079399862615,
            "c8_ii": 410.42974349597745,
            "c10_ii": 11061.84075582788,
            "slater_b_init": 40.616725898437174
        },
        {
            "index": 8,
            "element": "N",
            "charge": -0.4451248162298702,
            "dipole": [
                -0.11289362115032356,
                -0.02522666958694776,
                0.03146317750755928
            ],
            "quadrupole": [
                [
                    -4.905401795298692,
                    -4.613657196261781,
                    0.021375353353060993
                ],
                [
                    -4.613657196261781,
                    -0.09141999835940184,
                    -4.617506530804499
                ],
                [
                    0.021375353353060993,
                    -4.617506530804499,
                    0.08749110308179178
                ]
            ],
            "volume_eff": 31.030330320174972,
            "alpha_iso": 9.040332455484048,
            "c6_ii": 36.117753541223756,
            "c8_ii": 1296.2459460902344,
            "c10_ii": 50677.55125856255,
            "slater_b_init": 33.67582728045088
        },
        {
            "index": 9,
            "element": "H",
            "charge": 0.2617908894511356,
            "dipole": [
                0.05773963362434579,
                0.009636895941886735,
                -0.02256144776851474
            ],
            "quadrupole": [
                [
                    -0.3579605099496676,
                    -0.370081684676351,
                    -0.0025416300950380187
                ],
                [
                    -0.370081684676351,
                    0.0014405517480931952,
                    -0.3695952212409195
                ],
                [
                    -0.0025416300950380187,
                    -0.3695952212409195,
                    -0.005109488114525908
                ]
            ],
            "volume_eff": 1.8916923053117933,
            "alpha_iso": 0.6037315868016362,
            "c6_ii": 0.11699737717842666,
            "c8_ii": 0.5868188726897939,
            "c10_ii": 4.06230170032903,
            "slater_b_init": 78.13570405301422
        },
        {
            "index": 10,
            "element": "H",
            "charge": 0.12013681413580324,
            "dipole": [
                9.648932500024937e-05,
                -0.009804041902034788,
                0.06837823920211104
            ],
            "quadrupole": [
                [
                    -0.4820107867668401,
                    -0.5029538668495244,
                    -0.0030804219370816695
                ],
                [
                    -0.5029538668495244,
                    -0.00529986053424619,
                    -0.5032814947872489
                ],
                [
                    -0.0030804219370816695,
                    -0.5032814947872489,
                    -0.005958817331274534
                ]
            ],
            "volume_eff": 2.7685835889249284,
            "alpha_iso": 0.8835905071037006,
            "c6_ii": 0.25060539247331043,
            "c8_ii": 1.6202789402581537,
            "c10_ii": 14.458702362786935,
            "slater_b_init": 68.81986485911814
        },
        {
            "index": 11,
            "element": "H",
            "charge": 0.12008988365901474,
            "dipole": [
                -0.020666570464529424,
                -0.050633873105982365,
                -0.03662621044436822
            ],
            "quadrupole": [
                [
                    -0.47373566787792626,
                    -0.49365910758148124,
                    -0.0018068927709440996
                ],
                [
                    -0.49365910758148124,
                    -0.0015107315116292689,
                    -0.4932341671551354
                ],
                [
                    -0.0018068927709440996,
                    -0.4932341671551354,
                    -0.0038148320536255265
                ]
            ],
            "volume_eff": 2.68457316256788,
            "alpha_iso": 0.8567786689046425,
            "c6_ii": 0.23562730709555907,
            "c8_ii": 1.492462397777844,
            "c10_ii": 13.047320513184877,
            "slater_b_init": 69.53038179445535
        },
        {
            "index": 12,
            "element": "H",
            "charge": 0.18739516944233947,
            "dipole": [
                0.005246144581578195,
                0.0070107518742533684,
                -0.049806355892097476
            ],
            "quadrupole": [
                [
                    -0.43100255968771195,
                    -0.43718541752441625,
                    0.002011948286259747
                ],
                [
                    -0.43718541752441625,
                    -0.0036540557144849987,
                    -0.44445068559649387
                ],
                [
                    0.002011948286259747,
                    -0.44445068559649387,
                    0.0007109746115575546
                ]
            ],
            "volume_eff": 2.3767991448357044,
            "alpha_iso": 0.7585529185645865,
            "c6_ii": 0.18469710847943405,
            "c8_ii": 1.0786553454777865,
            "c10_ii": 8.694516954661113,
            "slater_b_init": 72.41060921574737
        },
        {
            "index": 13,
            "element": "H",
            "charge": 0.19859587406483492,
            "dipole": [
                0.01720541057062556,
                0.04020966225557665,
                0.028418140775522828
            ],
            "quadrupole": [
                [
                    -0.42269536496004395,
                    -0.42861635294943395,
                    -0.0007302231545370961
                ],
                [
                    -0.42861635294943395,
                    -0.00406073548368943,
                    -0.42956254134595806
                ],
                [
                    -0.0007302231545370961,
                    -0.42956254134595806,
                    -0.003263391238448133
                ]
            ],
            "volume_eff": 2.306236102244767,
            "alpha_iso": 0.7360327985887555,
            "c6_ii": 0.1738932258710899,
            "c8_ii": 0.9953583336962404,
            "c10_ii": 7.863509301793681,
            "slater_b_init": 73.14170951877513
        }
    ]
}