{
    "molecule": "Phos_762",
    "atoms": [
        {
            "index": 0,
            "element": "C",
            "charge": -0.5280576104952779,
            "dipole": [
                -0.006564147475643367,
                0.023326577758517895,
                0.026002363755750216
            ],
            "quadrupole": [
                [
                    -5.238333749462075,
                    -5.268976806417517,
                    -0.0077926415164119725
                ],
                [
                    -5.268976806417517,
                    0.045621249575798495,
                    -5.207203657079635
                ],
                [
                    -0.0077926415164119725,
                    -5.207203657079635,
                    -0.00933552269557431
                ]
            ],
            "volume_eff": 39.68434597374504,
            "alpha_iso": 12.466286693323049,
            "c6_ii": 50.29185390748435,
            "c8_ii": 1494.4546475762809,
            "c10_ii": 55639.3815966039,
            "slater_b_init": 34.558065457991525
        },
        {
            "index": 1,
            "element": "C",
            "charge": 0.32807924108693065,
            "dipole": [
                -0.023407113698617237,
                -0.05606701163689527,
                0.12431458405139968
            ],
            "quadrupole": [
                [
                    -3.797713917114412,
                    -3.8112810721780854,
                    -0.0661787071383107
                ],
                [
                    -3.8112810721780854,
                    0.017938671066685327,
                    -3.698513653423706
                ],
                [
                    -0.0661787071383107,
                    -3.698513653423706,
                    -0.04698955955698862
                ]
            ],
            "volume_eff": 26.608897788691255,
            "alpha_iso": 8.358816059274739,
            "c6_ii": 22.610645524555423,
            "c8_ii": 514.7185595461182,
            "c10_ii": 14680.510386127022,
            "slater_b_init": 39.48330847308902
        },
        {
            "index": 2,
            "element": "C",
            "charge": -0.5209501416426541,
            "dipole": [
                -0.01574946882169427,
                -0.037289777634318365,
                -0.0010526337110781418
            ],
            "quadrupole": [
                [
                    -5.222702761664088,
                    -5.191072981831858,
                    -0.017204073095335233
                ],
                [
                    -5.191072981831858,
                    -0.012040926411673467,
                    -5.190152087711742
                ],
                [
                    -0.017204073095335233,
                    -5.190152087711742,
                    -0.043827349702673817
                ]
            ],
            "volume_eff": 39.24329564341013,
            "alpha_iso": 12.327736851333025,
            "c6_ii": 49.18018241533532,
            "c8_ii": 1450.5723444072985,
            "c10_ii": 53604.729766044395,
            "slater_b_init": 34.68704799655228
        },
        {
            "index": 3,
            "element": "O",
            "charge": -0.5703679511696578,
            "dipole": [
                0.21072056199380276,
                -0.035017650639085504,
                0.00043524165621729996
            ],
            "quadrupole": [
                [
                    -4.284866755667837,
                    -4.223747618404901,
                    0.013238789028150085
                ],
                [
                    -4.223747618404901,
                    0.01320217043714473,
                    -4.240769758712345
                ],
                [
                    0.013238789028150085,
                    -4.240769758712345,
                    -0.008426940916502257
                ]
            ],
            "volume_eff": 24.395690831083286,
            "alpha_iso": 7.2782724026436325,
            "c6_ii": 28.339598319839126,
            "c8_ii": 1196.977212201685,
            "c10_ii": 48684.157462568946,
            "slater_b_init": 33.49578873731656
        },
        {
            "index": 4,
            "element": "P",
            "charge": 1.743093502869538,
            "dipole": [
                0.052260223381886364,
                0.026022350229773547,
                -0.036012141764169885
            ],
            "quadrupole": [
                [
                    -6.30009847211438,
                    -6.272095637963531,
                    0.002803062504282853
                ],
                [
                    -6.272095637963531,
                    0.017329873388616385,
                    -6.262685248508917
                ],
                [
                    0.002803062504282853,
                    -6.262685248508917,
                    0.0629848191875153
                ]
            ],
            "volume_eff": 50.190011860017435,
            "alpha_iso": 19.30385071539132,
            "c6_ii": 110.30104112286575,
            "c8_ii": 3512.70666258258,
            "c10_ii": 63353.56591819345,
            "slater_b_init": 35.97045731593425
        },
        {
            "index": 5,
            "element": "O",
            "charge": -0.827203506945942,
            "dipole": [
                -0.17060935190365623,
                -0.09207834185365635,
                0.283094985214425
            ],
            "quadrupole": [
                [
                    -4.691579760581499,
                    -4.696243933775823,
                    0.013751171494245538
                ],
                [
                    -4.696243933775823,
                    -0.0013608800185452605,
                    -4.722470574659835
                ],
                [
                    0.013751171494245538,
                    -4.722470574659835,
                    0.024390116191741317
                ]
            ],
            "volume_eff": 27.916752568455887,
            "alpha_iso": 8.328754909926067,
            "c6_ii": 37.11053738868428,
            "c8_ii": 1714.8413736044868,
            "c10_ii": 76306.27382737034,
            "slater_b_init": 32.02380627697319
        },
        {
            "index": 6,
            "element": "O",
            "charge": -0.5636468357354047,
            "dipole": [
                -0.06857146734448193,
                -0.10454283178462064,
                -0.14347536805342848
            ],
            "quadrupole": [
                [
                    -4.232352303268207,
                    -4.210715680998945,
                    -0.009908670868976113
                ],
                [
                    -4.210715680998945,
                    0.008942355468572753,
                    -4.297334532200632
                ],
                [
                    -0.009908670868976113,
                    -4.297334532200632,
                    -0.00948480032496929
                ]
            ],
            "volume_eff": 24.382545167716312,
            "alpha_iso": 7.274350492025861,
            "c6_ii": 28.309064858060882,
            "c8_ii": 1195.2580020649063,
            "c10_ii": 48596.76726014181,
            "slater_b_init": 33.50180732221147
        },
        {
            "index": 7,
            "element": "C",
            "charge": 0.008428574529943944,
            "dipole": [
                -0.005013339662884751,
                0.17217643318675815,
                -0.02876594333674131
            ],
            "quadrupole": [
                [
                    -4.3248366093374475,
                    -4.1844841117153,
                    -0.0649395457897277
                ],
                [
                    -4.1844841117153,
                    0.034839333491188736,
                    -4.269477141948345
                ],
                [
                    -0.0649395457897277,
                    -4.269477141948345,
                    0.0003562002938515219
                ]
            ],
            "volume_eff": 30.641322854293712,
            "alpha_iso": 9.625546446374987,
            "c6_ii": 29.982939782191746,
            "c8_ii": 749.8680151385563,
            "c10_ii": 23496.86417433003,
            "slater_b_init": 37.66922296296659
        },
        {
            "index": 8,
            "element": "C",
            "charge": 0.298765366711196,
            "dipole": [
                0.06653142791427803,
                0.021474937941806136,
                -0.00034959766444167577
            ],
            "quadrupole": [
                [
                    -3.9042007749585874,
                    -3.550152910782519,
                    -0.009663940575552983
                ],
                [
                    -3.550152910782519,
                    -0.011718041778538246,
                    -3.5761727788062907
                ],
                [
                    -0.009663940575552983,
                    -3.5761727788062907,
                    0.037696499677507815
                ]
            ],
            "volume_eff": 25.36118659694829,
            "alpha_iso": 7.966864899564907,
            "c6_ii": 20.539900228340567,
            "c8_ii": 452.84577395308787,
            "c10_ii": 12508.832248169776,
            "slater_b_init": 40.12046662806499
        },
        {
            "index": 9,
            "element": "N",
            "charge": -0.38913237020275737,
            "dipole": [
                -0.09945495474398153,
                -0.003081508293156912,
                0.027437149670271548
            ],
            "quadrupole": [
                [
                    -4.866068486754841,
                    -4.470053399996173,
                    0.0031384305553679237
                ],
                [
                    -4.470053399996173,
                    -0.023184704845001493,
                    -4.505401918761216
                ],
                [
                    0.0031384305553679237,
                    -4.505401918761216,
                    0.05055486020889219
                ]
            ],
            "volume_eff": 30.180761525147588,
            "alpha_iso": 8.792820286854022,
            "c6_ii": 34.167115851812675,
            "c8_ii": 1203.7534125071193,
            "c10_ii": 46198.542220799034,
            "slater_b_init": 33.98889208536964
        },
        {
            "index": 10,
            "element": "O",
            "charge": -0.5451280485373715,
            "dipole": [
                -0.026464179590027077,
                0.19386137901669828,
                -0.03145839797512959
            ],
            "quadrupole": [
                [
                    -4.193089401756661,
                    -4.2425985980552925,
                    0.027760149615753224
                ],
                [
                    -4.2425985980552925,
                    -0.02589595150773755,
                    -4.205263125025083
                ],
                [
                    0.027760149615753224,
                    -4.205263125025083,
                    0.014086987505803733
                ]
            ],
            "volume_eff": 24.11141872279495,
            "alpha_iso": 7.193461939397388,
            "c6_ii": 27.6829889200109,
            "c8_ii": 1160.1432046089576,
            "c10_ii": 46818.74909389782,
            "slater_b_init": 33.62691251243544
        },
        {
            "index": 11,
            "element": "C",
            "charge": 0.002599279819777145,
            "dipole": [
                0.1789926721537544,
                -0.021583660411026977,
                -0.037315053256606216
            ],
            "quadrupole": [
                [
                    -4.14505123672595,
                    -4.336861497578431,
                    0.04731102466652096
                ],
                [
                    -4.336861497578431,
                    -0.024828468467639347,
                    -4.2512912910452245
                ],
                [
                    0.04731102466652096,
                    -4.2512912910452245,
                    0.005902773694649427
                ]
            ],
            "volume_eff": 30.3670783767745,
            "alpha_iso": 9.539396348724972,
            "c6_ii": 29.448637873124575,
            "c8_ii": 732.104082001181,
            "c10_ii": 22803.15319204057,
            "slater_b_init": 37.78227997080896
        },
        {
            "index": 12,
            "element": "C",
            "charge": 0.3010247996782969,
            "dipole": [
                0.019670479343766017,
                -0.0686833900788892,
                0.02755605288956144
            ],
            "quadrupole": [
                [
                    -3.52161137755945,
                    -3.8389755292743,
                    0.13943394316458396
                ],
                [
                    -3.8389755292743,
                    -0.029386367367594608,
                    -3.614134797893895
                ],
                [
                    0.13943394316458396,
                    -3.614134797893895,
                    0.008401792046021825
                ]
            ],
            "volume_eff": 25.10865532299589,
            "alpha_iso": 7.8875357035589175,
            "c6_ii": 20.132889080077202,
            "c8_ii": 440.9208954162789,
            "c10_ii": 12098.449618307273,
            "slater_b_init": 40.2545225858191
        },
        {
            "index": 13,
            "element": "N",
            "charge": -0.3923095526882969,
            "dipole": [
                0.005716025791001378,
                0.09548549035156992,
                -0.044786797900182716
            ],
            "quadrupole": [
                [
                    -4.467357617456861,
                    -4.810697526152511,
                    0.14211786868929455
                ],
                [
                    -4.810697526152511,
                    -0.014112472470106987,
                    -4.571136339969051
                ],
                [
                    0.14211786868929455,
                    -4.571136339969051,
                    -0.004822388871415802
                ]
            ],
            "volume_eff": 30.17091172875097,
            "alpha_iso": 8.789950661132172,
            "c6_ii": 34.144817924184395,
            "c8_ii": 1202.7060785080596,
            "c10_ii": 46148.30348410992,
            "slater_b_init": 33.99259042948448
        },
        {
            "index": 14,
            "element": "H",
            "charge": 0.1633757109753633,
            "dipole": [
                0.01939701093750189,
                -0.01650044179813541,
                0.03673676668731533
            ],
            "quadrupole": [
                [
                    -0.472720953092594,
                    -0.4670283006934596,
                    0.006572088656221523
                ],
                [
                    -0.4670283006934596,
                    -0.0013503810658743337,
                    -0.4709793236076013
                ],
                [
                    0.006572088656221523,
                    -0.4709793236076013,
                    -0.0051714384927548955
                ]
            ],
            "volume_eff": 2.6255009267030616,
            "alpha_iso": 0.8379258276711898,
            "c6_ii": 0.22537175320542796,
            "c8_ii": 1.4064853590979052,
            "c10_ii": 12.114656462752343,
            "slater_b_init": 70.04798339036854
        },
        {
            "index": 15,
            "element": "H",
            "charge": 0.1642217021405339,
            "dipole": [
                0.02886577808910255,
                0.014954668608884671,
                -0.03220753165946787
            ],
            "quadrupole": [
                [
                    -0.4721894820541646,
                    -0.46152648691120257,
                    0.0026616300018441385
                ],
                [
                    -0.46152648691120257,
                    -0.0033683299564540073,
                    -0.4722077023388072
                ],
                [
                    0.0026616300018441385,
                    -0.4722077023388072,
                    0.0017470919291883514
                ]
            ],
            "volume_eff": 2.6097148623933273,
            "alpha_iso": 0.8328877220404236,
            "c6_ii": 0.22266976414404732,
            "c8_ii": 1.3840472082088378,
            "c10_ii": 11.873553493825948,
            "slater_b_init": 70.18893874124801
        },
        {
            "index": 16,
            "element": "H",
            "charge": 0.14426276495226142,
            "dipole": [
                -0.033933492250061426,
                -0.027746872594015235,
                -0.01139856779643796
            ],
            "quadrupole": [
                [
                    -0.48488665109993073,
                    -0.49207002992114607,
                    0.00029572387389119635
                ],
                [
                    -0.49207002992114607,
                    -0.0063379865296273,
                    -0.4913199217628406
                ],
                [
                    0.00029572387389119635,
                    -0.4913199217628406,
                    -0.003196550957223672
                ]
            ],
            "volume_eff": 2.7533694643634523,
            "alpha_iso": 0.8787349354351444,
            "c6_ii": 0.2478586698223382,
            "c8_ii": 1.5966438690952365,
            "c10_ii": 14.195547778887883,
            "slater_b_init": 68.94639000073491
        },
        {
            "index": 17,
            "element": "H",
            "charge": 0.08406905000650788,
            "dipole": [
                -0.029777745642824545,
                0.030696810438565647,
                -0.05572938521544116
            ],
            "quadrupole": [
                [
                    -0.5110627125659201,
                    -0.5137962336576668,
                    0.0021569916460636236
                ],
                [
                    -0.5137962336576668,
                    0.003770714501758068,
                    -0.515301459272958
                ],
                [
                    0.0021569916460636236,
                    -0.515301459272958,
                    -0.010199765683443338
                ]
            ],
            "volume_eff": 2.849804869820716,
            "alpha_iso": 0.9095121924959733,
            "c6_ii": 0.2655249769848104,
            "c8_ii": 1.7501545899814275,
            "c10_ii": 15.921632588281733,
            "slater_b_init": 68.15974978409318
        },
        {
            "index": 18,
            "element": "H",
            "charge": 0.15869240535172735,
            "dipole": [
                0.028065698879194866,
                0.011766445652549782,
                -0.03403674320881166
            ],
            "quadrupole": [
                [
                    -0.4776851247988672,
                    -0.47240599654401627,
                    0.004756535237647925
                ],
                [
                    -0.47240599654401627,
                    0.0028977519724338167,
                    -0.4757368947538289
                ],
                [
                    0.004756535237647925,
                    -0.4757368947538289,
                    0.005199889652323989
                ]
            ],
            "volume_eff": 2.65762021794796,
            "alpha_iso": 0.8481766653025405,
            "c6_ii": 0.23091969190934797,
            "c8_ii": 1.4528380225988708,
            "c10_ii": 12.615764702906162,
            "slater_b_init": 69.76464508888681
        },
        {
            "index": 19,
            "element": "H",
            "charge": 0.15961785160897335,
            "dipole": [
                -0.028186302939222422,
                0.03380803699130911,
                0.018245085268706305
            ],
            "quadrupole": [
                [
                    -0.4682672531004155,
                    -0.4755182925165219,
                    -0.0006794670461729315
                ],
                [
                    -0.4755182925165219,
                    0.004443556508542948,
                    -0.474728845505901
                ],
                [
                    -0.0006794670461729315,
                    -0.474728845505901,
                    0.0010567336525947604
                ]
            ],
            "volume_eff": 2.635425875758344,
            "alpha_iso": 0.841093364603727,
            "c6_ii": 0.22707887959865264,
            "c8_ii": 1.420708226376138,
            "c10_ii": 12.267984048826191,
            "slater_b_init": 69.95993977990962
        },
        {
            "index": 20,
            "element": "H",
            "charge": 0.15945179305178825,
            "dipole": [
                0.018306476629893435,
                -0.02034179451689473,
                0.03535927996928597
            ],
            "quadrupole": [
                [
                    -0.4760967080369178,
                    -0.4697647722558656,
                    0.0035223561578798515
                ],
                [
                    -0.4697647722558656,
                    0.0069080773176887125,
                    -0.47887668978710646
                ],
                [
                    0.0035223561578798515,
                    -0.47887668978710646,
                    -0.0016823616242762386
                ]
            ],
            "volume_eff": 2.6587888913445012,
            "alpha_iso": 0.848549646173777,
            "c6_ii": 0.231122827809416,
            "c8_ii": 1.4545423196938234,
            "c10_ii": 12.63426656157807,
            "slater_b_init": 69.7544218836579
        },
        {
            "index": 21,
            "element": "H",
            "charge": 0.15204216346803812,
            "dipole": [
                0.035462046044179865,
                -0.02865024983643294,
                0.05333110668298942
            ],
            "quadrupole": [
                [
                    -0.461671224379614,
                    -0.45458402119061897,
                    -0.004874392711780651
                ],
                [
                    -0.45458402119061897,
                    0.0072395224356748885,
                    -0.46697793833403245
                ],
                [
                    -0.004874392711780651,
                    -0.46697793833403245,
                    0.0012282690518690333
                ]
            ],
            "volume_eff": 2.51741918919128,
            "alpha_iso": 0.8034316561248765,
            "c6_ii": 0.2071983096006495,
            "c8_ii": 1.257334547619144,
            "c10_ii": 10.530661298465557,
            "slater_b_init": 71.03643904834355
        },
        {
            "index": 22,
            "element": "H",
            "charge": 0.1485619882926934,
            "dipole": [
                0.014084574272345253,
                -0.019845515622499817,
                -0.06127659986511613
            ],
            "quadrupole": [
                [
                    -0.464349164468847,
                    -0.4477898536053381,
                    -0.0020548148369382837
                ],
                [
                    -0.4477898536053381,
                    0.007864605555709088,
                    -0.467158811410439
                ],
                [
                    -0.0020548148369382837,
                    -0.467158811410439,
                    3.0120757222913725e-05
                ]
            ],
            "volume_eff": 2.4981694327291812,
            "alpha_iso": 0.7972881168284622,
            "c6_ii": 0.20404168977941686,
            "c8_ii": 1.2318593385014787,
            "c10_ii": 10.264634360729593,
            "slater_b_init": 71.21843055213003
        },
        {
            "index": 23,
            "element": "H",
            "charge": 0.15264876863438093,
            "dipole": [
                -0.04277072721508649,
                -0.04033768343393819,
                -0.03493876757004915
            ],
            "quadrupole": [
                [
                    -0.4510036151645888,
                    -0.45731695074986234,
                    0.00013206949136283994
                ],
                [
                    -0.45731695074986234,
                    -0.006123066483693638,
                    -0.46433902418936096
                ],
                [
                    0.00013206949136283994,
                    -0.46433902418936096,
                    -0.0012792781802305289
                ]
            ],
            "volume_eff": 2.4861935806598114,
            "alpha_iso": 0.7934660363807908,
            "c6_ii": 0.20209008793994945,
            "c8_ii": 1.2161745807931834,
            "c10_ii": 10.101526003890392,
            "slater_b_init": 71.33259913357617
        },
        {
            "index": 24,
            "element": "H",
            "charge": 0.16143020070156322,
            "dipole": [
                -0.007390519808527888,
                0.002726738165869254,
                0.06823802180728528
            ],
            "quadrupole": [
                [
                    -0.44040840097881073,
                    -0.45095617545918804,
                    -0.0006888237581516517
                ],
                [
                    -0.45095617545918804,
                    -0.0071814654671930305,
                    -0.453456017545087
                ],
                [
                    -0.0006888237581516517,
                    -0.453456017545087,
                    0.0011701914938998914
                ]
            ],
            "volume_eff": 2.421121398405515,
            "alpha_iso": 0.772698318640058,
            "c6_ii": 0.1916497528686233,
            "c8_ii": 1.1331313527431484,
            "c10_ii": 9.246820006582066,
            "slater_b_init": 71.96602358882745
        }
    ]
}