{
    "molecule": "Sulf_458",
    "atoms": [
        {
            "index": 0,
            "element": "C",
            "charge": -0.3614249941355361,
            "dipole": [
                -0.11091406311020943,
                0.001810899476169799,
                0.013945014443472853
            ],
            "quadrupole": [
                [
                    -4.95472358553296,
                    -4.870593146797219,
                    0.006815087962835578
                ],
                [
                    -4.870593146797219,
                    -0.006326358842747113,
                    -4.880859802755652
                ],
                [
                    0.006815087962835578,
                    -4.880859802755652,
                    0.006070458721310788
                ]
            ],
            "volume_eff": 36.426878448554284,
            "alpha_iso": 11.442998465514433,
            "c6_ii": 42.37435532562695,
            "c8_ii": 1189.296164391928,
            "c10_ii": 41820.70908954113,
            "slater_b_init": 35.55891599459832
        },
        {
            "index": 1,
            "element": "C",
            "charge": -0.4470733475460511,
            "dipole": [
                0.12356917970860049,
                0.037721015893447764,
                0.0015051109341135264
            ],
            "quadrupole": [
                [
                    -5.133428633122731,
                    -5.096801334303737,
                    -0.04278885938611996
                ],
                [
                    -5.096801334303737,
                    -0.014383142678297725,
                    -4.996083849919517
                ],
                [
                    -0.04278885938611996,
                    -4.996083849919517,
                    0.008093706673477075
                ]
            ],
            "volume_eff": 38.072830603833665,
            "alpha_iso": 11.960051498586491,
            "c6_ii": 46.29024975108325,
            "c8_ii": 1338.0486725306125,
            "c10_ii": 48458.36522039186,
            "slater_b_init": 35.03892524199817
        },
        {
            "index": 2,
            "element": "S",
            "charge": 1.1479690976770982,
            "dipole": [
                0.09004665792873963,
                -0.12035414384854293,
                -0.07616095920423381
            ],
            "quadrupole": [
                [
                    -7.75567595106029,
                    -7.758670165630896,
                    -0.013299128052864187
                ],
                [
                    -7.758670165630896,
                    -0.007783002997602082,
                    -7.8068295447246525
                ],
                [
                    -0.013299128052864187,
                    -7.8068295447246525,
                    0.01000378187526808
                ]
            ],
            "volume_eff": 60.28588907032995,
            "alpha_iso": 15.71281151301153,
            "c6_ii": 86.11929330544386,
            "c8_ii": 2218.4732851182985,
            "c10_ii": 57434.65425133518,
            "slater_b_init": 36.59987823608888
        },
        {
            "index": 3,
            "element": "O",
            "charge": -0.5975482518391289,
            "dipole": [
                0.07481545665577392,
                -0.13559360856707114,
                0.08401642666651517
            ],
            "quadrupole": [
                [
                    -4.321939499081994,
                    -4.347600031071652,
                    0.016978129317414704
                ],
                [
                    -4.347600031071652,
                    0.016953468641090586,
                    -4.328365740627994
                ],
                [
                    0.016978129317414704,
                    -4.328365740627994,
                    -0.0025258328147153572
                ]
            ],
            "volume_eff": 25.042070386132576,
            "alpha_iso": 7.471114921829608,
            "c6_ii": 29.861245114296512,
            "c8_ii": 1283.4280059246432,
            "c10_ii": 53118.36455116023,
            "slater_b_init": 33.20507802365474
        },
        {
            "index": 4,
            "element": "O",
            "charge": -0.5915847587283469,
            "dipole": [
                0.022009056622208485,
                -0.006415623617378813,
                -0.16960166597856716
            ],
            "quadrupole": [
                [
                    -4.311072023165556,
                    -4.297798117984005,
                    -0.006907530134412135
                ],
                [
                    -4.297798117984005,
                    -0.006680398179446151,
                    -4.342046730296199
                ],
                [
                    -0.006907530134412135,
                    -4.342046730296199,
                    0.009407998549274545
                ]
            ],
            "volume_eff": 24.899266715071565,
            "alpha_iso": 7.428510511678809,
            "c6_ii": 29.52164565792565,
            "c8_ii": 1264.0038000638021,
            "c10_ii": 52115.36452533964,
            "slater_b_init": 33.268436926395246
        },
        {
            "index": 5,
            "element": "C",
            "charge": -0.20628587317384728,
            "dipole": [
                -0.08248743055554505,
                0.16388433068690644,
                -0.043855344662036035
            ],
            "quadrupole": [
                [
                    -4.829417031671142,
                    -4.644578905274407,
                    -0.011598064729242193
                ],
                [
                    -4.644578905274407,
                    -0.015414923127488973,
                    -4.689979240972309
                ],
                [
                    -0.011598064729242193,
                    -4.689979240972309,
                    0.0375468841589101
                ]
            ],
            "volume_eff": 35.175273018401015,
            "alpha_iso": 11.049823984838014,
            "c6_ii": 39.512466878256994,
            "c8_ii": 1083.4230539953903,
            "c10_ii": 37220.007834055905,
            "slater_b_init": 35.975762403145445
        },
        {
            "index": 6,
            "element": "O",
            "charge": -0.2971324060713201,
            "dipole": [
                -0.05330123054439264,
                -0.08320940767714997,
                0.025237037810456373
            ],
            "quadrupole": [
                [
                    -3.9098021948409527,
                    -3.9471782176789088,
                    -0.004640960350951231
                ],
                [
                    -3.9471782176789088,
                    -0.0823074361976011,
                    -4.015848045204357
                ],
                [
                    -0.004640960350951231,
                    -4.015848045204357,
                    -0.001210947297415847
                ]
            ],
            "volume_eff": 22.39281398710253,
            "alpha_iso": 6.680729034826169,
            "c6_ii": 23.877276776872513,
            "c8_ii": 952.5198177494481,
            "c10_ii": 36590.87800378875,
            "slater_b_init": 34.46606411119876
        },
        {
            "index": 7,
            "element": "C",
            "charge": -0.10276302541745252,
            "dipole": [
                0.15287775443169604,
                -0.0018951624959358648,
                -0.02996598009037686
            ],
            "quadrupole": [
                [
                    -4.4295838693295275,
                    -4.5697287775816084,
                    0.00662305362699436
                ],
                [
                    -4.5697287775816084,
                    -0.007240245992169781,
                    -4.5292974147714045
                ],
                [
                    0.00662305362699436,
                    -4.5292974147714045,
                    -0.018707110689660588
                ]
            ],
            "volume_eff": 33.1636903420345,
            "alpha_iso": 10.417913196450627,
            "c6_ii": 35.12245733461913,
            "c8_ii": 925.9745939233758,
            "c10_ii": 30586.353829199892,
            "slater_b_init": 36.688916094844544
        },
        {
            "index": 8,
            "element": "H",
            "charge": 0.15454940494315028,
            "dipole": [
                0.0010759040282823581,
                -0.008964641820473712,
                -0.052123923513779834
            ],
            "quadrupole": [
                [
                    -0.4669422408405761,
                    -0.47810542599801364,
                    -3.4139718507718396e-05
                ],
                [
                    -0.47810542599801364,
                    -0.0008378824531701367,
                    -0.47968010163109703
                ],
                [
                    -3.4139718507718396e-05,
                    -0.47968010163109703,
                    0.0023145753298988323
                ]
            ],
            "volume_eff": 2.6444809238503466,
            "alpha_iso": 0.8439832735692595,
            "c6_ii": 0.2286419989837256,
            "c8_ii": 1.4337626062033788,
            "c10_ii": 12.409053170059954,
            "slater_b_init": 69.87999780923819
        },
        {
            "index": 9,
            "element": "H",
            "charge": 0.1517343507955664,
            "dipole": [
                0.01072766308297419,
                -0.04425850403218747,
                0.027379041787426908
            ],
            "quadrupole": [
                [
                    -0.4716781627698228,
                    -0.4826333227051921,
                    0.00012261462049664119
                ],
                [
                    -0.4826333227051921,
                    0.002313704926985894,
                    -0.480435864148799
                ],
                [
                    0.00012261462049664119,
                    -0.480435864148799,
                    -0.004407363435259094
                ]
            ],
            "volume_eff": 2.668769189247824,
            "alpha_iso": 0.8517348476322841,
            "c6_ii": 0.23286121626482653,
            "c8_ii": 1.4691476795400293,
            "c10_ii": 12.793044204752361,
            "slater_b_init": 69.66736058533691
        },
        {
            "index": 10,
            "element": "H",
            "charge": 0.14077993892327223,
            "dipole": [
                0.014099271066268777,
                0.045835949495752475,
                0.01839873856607168
            ],
            "quadrupole": [
                [
                    -0.4845780947825377,
                    -0.49615704875417455,
                    0.0006896461358828261
                ],
                [
                    -0.49615704875417455,
                    -0.00513669676351926,
                    -0.4960787489720495
                ],
                [
                    0.0006896461358828261,
                    -0.4960787489720495,
                    -0.0037183158014503187
                ]
            ],
            "volume_eff": 2.768641124333586,
            "alpha_iso": 0.8836088694681656,
            "c6_ii": 0.2506158085095439,
            "c8_ii": 1.620368733489884,
            "c10_ii": 14.459703967026998,
            "slater_b_init": 68.81938813831312
        },
        {
            "index": 11,
            "element": "H",
            "charge": 0.2050365916938235,
            "dipole": [
                -0.009427404925761988,
                0.03653637838928883,
                -0.031154762408233515
            ],
            "quadrupole": [
                [
                    -0.4133021175317182,
                    -0.422017685883108,
                    0.0026652475249099128
                ],
                [
                    -0.422017685883108,
                    0.0064250297356599345,
                    -0.4157717842719013
                ],
                [
                    0.0026652475249099128,
                    -0.4157717842719013,
                    -0.00013178332935891407
                ]
            ],
            "volume_eff": 2.2383083354145157,
            "alpha_iso": 0.7143537240684624,
            "c6_ii": 0.1638003990166976,
            "c8_ii": 0.9190853536136208,
            "c10_ii": 7.117654292321815,
            "slater_b_init": 73.87424547900918
        },
        {
            "index": 12,
            "element": "H",
            "charge": 0.19032624566748302,
            "dipole": [
                0.0010335213605247651,
                0.0019594096393089375,
                0.046906313777623665
            ],
            "quadrupole": [
                [
                    -0.422153338922708,
                    -0.42939173946253456,
                    -0.0032967440308708028
                ],
                [
                    -0.42939173946253456,
                    0.003810957294846854,
                    -0.43892862414787953
                ],
                [
                    -0.0032967440308708028,
                    -0.43892862414787953,
                    0.002310485600586876
                ]
            ],
            "volume_eff": 2.3228008195564493,
            "alpha_iso": 0.7413194104967392,
            "c6_ii": 0.17640019972666737,
            "c8_ii": 1.0145372598086477,
            "c10_ii": 8.053359485836099,
            "slater_b_init": 72.96742807286498
        },
        {
            "index": 13,
            "element": "H",
            "charge": 0.16606029723066773,
            "dipole": [
                -0.028375800548580243,
                -0.031812659153774826,
                -0.035817134873429496
            ],
            "quadrupole": [
                [
                    -0.45817941352183333,
                    -0.4440099527844655,
                    -0.0042732630466430265
                ],
                [
                    -0.4440099527844655,
                    -0.012855344542235242,
                    -0.45295354777701646
                ],
                [
                    -0.0042732630466430265,
                    -0.45295354777701646,
                    -0.001729155727231291
                ]
            ],
            "volume_eff": 2.47171458785603,
            "alpha_iso": 0.7888450812306479,
            "c6_ii": 0.19974309403366014,
            "c8_ii": 1.1973789031377122,
            "c10_ii": 9.906758725891455,
            "slater_b_init": 71.47161383673199
        },
        {
            "index": 14,
            "element": "H",
            "charge": 0.1481301878828012,
            "dipole": [
                -0.001934006991935752,
                -0.0018768856495662795,
                0.05589313637416929
            ],
            "quadrupole": [
                [
                    -0.4720122675508358,
                    -0.45993404505929975,
                    -0.00017187260551274162
                ],
                [
                    -0.45993404505929975,
                    -0.0072899825059378745,
                    -0.48114086830154174
                ],
                [
                    -0.00017187260551274162,
                    -0.48114086830154174,
                    0.006419702567143746
                ]
            ],
            "volume_eff": 2.6114343575399808,
            "alpha_iso": 0.8334364970872279,
            "c6_ii": 0.2229632871802809,
            "c8_ii": 1.3864803418212543,
            "c10_ii": 11.899651129490271,
            "slater_b_init": 70.17353009067969
        },
        {
            "index": 15,
            "element": "H",
            "charge": 0.0908164600072312,
            "dipole": [
                -0.022458746559144274,
                -0.03493372609201476,
                -0.04322487488877152
            ],
            "quadrupole": [
                [
                    -0.5202325748263875,
                    -0.5488192334273613,
                    0.0008951774499818464
                ],
                [
                    -0.5488192334273613,
                    -0.00645983292283916,
                    -0.5396395805102072
                ],
                [
                    0.0008951774499818464,
                    -0.5396395805102072,
                    -0.008594622160089235
                ]
            ],
            "volume_eff": 3.0756085062001373,
            "alpha_iso": 0.981577182829831,
            "c6_ii": 0.3092696038537758,
            "c8_ii": 2.1447938494618835,
            "c10_ii": 20.52929465347351,
            "slater_b_init": 66.44913691694063
        },
        {
            "index": 16,
            "element": "H",
            "charge": 0.08642982137766175,
            "dipole": [
                -0.00453084774224337,
                -0.009445921181170188,
                0.05706310458793702
            ],
            "quadrupole": [
                [
                    -0.5221212482039447,
                    -0.5514902447357042,
                    0.0029223569957967975
                ],
                [
                    -0.5514902447357042,
                    -0.0030247383878207563,
                    -0.5521832643811727
                ],
                [
                    0.0029223569957967975,
                    -0.5521832643811727,
                    0.0012102855561517871
                ]
            ],
            "volume_eff": 3.121299829489359,
            "alpha_iso": 0.9961595200497955,
            "c6_ii": 0.3185268953584174,
            "c8_ii": 2.2308175355479283,
            "c10_ii": 21.56364362167024,
            "slater_b_init": 66.12330197835453
        },
        {
            "index": 17,
            "element": "H",
            "charge": 0.12264373951151386,
            "dipole": [
                -0.011035959470087916,
                0.058650052298435396,
                -0.014257545356695886
            ],
            "quadrupole": [
                [
                    -0.47940972963682005,
                    -0.5008187963495063,
                    -0.0011112514429151398
                ],
                [
                    -0.5008187963495063,
                    0.0017797524879912103,
                    -0.5017949499167664
                ],
                [
                    -0.0011112514429151398,
                    -0.5017949499167664,
                    -0.0048096287269069095
                ]
            ],
            "volume_eff": 2.750404100923169,
            "alpha_iso": 0.8777885428478199,
            "c6_ii": 0.247325072528733,
            "c8_ii": 1.592062446343025,
            "c10_ii": 14.144650030730622,
            "slater_b_init": 68.97115941206866
        }
    ]
}