{
    "molecule": "FEC",
    "atoms": [
        {
            "index": 0,
            "element": "O",
            "charge": -0.5919692807942347,
            "dipole": [
                0.176080914781037,
                0.009369714979822311,
                0.01769960787071521
            ],
            "quadrupole": [
                [
                    -4.377700270750475,
                    -4.403316068857156,
                    0.056032115226634455
                ],
                [
                    -4.403316068857156,
                    -0.006194101617139232,
                    -4.303761211901798
                ],
                [
                    0.056032115226634455,
                    -4.303761211901798,
                    -0.006931221209851143
                ]
            ],
            "volume_eff": 25.42253560473949,
            "alpha_iso": 7.584623882076976,
            "c6_ii": 30.77550422318688,
            "c8_ii": 1336.0863635389574,
            "c10_ii": 55856.46792465563,
            "slater_b_init": 33.03859936544418
        },
        {
            "index": 1,
            "element": "C",
            "charge": 0.9750320365750023,
            "dipole": [
                -0.03354452385966662,
                0.0033598986173185874,
                -0.0068208792366495205
            ],
            "quadrupole": [
                [
                    -2.9656636880330103,
                    -2.8569555484841773,
                    0.04323518544845173
                ],
                [
                    -2.8569555484841773,
                    -0.010054840280230244,
                    -2.7917305227760556
                ],
                [
                    0.04323518544845173,
                    -2.7917305227760556,
                    -0.022323068777067218
                ]
            ],
            "volume_eff": 19.29212796276395,
            "alpha_iso": 6.0603543338525485,
            "c6_ii": 11.885554797055514,
            "c8_ii": 218.3627178484674,
            "c10_ii": 5026.341397842858,
            "slater_b_init": 43.95036174746424
        },
        {
            "index": 2,
            "element": "O",
            "charge": -0.3777568872382382,
            "dipole": [
                -0.0839553711679975,
                -0.051828057047650006,
                0.007001006493262328
            ],
            "quadrupole": [
                [
                    -3.9569923552389294,
                    -4.040545697991351,
                    0.015438210544187266
                ],
                [
                    -4.040545697991351,
                    0.027941179253247832,
                    -4.036066671658419
                ],
                [
                    0.015438210544187266,
                    -4.036066671658419,
                    0.004826491004810351
                ]
            ],
            "volume_eff": 22.653272752735276,
            "alpha_iso": 6.758434964904447,
            "c6_ii": 24.43595725403122,
            "c8_ii": 982.3511796682568,
            "c10_ii": 38028.90049260234,
            "slater_b_init": 34.333462010723245
        },
        {
            "index": 3,
            "element": "C",
            "charge": -0.11600651009346219,
            "dipole": [
                0.1293033117733313,
                -0.07192039985687532,
                0.07351367088099306
            ],
            "quadrupole": [
                [
                    -4.366029374578525,
                    -4.48394503744292,
                    -0.01399435163866223
                ],
                [
                    -4.48394503744292,
                    -0.0741599093486575,
                    -4.414449322880099
                ],
                [
                    -0.01399435163866223,
                    -4.414449322880099,
                    0.04528122805911542
                ]
            ],
            "volume_eff": 31.965346510301462,
            "alpha_iso": 10.041470107948102,
            "c6_ii": 32.63007140196384,
            "c8_ii": 839.4147154842456,
            "c10_ii": 27055.127966456246,
            "slater_b_init": 37.14177827907546
        },
        {
            "index": 4,
            "element": "C",
            "charge": 0.4061662487492885,
            "dipole": [
                0.07919153972160246,
                0.1164764304880331,
                0.09136077246235118
            ],
            "quadrupole": [
                [
                    -3.662548959673776,
                    -3.727612571200415,
                    0.02373665256080111
                ],
                [
                    -3.727612571200415,
                    0.029373573273801887,
                    -3.653444335484373
                ],
                [
                    0.02373665256080111,
                    -3.653444335484373,
                    -0.04565989776719077
                ]
            ],
            "volume_eff": 25.912906889599213,
            "alpha_iso": 8.140180174743207,
            "c6_ii": 21.44329201889832,
            "c8_ii": 479.59483003641293,
            "c10_ii": 13439.15569774349,
            "slater_b_init": 39.83368216713883
        },
        {
            "index": 5,
            "element": "F",
            "charge": -0.23814953993078092,
            "dipole": [
                0.018776793103380277,
                0.00010343801205325478,
                0.005166638927161897
            ],
            "quadrupole": [
                [
                    -3.57258737181486,
                    -3.558628022804799,
                    0.03460283533034774
                ],
                [
                    -3.558628022804799,
                    -0.01278165099641706,
                    -3.5268929173982775
                ],
                [
                    0.03460283533034774,
                    -3.5268929173982775,
                    -0.02758332411232789
                ]
            ],
            "volume_eff": 17.952725451614103,
            "alpha_iso": 5.638046009597818,
            "c6_ii": 20.912870267330185,
            "c8_ii": 916.3682405838739,
            "c10_ii": 37252.040238467525,
            "slater_b_init": 33.31720724278694
        },
        {
            "index": 6,
            "element": "O",
            "charge": -0.4258346091277616,
            "dipole": [
                -0.028848117743831562,
                0.05731333496257923,
                -0.023539145444737813
            ],
            "quadrupole": [
                [
                    -4.014998186392258,
                    -4.0897850968912834,
                    0.015581600627526957
                ],
                [
                    -4.0897850968912834,
                    -0.016014140960078114,
                    -4.081021201724842
                ],
                [
                    0.015581600627526957,
                    -4.081021201724842,
                    -0.00603173276511002
                ]
            ],
            "volume_eff": 23.027037919120236,
            "alpha_iso": 6.869945014544159,
            "c6_ii": 25.248966194945755,
            "c8_ii": 1026.1694862476845,
            "c10_ii": 40160.96836036342,
            "slater_b_init": 34.146685686551876
        },
        {
            "index": 7,
            "element": "H",
            "charge": 0.1535170201020848,
            "dipole": [
                -0.03521887099858192,
                -0.01611927488068508,
                0.045699167838967936
            ],
            "quadrupole": [
                [
                    -0.45083125143752145,
                    -0.4622467925605885,
                    -0.003642687949949499
                ],
                [
                    -0.4622467925605885,
                    -0.00549524309593917,
                    -0.4620749144341289
                ],
                [
                    -0.003642687949949499,
                    -0.4620749144341289,
                    0.007930415209269558
                ]
            ],
            "volume_eff": 2.498434762556295,
            "alpha_iso": 0.7973727965605197,
            "c6_ii": 0.20408503449460916,
            "c8_ii": 1.2322082638124086,
            "c10_ii": 10.268268823514925,
            "slater_b_init": 71.21590936791901
        },
        {
            "index": 8,
            "element": "H",
            "charge": 0.12958518912995065,
            "dipole": [
                0.005080892368176133,
                -0.035587260730935676,
                -0.04727102869778945
            ],
            "quadrupole": [
                [
                    -0.47269210301516384,
                    -0.48509592549452957,
                    -0.004131368984976192
                ],
                [
                    -0.48509592549452957,
                    -0.006350303226098163,
                    -0.48809902716993364
                ],
                [
                    -0.004131368984976192,
                    -0.48809902716993364,
                    0.00451615715707401
                ]
            ],
            "volume_eff": 2.6597384211464905,
            "alpha_iso": 0.8488526875999438,
            "c6_ii": 0.23128793847391163,
            "c8_ii": 1.4559279554395774,
            "c10_ii": 12.649313026090923,
            "slater_b_init": 69.74612009160987
        },
        {
            "index": 9,
            "element": "H",
            "charge": 0.09026947714350753,
            "dipole": [
                -0.050970897553422885,
                0.02161507783051392,
                -0.0569639161510048
            ],
            "quadrupole": [
                [
                    -0.49712394833130846,
                    -0.5013955287247525,
                    0.004528472452200908
                ],
                [
                    -0.5013955287247525,
                    0.005625421499865244,
                    -0.503330259146334
                ],
                [
                    0.004528472452200908,
                    -0.503330259146334,
                    -0.005892383219347058
                ]
            ],
            "volume_eff": 2.74975081158802,
            "alpha_iso": 0.8775800462514958,
            "c6_ii": 0.24720759477837304,
            "c8_ii": 1.5910542341971259,
            "c10_ii": 14.133454113966213,
            "slater_b_init": 68.97662106515563
        }
    ]
}