{
    "molecule": "DEC",
    "atoms": [
        {
            "index": 0,
            "element": "C",
            "charge": -0.4929349150765443,
            "dipole": [
                -0.04295378399930497,
                -0.00731188821764607,
                0.020995793249326416
            ],
            "quadrupole": [
                [
                    -5.149596748628642,
                    -5.150686774153215,
                    0.014866104076742062
                ],
                [
                    -5.150686774153215,
                    -0.011415163985566096,
                    -5.201046392214168
                ],
                [
                    0.014866104076742062,
                    -5.201046392214168,
                    0.05863585262843572
                ]
            ],
            "volume_eff": 38.96782886858271,
            "alpha_iso": 12.24120278594221,
            "c6_ii": 48.49216893840045,
            "c8_ii": 1423.5782986829454,
            "c10_ii": 52360.7149657297,
            "slater_b_init": 34.76859134650154
        },
        {
            "index": 1,
            "element": "C",
            "charge": 0.09840928954050199,
            "dipole": [
                -0.09008834396591699,
                0.02171636076850984,
                -0.12447483896576088
            ],
            "quadrupole": [
                [
                    -4.122352786495792,
                    -4.141324121644296,
                    0.024701917255039146
                ],
                [
                    -4.141324121644296,
                    -0.020576528167221258,
                    -4.226599160738766
                ],
                [
                    0.024701917255039146,
                    -4.226599160738766,
                    0.1008877234504611
                ]
            ],
            "volume_eff": 30.09113940621454,
            "alpha_iso": 9.452713949596191,
            "c6_ii": 28.91588282778259,
            "c8_ii": 714.4982255524839,
            "c10_ii": 22119.755011796562,
            "slater_b_init": 37.89741792663911
        },
        {
            "index": 2,
            "element": "O",
            "charge": -0.42513664143401186,
            "dipole": [
                0.10372348418627945,
                0.01006329505861965,
                -0.01975642335983358
            ],
            "quadrupole": [
                [
                    -4.034779269685356,
                    -4.097920671397157,
                    0.008229311669101494
                ],
                [
                    -4.097920671397157,
                    0.004465739613510914,
                    -4.138483487456142
                ],
                [
                    0.008229311669101494,
                    -4.138483487456142,
                    -0.005366759083945552
                ]
            ],
            "volume_eff": 23.322317315250856,
            "alpha_iso": 6.958039420019593,
            "c6_ii": 25.90066104597142,
            "c8_ii": 1061.6354856913106,
            "c10_ii": 41903.431451311044,
            "slater_b_init": 34.0019649793031
        },
        {
            "index": 3,
            "element": "C",
            "charge": 0.9946536030589233,
            "dipole": [
                -0.0013144644950985947,
                0.008491207700259224,
                -0.039308327820013984
            ],
            "quadrupole": [
                [
                    -2.8951337996938906,
                    -2.7673060396632834,
                    0.0347668454779031
                ],
                [
                    -2.7673060396632834,
                    -0.008768874304166695,
                    -2.9186029017498476
                ],
                [
                    0.0347668454779031,
                    -2.9186029017498476,
                    -0.003118579238553296
                ]
            ],
            "volume_eff": 19.272266438470865,
            "alpha_iso": 6.0541151115615275,
            "c6_ii": 11.861094694001073,
            "c8_ii": 217.76374519197407,
            "c10_ii": 5009.113135960209,
            "slater_b_init": 43.9654546182054
        },
        {
            "index": 4,
            "element": "O",
            "charge": -0.656999883619676,
            "dipole": [
                0.009243417954306363,
                -0.03493310792313063,
                0.1620963036252233
            ],
            "quadrupole": [
                [
                    -4.532661933020163,
                    -4.41257930160177,
                    0.017213598333629846
                ],
                [
                    -4.41257930160177,
                    -0.008491541241954665,
                    -4.482661564454093
                ],
                [
                    0.017213598333629846,
                    -4.482661564454093,
                    0.0031456251579622995
                ]
            ],
            "volume_eff": 26.41742168499488,
            "alpha_iso": 7.88144072370013,
            "c6_ii": 33.23137458664957,
            "c8_ii": 1480.1033326470836,
            "c10_ii": 63481.2326276531,
            "slater_b_init": 32.61853408806851
        },
        {
            "index": 5,
            "element": "O",
            "charge": -0.42009173965323754,
            "dipole": [
                -0.10643834180219419,
                -0.0060798027888398125,
                -0.002648044931977917
            ],
            "quadrupole": [
                [
                    -4.00775712731191,
                    -4.09509008077106,
                    0.005851166822596463
                ],
                [
                    -4.09509008077106,
                    0.0069249057488548725,
                    -4.126747957840164
                ],
                [
                    0.005851166822596463,
                    -4.126747957840164,
                    -0.007182428899057723
                ]
            ],
            "volume_eff": 23.199306314546885,
            "alpha_iso": 6.921340005444927,
            "c6_ii": 25.628161198462585,
            "c8_ii": 1046.7690934958523,
            "c10_ii": 41171.23736273242,
            "slater_b_init": 34.06195592339547
        },
        {
            "index": 6,
            "element": "C",
            "charge": 0.11087611134164899,
            "dipole": [
                0.07324795111777208,
                0.03297752526169582,
                -0.13442426683208072
            ],
            "quadrupole": [
                [
                    -4.106520439995754,
                    -4.107772162275921,
                    0.004852259416148191
                ],
                [
                    -4.107772162275921,
                    0.020705813924950894,
                    -4.1726831781867215
                ],
                [
                    0.004852259416148191,
                    -4.1726831781867215,
                    -0.10274302055097491
                ]
            ],
            "volume_eff": 29.749663570288035,
            "alpha_iso": 9.345444053493623,
            "c6_ii": 28.26332864135581,
            "c8_ii": 693.0804108572179,
            "c10_ii": 21294.056380829017,
            "slater_b_init": 38.04186608127316
        },
        {
            "index": 7,
            "element": "C",
            "charge": -0.48503668115983434,
            "dipole": [
                0.05173402982217045,
                -0.0015698353870287872,
                0.01882157889744441
            ],
            "quadrupole": [
                [
                    -5.1331037532313175,
                    -5.128738125565493,
                    0.0016058104924991025
                ],
                [
                    -5.128738125565493,
                    0.008155103078457925,
                    -5.168219084913948
                ],
                [
                    0.0016058104924991025,
                    -5.168219084913948,
                    -0.05263214711895175
                ]
            ],
            "volume_eff": 38.72604664745262,
            "alpha_iso": 12.16525025574428,
            "c6_ii": 47.89228071094235,
            "c8_ii": 1400.14572501623,
            "c10_ii": 51285.59728988864,
            "slater_b_init": 34.84079936066485
        },
        {
            "index": 8,
            "element": "H",
            "charge": 0.15070786640032585,
            "dipole": [
                -0.010874837070430979,
                -0.032561574454435985,
                -0.03204002188684892
            ],
            "quadrupole": [
                [
                    -0.47787133097479423,
                    -0.4847219428478,
                    -0.0061252464093882845
                ],
                [
                    -0.4847219428478,
                    0.003645880406336601,
                    -0.48672983242432155
                ],
                [
                    -0.0061252464093882845,
                    -0.48672983242432155,
                    -0.0038999832626296755
                ]
            ],
            "volume_eff": 2.712662127325004,
            "alpha_iso": 0.8657432321250011,
            "c6_ii": 0.24058388818797946,
            "c8_ii": 1.534468428903707,
            "c10_ii": 13.50795267529294,
            "slater_b_init": 69.28955851521188
        },
        {
            "index": 9,
            "element": "H",
            "charge": 0.15079660764770897,
            "dipole": [
                -0.015151880993730205,
                0.04132278574214885,
                -0.016062808453960062
            ],
            "quadrupole": [
                [
                    -0.4770383814843115,
                    -0.48980145364818867,
                    0.004162318103502214
                ],
                [
                    -0.48980145364818867,
                    -0.0006679399378964302,
                    -0.4818406329961778
                ],
                [
                    0.004162318103502214,
                    -0.4818406329961778,
                    -0.005312373934176226
                ]
            ],
            "volume_eff": 2.710681309824988,
            "alpha_iso": 0.8651110563271238,
            "c6_ii": 0.24023266215142264,
            "c8_ii": 1.53148228220026,
            "c10_ii": 13.47510179459762,
            "slater_b_init": 69.30643207778027
        },
        {
            "index": 10,
            "element": "H",
            "charge": 0.15548529441334635,
            "dipole": [
                0.04087088253132381,
                -0.0024035267361476073,
                0.022709654373035886
            ],
            "quadrupole": [
                [
                    -0.4823424132888169,
                    -0.48012690669050195,
                    -0.0021264812799824417
                ],
                [
                    -0.48012690669050195,
                    0.0010710422114713247,
                    -0.4728000173882488
                ],
                [
                    -0.0021264812799824417,
                    -0.4728000173882488,
                    -0.005991400251587186
                ]
            ],
            "volume_eff": 2.676835284214622,
            "alpha_iso": 0.8543091332599858,
            "c6_ii": 0.2342709441291004,
            "c8_ii": 1.481018471749564,
            "c10_ii": 12.922385051556535,
            "slater_b_init": 69.59731407299782
        },
        {
            "index": 11,
            "element": "H",
            "charge": 0.09311076854823441,
            "dipole": [
                0.006409767723926503,
                0.05347263681527001,
                0.03857962529898926
            ],
            "quadrupole": [
                [
                    -0.5066799315252278,
                    -0.5278113452768819,
                    -0.004513376903475495
                ],
                [
                    -0.5278113452768819,
                    -0.0012971191143016582,
                    -0.5295834851913808
                ],
                [
                    -0.004513376903475495,
                    -0.5295834851913808,
                    0.005232140345163462
                ]
            ],
            "volume_eff": 2.9444189296070724,
            "alpha_iso": 0.9397081690235337,
            "c6_ii": 0.2834486113107237,
            "c8_ii": 1.9094209485957598,
            "c10_ii": 17.752895120295634,
            "slater_b_init": 67.42172013326403
        },
        {
            "index": 12,
            "element": "H",
            "charge": 0.09331241825817504,
            "dipole": [
                0.01313867622981255,
                -0.06332880396774222,
                0.013323110830994063
            ],
            "quadrupole": [
                [
                    -0.5062929564359449,
                    -0.5311160861168344,
                    0.004306857168522908
                ],
                [
                    -0.5311160861168344,
                    0.0013339477379945988,
                    -0.5253546980628481
                ],
                [
                    0.004306857168522908,
                    -0.5253546980628481,
                    0.005438673045665921
                ]
            ],
            "volume_eff": 2.940473108828368,
            "alpha_iso": 0.938448864519692,
            "c6_ii": 0.2826894204231578,
            "c8_ii": 1.9026050511980273,
            "c10_ii": 17.67371674935653,
            "slater_b_init": 67.4518643885151
        },
        {
            "index": 13,
            "element": "H",
            "charge": 0.0902549588304995,
            "dipole": [
                -0.010123161112307613,
                0.05270779397807375,
                0.03966607690068955
            ],
            "quadrupole": [
                [
                    -0.5116216311117953,
                    -0.5304384351917877,
                    -0.005063926468349625
                ],
                [
                    -0.5304384351917877,
                    0.0036381988792607636,
                    -0.5313812632275389
                ],
                [
                    -0.005063926468349625,
                    -0.5313812632275389,
                    -0.006699925524571503
                ]
            ],
            "volume_eff": 2.9661164165923144,
            "alpha_iso": 0.9466328989124407,
            "c6_ii": 0.28764148120848954,
            "c8_ii": 1.947173244746361,
            "c10_ii": 18.192727961764376,
            "slater_b_init": 67.25691838500433
        },
        {
            "index": 14,
            "element": "H",
            "charge": 0.0905966636936526,
            "dipole": [
                -0.002975531601398681,
                -0.064770214542992,
                0.014130763835506138
            ],
            "quadrupole": [
                [
                    -0.5112348437202721,
                    -0.5335138544720683,
                    0.0028069059285325596
                ],
                [
                    -0.5335138544720683,
                    0.0021415388657360637,
                    -0.5274563638158564
                ],
                [
                    0.0028069059285325596,
                    -0.5274563638158564,
                    -0.007664149984250561
                ]
            ],
            "volume_eff": 2.9641674421755364,
            "alpha_iso": 0.9460108858007031,
            "c6_ii": 0.28726359873320007,
            "c8_ii": 1.9437632521493209,
            "c10_ii": 18.15291160132806,
            "slater_b_init": 67.27165588966245
        },
        {
            "index": 15,
            "element": "H",
            "charge": 0.14870534365007182,
            "dipole": [
                0.012228071744924539,
                -0.031121506768984765,
                -0.033382204526538804
            ],
            "quadrupole": [
                [
                    -0.47880653956909286,
                    -0.488168475621696,
                    -0.00496770563017528
                ],
                [
                    -0.488168475621696,
                    -0.002926728868698764,
                    -0.4897790192683271
                ],
                [
                    -0.00496770563017528,
                    -0.4897790192683271,
                    0.0037859129830004673
                ]
            ],
            "volume_eff": 2.7310454882783533,
            "alpha_iso": 0.8716102622164956,
            "c6_ii": 0.2438557491262817,
            "c8_ii": 1.5623556540399497,
            "c10_ii": 13.815511316754346,
            "slater_b_init": 69.13373983205987
        },
        {
            "index": 16,
            "element": "H",
            "charge": 0.1490264804864635,
            "dipole": [
                0.007640830471974977,
                0.04296334781086169,
                -0.017235588952025815
            ],
            "quadrupole": [
                [
                    -0.47910954491879976,
                    -0.4910794998819069,
                    0.004424299359416844
                ],
                [
                    -0.4910794998819069,
                    0.0027433564943200738,
                    -0.4851252795003416
                ],
                [
                    0.004424299359416844,
                    -0.4851252795003416,
                    0.004174450479971074
                ]
            ],
            "volume_eff": 2.7279271116946777,
            "alpha_iso": 0.8706150356472375,
            "c6_ii": 0.24329918577371676,
            "c8_ii": 1.557603013913684,
            "c10_ii": 13.76299833160775,
            "slater_b_init": 69.1600727619692
        },
        {
            "index": 17,
            "element": "H",
            "charge": 0.15330120215691823,
            "dipole": [
                -0.038275623856209466,
                -0.008027468659381025,
                0.02658146703745566
            ],
            "quadrupole": [
                [
                    -0.48320397723278297,
                    -0.4835132755911286,
                    -0.001094336868692263
                ],
                [
                    -0.4835132755911286,
                    -0.001382100872471266,
                    -0.47683695308078505
                ],
                [
                    -0.001094336868692263,
                    -0.47683695308078505,
                    0.006734318713705304
                ]
            ],
            "volume_eff": 2.696835280091011,
            "alpha_iso": 0.860692110667344,
            "c6_ii": 0.2377847363393851,
            "c8_ii": 1.5107103430925353,
            "c10_ii": 13.247032046375608,
            "slater_b_init": 69.42484016277481
        }
    ]
}