{
    "molecule": "Sulf_520",
    "atoms": [
        {
            "index": 0,
            "element": "C",
            "charge": -0.3881342697144463,
            "dipole": [
                0.05555618619327174,
                -0.02714605277167592,
                0.02416300710091442
            ],
            "quadrupole": [
                [
                    -5.190177381676525,
                    -4.994741493507762,
                    -0.052190224314058814
                ],
                [
                    -4.994741493507762,
                    0.03817294019574373,
                    -5.0260908333081415
                ],
                [
                    -0.052190224314058814,
                    -5.0260908333081415,
                    -0.053834274359910686
                ]
            ],
            "volume_eff": 38.29024187531417,
            "alpha_iso": 12.028348233082985,
            "c6_ii": 46.82043133805606,
            "c8_ii": 1358.521220843882,
            "c10_ii": 49386.915502452386,
            "slater_b_init": 34.97248254376647
        },
        {
            "index": 1,
            "element": "C",
            "charge": -0.04100816302167498,
            "dipole": [
                -0.04864731977846768,
                -0.06786462900966184,
                -0.07116602286496355
            ],
            "quadrupole": [
                [
                    -4.503762102379405,
                    -4.365696254983251,
                    -0.06874526430487457
                ],
                [
                    -4.365696254983251,
                    0.005576589748690495,
                    -4.392570819910408
                ],
                [
                    -0.06874526430487457,
                    -4.392570819910408,
                    -0.0711000530939159
                ]
            ],
            "volume_eff": 32.409481899223955,
            "alpha_iso": 10.180989078290246,
            "c6_ii": 33.54311318980252,
            "c8_ii": 870.8774323298202,
            "c10_ii": 28328.603446902063,
            "slater_b_init": 36.97133525777523
        },
        {
            "index": 2,
            "element": "C",
            "charge": -0.49897186397079984,
            "dipole": [
                0.08260759491996399,
                0.07871138871976928,
                0.048964142854272974
            ],
            "quadrupole": [
                [
                    -5.184555432792857,
                    -5.176672514955659,
                    -0.02572120728273563
                ],
                [
                    -5.176672514955659,
                    -0.07236506217846729,
                    -5.1679683559926675
                ],
                [
                    -0.02572120728273563,
                    -5.1679683559926675,
                    0.02024553655731296
                ]
            ],
            "volume_eff": 39.03957073031532,
            "alpha_iso": 12.26373949643413,
            "c6_ii": 48.67088666622339,
            "c8_ii": 1430.5780495906502,
            "c10_ii": 52682.73532287696,
            "slater_b_init": 34.747280550579816
        },
        {
            "index": 3,
            "element": "S",
            "charge": 1.2417278542232033,
            "dipole": [
                -0.009510442389825562,
                -0.14116501499019612,
                0.009677397024899087
            ],
            "quadrupole": [
                [
                    -7.5451701158600795,
                    -7.55934955664744,
                    0.02422514827828068
                ],
                [
                    -7.55934955664744,
                    0.00810681743849445,
                    -7.588853411091572
                ],
                [
                    0.02422514827828068,
                    -7.588853411091572,
                    0.0024729104491108224
                ]
            ],
            "volume_eff": 58.183143848953726,
            "alpha_iso": 15.164755577652835,
            "c6_ii": 80.216458693809,
            "c8_ii": 2018.0793597577763,
            "c10_ii": 51024.53524425718,
            "slater_b_init": 37.03557876539058
        },
        {
            "index": 4,
            "element": "O",
            "charge": -0.6227990621025228,
            "dipole": [
                -0.04557614396798119,
                -0.10301876167488135,
                -0.14448778562264425
            ],
            "quadrupole": [
                [
                    -4.366169337052331,
                    -4.36422761010296,
                    -0.013351429456175892
                ],
                [
                    -4.36422761010296,
                    -0.004266600275296882,
                    -4.390989738697945
                ],
                [
                    -0.013351429456175892,
                    -4.390989738697945,
                    -0.015903894892294275
                ]
            ],
            "volume_eff": 25.379259881499344,
            "alpha_iso": 7.571712892823009,
            "c6_ii": 30.670817683434084,
            "c8_ii": 1330.029992661906,
            "c10_ii": 55540.15642105148,
            "slater_b_init": 33.05736741194839
        },
        {
            "index": 5,
            "element": "O",
            "charge": -0.6063999513246454,
            "dipole": [
                0.06143408765916075,
                -0.10580925092921195,
                0.13311467434588659
            ],
            "quadrupole": [
                [
                    -4.325417277459129,
                    -4.333788272706725,
                    0.018275359001598487
                ],
                [
                    -4.333788272706725,
                    0.014491057033211952,
                    -4.354865125976522
                ],
                [
                    0.018275359001598487,
                    -4.354865125976522,
                    -0.006731625969345477
                ]
            ],
            "volume_eff": 25.056414837295506,
            "alpha_iso": 7.475394481845068,
            "c6_ii": 29.895464797102715,
            "c8_ii": 1285.3893836268712,
            "c10_ii": 53219.855509495435,
            "slater_b_init": 33.198740331351836
        },
        {
            "index": 6,
            "element": "C",
            "charge": -0.47458748222330804,
            "dipole": [
                -0.0307594545214254,
                -0.020535098522078542,
                0.06183082985887447
            ],
            "quadrupole": [
                [
                    -5.135760543529361,
                    -5.023703762259086,
                    0.0020743750943541532
                ],
                [
                    -5.023703762259086,
                    0.1616657554221413,
                    -5.232858952378265
                ],
                [
                    0.0020743750943541532,
                    -5.232858952378265,
                    -0.015685404293916683
                ]
            ],
            "volume_eff": 38.57765405392243,
            "alpha_iso": 12.118634781336887,
            "c6_ii": 47.525951372887164,
            "c8_ii": 1385.884290778972,
            "c10_ii": 50633.45752993313,
            "slater_b_init": 34.88541501291678
        },
        {
            "index": 7,
            "element": "C",
            "charge": 0.0761182359434951,
            "dipole": [
                -0.06711767528208587,
                0.02491484989834627,
                0.018558315324961376
            ],
            "quadrupole": [
                [
                    -4.1736103894163685,
                    -4.054564404598748,
                    0.02136456652940898
                ],
                [
                    -4.054564404598748,
                    0.15496143434326057,
                    -4.213731240543058
                ],
                [
                    0.02136456652940898,
                    -4.213731240543058,
                    -0.016930943994349527
                ]
            ],
            "volume_eff": 29.710364230817735,
            "alpha_iso": 9.333098711251644,
            "c6_ii": 28.188706183436576,
            "c8_ii": 690.6416043814189,
            "c10_ii": 21200.43589434174,
            "slater_b_init": 38.058631964754134
        },
        {
            "index": 8,
            "element": "C",
            "charge": -0.441482891030347,
            "dipole": [
                0.05313169078729464,
                -0.044309315722750243,
                0.0006721456489887498
            ],
            "quadrupole": [
                [
                    -5.040431314460623,
                    -4.986548829058009,
                    -0.014531289414138896
                ],
                [
                    -4.986548829058009,
                    0.03935570369819738,
                    -5.016576386865356
                ],
                [
                    -0.014531289414138896,
                    -5.016576386865356,
                    0.016968170624948178
                ]
            ],
            "volume_eff": 37.32217728387431,
            "alpha_iso": 11.724244172944807,
            "c6_ii": 44.48290421173814,
            "c8_ii": 1268.8493397246416,
            "c10_ii": 45346.25667367663,
            "slater_b_init": 35.272277952646014
        },
        {
            "index": 9,
            "element": "H",
            "charge": 0.17502771221682334,
            "dipole": [
                0.004008400276472438,
                0.030429199828498267,
                0.040327318835322847
            ],
            "quadrupole": [
                [
                    -0.4430366721441168,
                    -0.45279033994554096,
                    0.0011442493765508484
                ],
                [
                    -0.45279033994554096,
                    -0.0038988854783521495,
                    -0.45340171805500484
                ],
                [
                    0.0011442493765508484,
                    -0.45340171805500484,
                    0.0003171569388893875
                ]
            ],
            "volume_eff": 2.462660130687157,
            "alpha_iso": 0.7859553608576033,
            "c6_ii": 0.1982823649479129,
            "c8_ii": 1.1857178514476512,
            "c10_ii": 9.78630578384431,
            "slater_b_init": 71.55909988019266
        },
        {
            "index": 10,
            "element": "H",
            "charge": 0.17662486304031244,
            "dipole": [
                0.03360023345847069,
                -0.030176728292495868,
                -0.018290540333207893
            ],
            "quadrupole": [
                [
                    -0.4462088876447322,
                    -0.45107924165988755,
                    0.0017126438415899373
                ],
                [
                    -0.45107924165988755,
                    0.00298745308910433,
                    -0.4476530629938694
                ],
                [
                    0.0017126438415899373,
                    -0.4476530629938694,
                    0.005581796878312515
                ]
            ],
            "volume_eff": 2.4551386454985464,
            "alpha_iso": 0.7835548868612382,
            "c6_ii": 0.19707302196083115,
            "c8_ii": 1.1760852586162627,
            "c10_ii": 9.687028817525826,
            "slater_b_init": 71.63210078231768
        },
        {
            "index": 11,
            "element": "H",
            "charge": 0.1365592581635151,
            "dipole": [
                -0.03904229641792887,
                0.033723629120420796,
                0.025935514487768783
            ],
            "quadrupole": [
                [
                    -0.4825827307588323,
                    -0.48619077852676645,
                    0.00886057839731753
                ],
                [
                    -0.48619077852676645,
                    0.003481597609013141,
                    -0.4786507218487894
                ],
                [
                    0.00886057839731753,
                    -0.4786507218487894,
                    0.007645627545443007
                ]
            ],
            "volume_eff": 2.6777714700012862,
            "alpha_iso": 0.8546079159578573,
            "c6_ii": 0.234434838771156,
            "c8_ii": 1.4824001157886415,
            "c10_ii": 12.93745594546393,
            "slater_b_init": 69.58920240108739
        },
        {
            "index": 12,
            "element": "H",
            "charge": 0.20212963038596876,
            "dipole": [
                -0.014308179983595544,
                0.030728637550463414,
                -0.0302207622795281
            ],
            "quadrupole": [
                [
                    -0.4212463373115093,
                    -0.422286101754803,
                    0.006883157367114236
                ],
                [
                    -0.422286101754803,
                    0.0038230908789161533,
                    -0.4264956883964846
                ],
                [
                    0.006883157367114236,
                    -0.4264956883964846,
                    -0.0001239290160288492
                ]
            ],
            "volume_eff": 2.2873050307005776,
            "alpha_iso": 0.7299909672448652,
            "c6_ii": 0.17105008788563505,
            "c8_ii": 0.9737189909930386,
            "c10_ii": 7.650399847846445,
            "slater_b_init": 73.34294318694651
        },
        {
            "index": 13,
            "element": "H",
            "charge": 0.22087438061705356,
            "dipole": [
                0.03850362246811621,
                -0.021020092495368535,
                -0.008812761244509488
            ],
            "quadrupole": [
                [
                    -0.4102360527193226,
                    -0.39777196926623803,
                    0.0018559035112167257
                ],
                [
                    -0.39777196926623803,
                    0.004868772993223372,
                    -0.40129918629506456
                ],
                [
                    0.0018559035112167257,
                    -0.40129918629506456,
                    0.005235816709445303
                ]
            ],
            "volume_eff": 2.146707083459,
            "alpha_iso": 0.685119281955,
            "c6_ii": 0.1506678912737025,
            "c8_ii": 0.8221735823575926,
            "c10_ii": 6.192221476899139,
            "slater_b_init": 74.91039707092982
        },
        {
            "index": 14,
            "element": "H",
            "charge": 0.22484668363950722,
            "dipole": [
                -0.008018237166111953,
                -0.0009865207420062336,
                0.0454712071160906
            ],
            "quadrupole": [
                [
                    -0.39861090280409944,
                    -0.4028479052800675,
                    -0.0032755696814136285
                ],
                [
                    -0.4028479052800675,
                    -0.005954399480503085,
                    -0.4036587157115663
                ],
                [
                    -0.0032755696814136285,
                    -0.4036587157115663,
                    0.004000965900373329
                ]
            ],
            "volume_eff": 2.1451844330057535,
            "alpha_iso": 0.6846333296826873,
            "c6_ii": 0.15045423085089488,
            "c8_ii": 0.8206193965490021,
            "c10_ii": 6.177593197923158,
            "slater_b_init": 74.92811666212349
        },
        {
            "index": 15,
            "element": "H",
            "charge": 0.1454860867173945,
            "dipole": [
                0.006883467996149553,
                -0.009946801081221507,
                -0.06269194688526084
            ],
            "quadrupole": [
                [
                    -0.46653329874241056,
                    -0.4732416347328373,
                    -0.002330159310877042
                ],
                [
                    -0.4732416347328373,
                    -0.006896299683892457,
                    -0.4718955139755243
                ],
                [
                    -0.002330159310877042,
                    -0.4718955139755243,
                    0.0030611591476876997
                ]
            ],
            "volume_eff": 2.589272508311626,
            "alpha_iso": 0.8263635664824338,
            "c6_ii": 0.21919500424998478,
            "c8_ii": 1.3553249726246306,
            "c10_ii": 11.566351446283331,
            "slater_b_init": 70.37316907538349
        },
        {
            "index": 16,
            "element": "H",
            "charge": 0.15403962620555733,
            "dipole": [
                0.001089375597456593,
                -0.0029545766866067944,
                0.04760099331508786
            ],
            "quadrupole": [
                [
                    -0.47172113514826347,
                    -0.4745601222804959,
                    9.65731493351925e-06
                ],
                [
                    -0.4745601222804959,
                    -0.005280481363123455,
                    -0.48522722402008445
                ],
                [
                    9.65731493351925e-06,
                    -0.48522722402008445,
                    0.00010893357140112563
                ]
            ],
            "volume_eff": 2.6655304464039253,
            "alpha_iso": 0.8507012062991252,
            "c6_ii": 0.23229637163417843,
            "c8_ii": 1.4643980435454054,
            "c10_ii": 12.741366513280298,
            "slater_b_init": 69.69556552067738
        },
        {
            "index": 17,
            "element": "H",
            "charge": 0.16256900453545553,
            "dipole": [
                -0.03704374908530882,
                -0.027055674447521223,
                -0.01930429462912367
            ],
            "quadrupole": [
                [
                    -0.4736611558412156,
                    -0.4681815502920438,
                    0.0030321218530362706
                ],
                [
                    -0.4681815502920438,
                    -0.0040481396610949315,
                    -0.471309902006147
                ],
                [
                    0.0030321218530362706,
                    -0.471309902006147,
                    -0.003567168666520312
                ]
            ],
            "volume_eff": 2.622297557720305,
            "alpha_iso": 0.8369034758681825,
            "c6_ii": 0.22482213735711584,
            "c8_ii": 1.401913876560518,
            "c10_ii": 12.065456322762573,
            "slater_b_init": 70.07649505793579
        },
        {
            "index": 18,
            "element": "H",
            "charge": 0.1550976533108499,
            "dipole": [
                0.011794871513273786,
                0.04502745928699751,
                -0.01805305977157052
            ],
            "quadrupole": [
                [
                    -0.4755690738581054,
                    -0.4852556734946758,
                    0.0026410289279370745
                ],
                [
                    -0.4852556734946758,
                    -0.0015299899787268505,
                    -0.4804667102346259
                ],
                [
                    0.0026410289279370745,
                    -0.4804667102346259,
                    -0.004107425453914711
                ]
            ],
            "volume_eff": 2.6920325113068935,
            "alpha_iso": 0.8591593121192214,
            "c6_ii": 0.23693855325469768,
            "c8_ii": 1.5035465597293896,
            "c10_ii": 13.168556918656686,
            "slater_b_init": 69.46610184416953
        }
    ]
}