{
    "molecule": "ADN",
    "atoms": [
        {
            "index": 0,
            "element": "N",
            "charge": -0.4525533143413796,
            "dipole": [
                0.058003411812478915,
                0.10311338368679746,
                0.02740931955798786
            ],
            "quadrupole": [
                [
                    -4.673788721808772,
                    -4.887844688690623,
                    -0.07639319559225195
                ],
                [
                    -4.887844688690623,
                    -0.13446851838912538,
                    -4.630335714977824
                ],
                [
                    -0.07639319559225195,
                    -4.630335714977824,
                    -0.043135705889934726
                ]
            ],
            "volume_eff": 31.21626814302106,
            "alpha_iso": 9.094503317258106,
            "c6_ii": 36.55189503689503,
            "c8_ii": 1317.0622483988893,
            "c10_ii": 51696.868228459854,
            "slater_b_init": 33.60883140526999
        },
        {
            "index": 1,
            "element": "C",
            "charge": 0.36384951794389764,
            "dipole": [
                -0.04447186494981726,
                -0.07160054469458231,
                -0.016212471583943174
            ],
            "quadrupole": [
                [
                    -3.538257518763994,
                    -3.7485096271084157,
                    -0.06586008120819105
                ],
                [
                    -3.7485096271084157,
                    -0.10645832560605807,
                    -3.5216479332883024
                ],
                [
                    -0.06586008120819105,
                    -3.5216479332883024,
                    -0.036718623024160985
                ]
            ],
            "volume_eff": 24.838574809490588,
            "alpha_iso": 7.802693657431599,
            "c6_ii": 19.7021008286549,
            "c8_ii": 428.3866510464816,
            "c10_ii": 11670.078598927576,
            "slater_b_init": 40.39989852312999
        },
        {
            "index": 2,
            "element": "C",
            "charge": -0.3117632809011557,
            "dipole": [
                -0.055415250484486915,
                0.03873702992950001,
                0.016277823360216815
            ],
            "quadrupole": [
                [
                    -4.816108830854041,
                    -4.784289955517821,
                    -0.01959306112459407
                ],
                [
                    -4.784289955517821,
                    -0.003578917301089284,
                    -4.754789500852304
                ],
                [
                    -0.01959306112459407,
                    -4.754789500852304,
                    0.03443670150952343
                ]
            ],
            "volume_eff": 35.2583442594043,
            "alpha_iso": 11.075919662640095,
            "c6_ii": 39.699315493012485,
            "c8_ii": 1090.2595621965627,
            "c10_ii": 37513.81651364606,
            "slater_b_init": 35.94748634111872
        },
        {
            "index": 3,
            "element": "C",
            "charge": -0.2128912953112181,
            "dipole": [
                0.03462808145138566,
                0.03842203535908137,
                -0.046523573700461326
            ],
            "quadrupole": [
                [
                    -4.674832302329401,
                    -4.657137621748441,
                    0.06332004683341533
                ],
                [
                    -4.657137621748441,
                    0.008483222016889022,
                    -4.686672301712619
                ],
                [
                    0.06332004683341533,
                    -4.686672301712619,
                    0.010927772262615702
                ]
            ],
            "volume_eff": 34.55314421851679,
            "alpha_iso": 10.854390853984333,
            "c6_ii": 38.127149429134285,
            "c8_ii": 1033.0745472898054,
            "c10_ii": 35070.62022141463,
            "slater_b_init": 36.190393705953994
        },
        {
            "index": 4,
            "element": "C",
            "charge": -0.21876134374905387,
            "dipole": [
                -0.030416932189309125,
                -0.030783545993713173,
                0.04409771691896508
            ],
            "quadrupole": [
                [
                    -4.663699949873017,
                    -4.656497482790023,
                    0.06387366729894402
                ],
                [
                    -4.656497482790023,
                    0.004878059688045927,
                    -4.679146137308594
                ],
                [
                    0.06387366729894402,
                    -4.679146137308594,
                    0.014960387454475197
                ]
            ],
            "volume_eff": 34.43151659893836,
            "alpha_iso": 10.816183224797388,
            "c6_ii": 37.859205494036814,
            "c8_ii": 1023.4057997734101,
            "c10_ii": 34660.810323134654,
            "slater_b_init": 36.23295721588711
        },
        {
            "index": 5,
            "element": "C",
            "charge": -0.31174372699463326,
            "dipole": [
                0.04980949900526713,
                0.016734796883595658,
                -0.03215576112212177
            ],
            "quadrupole": [
                [
                    -4.823529952650976,
                    -4.765693910805876,
                    0.052742178264081806
                ],
                [
                    -4.765693910805876,
                    -0.00431074113517942,
                    -4.798209830489371
                ],
                [
                    0.052742178264081806,
                    -4.798209830489371,
                    0.027176853689248052
                ]
            ],
            "volume_eff": 35.41057820587628,
            "alpha_iso": 11.123741844777886,
            "c6_ii": 40.042872781414125,
            "c8_ii": 1102.8577922651468,
            "c10_ii": 38056.44918507938,
            "slater_b_init": 35.89589828503003
        },
        {
            "index": 6,
            "element": "C",
            "charge": 0.3532191708039214,
            "dipole": [
                0.057542839097753457,
                -0.04258715344578384,
                0.04608226471473278
            ],
            "quadrupole": [
                [
                    -3.6066600092502177,
                    -3.629247912684803,
                    0.12591376918773511
                ],
                [
                    -3.629247912684803,
                    0.10842972340051617,
                    -3.646579568539172
                ],
                [
                    0.12591376918773511,
                    -3.646579568539172,
                    -0.11540198936141867
                ]
            ],
            "volume_eff": 25.05765266333055,
            "alpha_iso": 7.871513925653575,
            "c6_ii": 20.05118116006896,
            "c8_ii": 438.53658197205965,
            "c10_ii": 12016.725857730185,
            "slater_b_init": 40.28181559627338
        },
        {
            "index": 7,
            "element": "N",
            "charge": -0.4488879191117441,
            "dipole": [
                -0.0672351718587976,
                0.06778729710310533,
                -0.06829734886498491
            ],
            "quadrupole": [
                [
                    -4.709931211274678,
                    -4.718434056250514,
                    0.12831055454095072
                ],
                [
                    -4.718434056250514,
                    0.11946224025863397,
                    -4.7346319731383355
                ],
                [
                    0.12831055454095072,
                    -4.7346319731383355,
                    -0.12676227172742185
                ]
            ],
            "volume_eff": 31.11081865654071,
            "alpha_iso": 9.063781813322885,
            "c6_ii": 36.30536534661155,
            "c8_ii": 1305.2314196723305,
            "c10_ii": 51117.04702339505,
            "slater_b_init": 33.6467607338769
        },
        {
            "index": 8,
            "element": "H",
            "charge": 0.17337344147767997,
            "dipole": [
                -0.0027656382344366085,
                -0.008265918242120134,
                -0.05061045075287331
            ],
            "quadrupole": [
                [
                    -0.4444298736547095,
                    -0.4489954786770308,
                    -0.00034728928056893834
                ],
                [
                    -0.4489954786770308,
                    0.004895874413085673,
                    -0.45997036356211013
                ],
                [
                    -0.00034728928056893834,
                    -0.45997036356211013,
                    -0.0015807375386337242
                ]
            ],
            "volume_eff": 2.472421469815903,
            "alpha_iso": 0.7890706818561392,
            "c6_ii": 0.1998573588282435,
            "c8_ii": 1.198292285053555,
            "c10_ii": 9.916205941060708,
            "slater_b_init": 71.46480178213888
        },
        {
            "index": 9,
            "element": "H",
            "charge": 0.17288112246315301,
            "dipole": [
                0.017700168863904773,
                -0.0389705931129068,
                0.03204599995661875
            ],
            "quadrupole": [
                [
                    -0.4467485299554374,
                    -0.4527016649803379,
                    0.0019139220053124005
                ],
                [
                    -0.4527016649803379,
                    0.006267096328195066,
                    -0.4514601136153867
                ],
                [
                    0.0019139220053124005,
                    -0.4514601136153867,
                    -0.0016243153302108336
                ]
            ],
            "volume_eff": 2.459296617783399,
            "alpha_iso": 0.7848818992925741,
            "c6_ii": 0.19774110483660592,
            "c8_ii": 1.1814042076816593,
            "c10_ii": 9.741822791662209,
            "slater_b_init": 71.59170816190269
        },
        {
            "index": 10,
            "element": "H",
            "charge": 0.12579637060317017,
            "dipole": [
                -0.01643946067305248,
                -0.046205328124012804,
                -0.014480911594753532
            ],
            "quadrupole": [
                [
                    -0.488797327268707,
                    -0.5062500437622774,
                    2.1292254969956327e-05
                ],
                [
                    -0.5062500437622774,
                    -0.009486121704968742,
                    -0.4971395200017476
                ],
                [
                    2.1292254969956327e-05,
                    -0.4971395200017476,
                    0.0017795695537522085
                ]
            ],
            "volume_eff": 2.791874677377414,
            "alpha_iso": 0.8910238332055578,
            "c6_ii": 0.254839632775907,
            "c8_ii": 1.6568830900937424,
            "c10_ii": 14.868149376131857,
            "slater_b_init": 68.62795465968757
        },
        {
            "index": 11,
            "element": "H",
            "charge": 0.13475996051108619,
            "dipole": [
                -0.0018514523924818564,
                0.023725301488904338,
                0.04621564334861984
            ],
            "quadrupole": [
                [
                    -0.4761529542183037,
                    -0.48778061298981296,
                    -0.0029441686514914095
                ],
                [
                    -0.48778061298981296,
                    -0.003866021147735926,
                    -0.4970683830716753
                ],
                [
                    -0.0029441686514914095,
                    -0.4970683830716753,
                    0.004932672115901698
                ]
            ],
            "volume_eff": 2.717854548481312,
            "alpha_iso": 0.8674003878131846,
            "c6_ii": 0.24150579323753135,
            "c8_ii": 1.542313436885868,
            "c10_ii": 13.59433245181593,
            "slater_b_init": 69.24540482399306
        },
        {
            "index": 12,
            "element": "H",
            "charge": 0.13196378871373782,
            "dipole": [
                0.0006280451881521428,
                -0.020512177138617107,
                -0.0467390259200524
            ],
            "quadrupole": [
                [
                    -0.47938047563636255,
                    -0.49030360694465486,
                    -0.0033659808914188877
                ],
                [
                    -0.49030360694465486,
                    -0.0026630937347924674,
                    -0.5002780948933746
                ],
                [
                    -0.0033659808914188877,
                    -0.5002780948933746,
                    0.005121808218746015
                ]
            ],
            "volume_eff": 2.73811222935391,
            "alpha_iso": 0.8738656051129501,
            "c6_ii": 0.2451193640837652,
            "c8_ii": 1.5731594128162742,
            "c10_ii": 13.935032955322857,
            "slater_b_init": 69.0742132801485
        },
        {
            "index": 13,
            "element": "H",
            "charge": 0.14968341718177602,
            "dipole": [
                0.015563420914140012,
                0.04972545340894118,
                0.011246422218588292
            ],
            "quadrupole": [
                [
                    -0.45943534517524015,
                    -0.47426122557578027,
                    -0.000137214389099451
                ],
                [
                    -0.47426122557578027,
                    -0.007760992489261853,
                    -0.4702073173097968
                ],
                [
                    -0.000137214389099451,
                    -0.4702073173097968,
                    0.0012130687293674441
                ]
            ],
            "volume_eff": 2.574238557710577,
            "alpha_iso": 0.8215654971416735,
            "c6_ii": 0.21665699405475028,
            "c8_ii": 1.334441447604341,
            "c10_ii": 11.34400702953033,
            "slater_b_init": 70.50989996730866
        },
        {
            "index": 14,
            "element": "H",
            "charge": 0.16859507968827714,
            "dipole": [
                -0.010191859499094293,
                -0.049285745012025484,
                -0.008290267881408355
            ],
            "quadrupole": [
                [
                    -0.4479477950609992,
                    -0.4646376555315729,
                    0.0008978707961997411
                ],
                [
                    -0.4646376555315729,
                    -0.00433295371598729,
                    -0.4553807359435596
                ],
                [
                    0.0008978707961997411,
                    -0.4553807359435596,
                    0.0014506978548225146
                ]
            ],
            "volume_eff": 2.5065823821127333,
            "alpha_iso": 0.7999731006742766,
            "c6_ii": 0.20541828403534354,
            "c8_ii": 1.2429529826848154,
            "c10_ii": 10.380313253920177,
            "slater_b_init": 71.13866342460413
        },
        {
            "index": 15,
            "element": "H",
            "charge": 0.1732227458642277,
            "dipole": [
                0.0024079997813930758,
                0.02095461430810459,
                0.04728718890060408
            ],
            "quadrupole": [
                [
                    -0.4424920243608591,
                    -0.44991646524730844,
                    -0.001294443803613241
                ],
                [
                    -0.44991646524730844,
                    -0.002143900314838897,
                    -0.4592744674441037
                ],
                [
                    -0.001294443803613241,
                    -0.4592744674441037,
                    0.001223205037451478
                ]
            ],
            "volume_eff": 2.466860041944532,
            "alpha_iso": 0.7872957580674038,
            "c6_ii": 0.1989592577462238,
            "c8_ii": 1.191117963092914,
            "c10_ii": 9.842049646915827,
            "slater_b_init": 71.5184662289934
        }
    ]
}