{
    "molecule": "BOB",
    "atoms": [
        {
            "index": 0,
            "element": "B",
            "charge": 1.2524945905460347,
            "dipole": [
                -0.0017966453813754281,
                -0.008073297453483624,
                -0.00579625857632518
            ],
            "quadrupole": [
                [
                    -2.2269256263797956,
                    -2.1463646991489282,
                    0.003618684550401773
                ],
                [
                    -2.1463646991489282,
                    0.009858374429121658,
                    -2.1482539184527085
                ],
                [
                    0.003618684550401773,
                    -2.1482539184527085,
                    -0.009968471137701933
                ]
            ],
            "volume_eff": 16.04206973043944,
            "alpha_iso": 7.3080539883113005,
            "c6_ii": 12.645000554572837,
            "c8_ii": 223.62949015209762,
            "c10_ii": 2569.900291393435,
            "slater_b_init": 47.95084760290538
        },
        {
            "index": 1,
            "element": "O",
            "charge": -0.6271050380168894,
            "dipole": [
                0.00986135481317972,
                -0.027467574863873363,
                0.13758949209334798
            ],
            "quadrupole": [
                [
                    -4.33244657068142,
                    -4.348451654113964,
                    0.011960044381871239
                ],
                [
                    -4.348451654113964,
                    0.0038355734765810616,
                    -4.476001829960053
                ],
                [
                    0.011960044381871239,
                    -4.476001829960053,
                    0.0162390980483086
                ]
            ],
            "volume_eff": 25.564224361307264,
            "alpha_iso": 7.626895665804377,
            "c6_ii": 31.11950565686636,
            "c8_ii": 1356.035985390543,
            "c10_ii": 56900.924625373766,
            "slater_b_init": 32.9774478491662
        },
        {
            "index": 2,
            "element": "C",
            "charge": 0.5710388447657291,
            "dipole": [
                -0.06140387407745904,
                -0.023143171849153616,
                0.1555281574728546
            ],
            "quadrupole": [
                [
                    -3.5331230693710176,
                    -3.293668860194688,
                    -0.026189395492097565
                ],
                [
                    -3.293668860194688,
                    -0.08093616736152631,
                    -3.643530028500999
                ],
                [
                    -0.026189395492097565,
                    -3.643530028500999,
                    -0.04218745749307512
                ]
            ],
            "volume_eff": 24.453179845838445,
            "alpha_iso": 7.681627176703175,
            "c6_ii": 19.095449009825696,
            "c8_ii": 410.890133286459,
            "c10_ii": 11077.353375568391,
            "slater_b_init": 40.611034383405965
        },
        {
            "index": 3,
            "element": "O",
            "charge": -0.5060640196014639,
            "dipole": [
                0.056185387318460275,
                0.026054054451000112,
                0.06781739413361436
            ],
            "quadrupole": [
                [
                    -4.331240469214076,
                    -4.197526113960205,
                    0.009328525142706096
                ],
                [
                    -4.197526113960205,
                    -0.041721894047988456,
                    -4.4230178185546425
                ],
                [
                    0.009328525142706096,
                    -4.4230178185546425,
                    0.044597587999094336
                ]
            ],
            "volume_eff": 25.257121432336326,
            "alpha_iso": 7.535273797492605,
            "c6_ii": 30.37631957371696,
            "c8_ii": 1313.0295483634816,
            "c10_ii": 54654.1859114526,
            "slater_b_init": 33.110568047166254
        },
        {
            "index": 4,
            "element": "C",
            "charge": 0.5735941039539414,
            "dipole": [
                -0.004686001479516631,
                -0.012939080004744566,
                -0.16165770229988732
            ],
            "quadrupole": [
                [
                    -3.5480130955328035,
                    -3.2852900470855757,
                    0.01495057803222855
                ],
                [
                    -3.2852900470855757,
                    -0.08975329325365254,
                    -3.6006290421921867
                ],
                [
                    0.01495057803222855,
                    -3.6006290421921867,
                    0.06114730739259017
                ]
            ],
            "volume_eff": 24.323633119195552,
            "alpha_iso": 7.640931869904362,
            "c6_ii": 18.893659281723888,
            "c8_ii": 405.1109528766233,
            "c10_ii": 10882.942910542559,
            "slater_b_init": 40.683004362486166
        },
        {
            "index": 5,
            "element": "O",
            "charge": -0.5040292098087491,
            "dipole": [
                0.06190592203171055,
                0.024965283061187442,
                -0.052869688156840795
            ],
            "quadrupole": [
                [
                    -4.309575824777138,
                    -4.194439460499753,
                    -0.01327315629371832
                ],
                [
                    -4.194439460499753,
                    -0.040370809350217585,
                    -4.421267460775156
                ],
                [
                    -0.01327315629371832,
                    -4.421267460775156,
                    -0.022420298177141907
                ]
            ],
            "volume_eff": 25.18570822891005,
            "alpha_iso": 7.51396820089029,
            "c6_ii": 30.204787473739753,
            "c8_ii": 1303.1527987507548,
            "c10_ii": 54140.77668068634,
            "slater_b_init": 33.14183313839164
        },
        {
            "index": 6,
            "element": "O",
            "charge": -0.6281498106901999,
            "dipole": [
                0.04227289201759362,
                -0.027638132358366468,
                -0.13007347242106435
            ],
            "quadrupole": [
                [
                    -4.3555295941716725,
                    -4.360554198378108,
                    -0.0037028599669062467
                ],
                [
                    -4.360554198378108,
                    0.013823198458267726,
                    -4.494999402695612
                ],
                [
                    -0.0037028599669062467,
                    -4.494999402695612,
                    0.021746101921140036
                ]
            ],
            "volume_eff": 25.7411330663158,
            "alpha_iso": 7.679675058458857,
            "c6_ii": 31.55170028994632,
            "c8_ii": 1381.20450405886,
            "c10_ii": 58224.100476401174,
            "slater_b_init": 32.90172709816043
        },
        {
            "index": 7,
            "element": "O",
            "charge": -0.6437044078222112,
            "dipole": [
                -0.04236889992110174,
                -0.10902224316758136,
                -0.0479479074760827
            ],
            "quadrupole": [
                [
                    -4.382553060235467,
                    -4.5142484954248285,
                    -0.021400341252339253
                ],
                [
                    -4.5142484954248285,
                    -0.01679948940634177,
                    -4.3673573846624345
                ],
                [
                    -0.021400341252339253,
                    -4.3673573846624345,
                    -0.010925236098583653
                ]
            ],
            "volume_eff": 25.880915826333908,
            "alpha_iso": 7.721378202331663,
            "c6_ii": 31.895302776327277,
            "c8_ii": 1401.2961676156835,
            "c10_ii": 59284.7131891402,
            "slater_b_init": 32.842386088142874
        },
        {
            "index": 8,
            "element": "C",
            "charge": 0.5929319145371146,
            "dipole": [
                0.007994873361818325,
                -0.15925634386738272,
                -0.03229981852570424
            ],
            "quadrupole": [
                [
                    -3.517811315672119,
                    -3.5620960012009117,
                    -0.017362174052850864
                ],
                [
                    -3.5620960012009117,
                    -0.06520318545406216,
                    -3.245857979413338
                ],
                [
                    -0.017362174052850864,
                    -3.245857979413338,
                    0.06760260351477156
                ]
            ],
            "volume_eff": 24.004906263143077,
            "alpha_iso": 7.540808250202013,
            "c6_ii": 18.401753961737967,
            "c8_ii": 391.10932664737896,
            "c10_ii": 10414.815603821444,
            "slater_b_init": 40.86227044660701
        },
        {
            "index": 9,
            "element": "O",
            "charge": -0.5040546484842121,
            "dipole": [
                -0.07011389816288806,
                -0.050124509243583,
                0.018039396423540178
            ],
            "quadrupole": [
                [
                    -4.305811229087298,
                    -4.4249890579605,
                    -0.03456618381652677
                ],
                [
                    -4.4249890579605,
                    0.020983090235613993,
                    -4.199136780024692
                ],
                [
                    -0.03456618381652677,
                    -4.199136780024692,
                    0.030563727334542688
                ]
            ],
            "volume_eff": 25.198846069095794,
            "alpha_iso": 7.517887777520292,
            "c6_ii": 30.236307665022917,
            "c8_ii": 1304.9663199987747,
            "c10_ii": 54234.97373389822,
            "slater_b_init": 33.136072453983545
        },
        {
            "index": 10,
            "element": "C",
            "charge": 0.569934276095041,
            "dipole": [
                0.0638211585139206,
                0.15027121791066272,
                -0.008508748075456651
            ],
            "quadrupole": [
                [
                    -3.530074966320693,
                    -3.6252692140383473,
                    -0.052650747276763214
                ],
                [
                    -3.6252692140383473,
                    0.02405549273531703,
                    -3.2888092605311434
                ],
                [
                    -0.052650747276763214,
                    -3.2888092605311434,
                    0.0693241649642108
                ]
            ],
            "volume_eff": 24.36318848042786,
            "alpha_iso": 7.65335763783074,
            "c6_ii": 18.955159402614328,
            "c8_ii": 406.87012359554075,
            "c10_ii": 10942.048123228233,
            "slater_b_init": 40.66097519032793
        },
        {
            "index": 11,
            "element": "O",
            "charge": -0.5182426671076872,
            "dipole": [
                -0.03860338666384524,
                0.07476228467210938,
                0.023979174886917608
            ],
            "quadrupole": [
                [
                    -4.372506433234417,
                    -4.430618394604469,
                    -0.009637226930214545
                ],
                [
                    -4.430618394604469,
                    -0.0551067550115615,
                    -4.2189953166375815
                ],
                [
                    -0.009637226930214545,
                    -4.2189953166375815,
                    0.03186905361565733
                ]
            ],
            "volume_eff": 25.466344005604167,
            "alpha_iso": 7.5976937917272105,
            "c6_ii": 30.881661003582405,
            "c8_ii": 1342.234807824616,
            "c10_ii": 56177.955100447834,
            "slater_b_init": 33.01964364173348
        },
        {
            "index": 12,
            "element": "O",
            "charge": -0.6302070320509472,
            "dipole": [
                -0.01706111355665906,
                0.13046859075845432,
                -0.017138850172698696
            ],
            "quadrupole": [
                [
                    -4.338959416631132,
                    -4.486645842861289,
                    -0.0015218010316887054
                ],
                [
                    -4.486645842861289,
                    -0.010257460010761055,
                    -4.353654377857126
                ],
                [
                    -0.0015218010316887054,
                    -4.353654377857126,
                    -0.004811207790357789
                ]
            ],
            "volume_eff": 25.638038385533804,
            "alpha_iso": 7.648917529385776,
            "c6_ii": 31.299473737756585,
            "c8_ii": 1366.5022233915258,
            "c10_ii": 57450.423390815835,
            "slater_b_init": 32.94576916497563
        }
    ]
}