{
    "molecule": "CCarb_1043",
    "atoms": [
        {
            "index": 0,
            "element": "C",
            "charge": -0.090993483541709,
            "dipole": [
                -0.11088349747991433,
                0.015451374631724038,
                0.11771713467342931
            ],
            "quadrupole": [
                [
                    -4.478873069433507,
                    -4.531336446661543,
                    -0.0029210502912160765
                ],
                [
                    -4.531336446661543,
                    -0.020752105753213273,
                    -4.4844450289970785
                ],
                [
                    -0.0029210502912160765,
                    -4.4844450289970785,
                    -0.05682612367514014
                ]
            ],
            "volume_eff": 33.11241452421982,
            "alpha_iso": 10.401805609702562,
            "c6_ii": 35.01393259235451,
            "c8_ii": 922.1616728851033,
            "c10_ii": 30429.00169610332,
            "slater_b_init": 36.70784438276719
        },
        {
            "index": 1,
            "element": "O",
            "charge": -0.35468278786935414,
            "dipole": [
                -0.002625401984469767,
                -0.02559884205318998,
                -0.09171257823777143
            ],
            "quadrupole": [
                [
                    -3.9579070436102506,
                    -4.092457572940707,
                    -0.009419045699920312
                ],
                [
                    -4.092457572940707,
                    0.026637151867844665,
                    -4.075198187993328
                ],
                [
                    -0.009419045699920312,
                    -4.075198187993328,
                    -0.027349624858059092
                ]
            ],
            "volume_eff": 23.046405646820233,
            "alpha_iso": 6.875723231648026,
            "c6_ii": 25.291457179296984,
            "c8_ii": 1028.4726921918675,
            "c10_ii": 40273.67503203783,
            "slater_b_init": 34.13711761381461
        },
        {
            "index": 2,
            "element": "C",
            "charge": 0.08364464287691042,
            "dipole": [
                0.10033822005948864,
                0.09490113541990008,
                0.008917454271724766
            ],
            "quadrupole": [
                [
                    -4.166576950188473,
                    -4.257217277263552,
                    0.0504833115152424
                ],
                [
                    -4.257217277263552,
                    0.029662736379623078,
                    -4.219342580703577
                ],
                [
                    0.0504833115152424,
                    -4.219342580703577,
                    0.0004918401910052839
                ]
            ],
            "volume_eff": 30.690040603697224,
            "alpha_iso": 9.640850451423212,
            "c6_ii": 30.07835750058717,
            "c8_ii": 753.0515419179936,
            "c10_ii": 23621.62371410282,
            "slater_b_init": 37.64928021023154
        },
        {
            "index": 3,
            "element": "C",
            "charge": -0.40866879614511653,
            "dipole": [
                -0.008059294940830611,
                -0.012190898119544736,
                0.011205876756149624
            ],
            "quadrupole": [
                [
                    -5.002142697113861,
                    -5.045850277172852,
                    0.0539467110614443
                ],
                [
                    -5.045850277172852,
                    0.002932346638108202,
                    -4.991398853245146
                ],
                [
                    0.0539467110614443,
                    -4.991398853245146,
                    -0.010768679118068596
                ]
            ],
            "volume_eff": 37.68340690122292,
            "alpha_iso": 11.83771944541034,
            "c6_ii": 45.34814331764074,
            "c8_ii": 1301.862828354946,
            "c10_ii": 46825.821261754456,
            "slater_b_init": 35.159210307180416
        },
        {
            "index": 4,
            "element": "C",
            "charge": 0.1706784811073465,
            "dipole": [
                -0.00036654333094484845,
                0.076543427871836,
                -0.08422837059497854
            ],
            "quadrupole": [
                [
                    -4.084673983215273,
                    -4.024134870140936,
                    -0.038891951408532625
                ],
                [
                    -4.024134870140936,
                    -0.04134306168043955,
                    -3.9373646330260494
                ],
                [
                    -0.038891951408532625,
                    -3.9373646330260494,
                    0.04305361711418817
                ]
            ],
            "volume_eff": 28.762696976928677,
            "alpha_iso": 9.035402191705343,
            "c6_ii": 26.4191233534008,
            "c8_ii": 633.4471936344198,
            "c10_ii": 19029.04047831627,
            "slater_b_init": 38.47210623958445
        },
        {
            "index": 5,
            "element": "O",
            "charge": -0.3997691702798569,
            "dipole": [
                0.061327561275359085,
                -0.056374125666797885,
                0.0002861442691644562
            ],
            "quadrupole": [
                [
                    -4.034971219355607,
                    -4.030907028226522,
                    -0.023019497014735373
                ],
                [
                    -4.030907028226522,
                    -0.03484244900085656,
                    -4.06882336144203
                ],
                [
                    -0.023019497014735373,
                    -4.06882336144203,
                    0.028001293127073546
                ]
            ],
            "volume_eff": 22.961835654711724,
            "alpha_iso": 6.850492405273111,
            "c6_ii": 25.106181091817255,
            "c8_ii": 1018.4393509758979,
            "c10_ii": 39783.15937918994,
            "slater_b_init": 34.1789760368672
        },
        {
            "index": 6,
            "element": "C",
            "charge": 0.9658651872746598,
            "dipole": [
                0.017113890226253554,
                -0.024705166880698147,
                0.018194776397878698
            ],
            "quadrupole": [
                [
                    -2.8580257606334465,
                    -2.9245003669215976,
                    0.038476253697589044
                ],
                [
                    -2.9245003669215976,
                    0.06558628100382685,
                    -2.9217777749230778
                ],
                [
                    0.038476253697589044,
                    -2.9217777749230778,
                    0.001718691148171063
                ]
            ],
            "volume_eff": 19.622118967839047,
            "alpha_iso": 6.164016429687658,
            "c6_ii": 12.29563605707227,
            "c8_ii": 228.4654570699394,
            "c10_ii": 5318.688453978296,
            "slater_b_init": 43.702592143409994
        },
        {
            "index": 7,
            "element": "O",
            "charge": -0.5856348516521592,
            "dipole": [
                -0.07461559583109201,
                0.13039557147552822,
                -0.08998715695768682
            ],
            "quadrupole": [
                [
                    -4.317425226310006,
                    -4.342757021898083,
                    -0.002502542505913409
                ],
                [
                    -4.342757021898083,
                    0.049706052675414884,
                    -4.3977832892149795
                ],
                [
                    -0.002502542505913409,
                    -4.3977832892149795,
                    0.038620427549021924
                ]
            ],
            "volume_eff": 25.369224732277104,
            "alpha_iso": 7.568718980900352,
            "c6_ii": 30.646567537199022,
            "c8_ii": 1328.6280445663174,
            "c10_ii": 55466.98687327341,
            "slater_b_init": 33.0617256043003
        },
        {
            "index": 8,
            "element": "O",
            "charge": -0.3549782735171796,
            "dipole": [
                0.01607615376270626,
                -0.05479587806544121,
                0.07311450205485179
            ],
            "quadrupole": [
                [
                    -4.007393927088086,
                    -3.953227564052522,
                    -0.05023172382071446
                ],
                [
                    -3.953227564052522,
                    -0.016340664687702892,
                    -3.9940056666034494
                ],
                [
                    -0.05023172382071446,
                    -3.9940056666034494,
                    0.018904327204313457
                ]
            ],
            "volume_eff": 22.505553924560598,
            "alpha_iso": 6.714364154288797,
            "c6_ii": 24.118309380789213,
            "c8_ii": 965.361803596109,
            "c10_ii": 37208.566975140144,
            "slater_b_init": 34.40841599429925
        },
        {
            "index": 9,
            "element": "C",
            "charge": -0.16170586702141687,
            "dipole": [
                -0.018911285027808918,
                0.18023127179769483,
                -0.0017172646454772574
            ],
            "quadrupole": [
                [
                    -4.601576366177446,
                    -4.543832967765141,
                    0.027645533904673125
                ],
                [
                    -4.543832967765141,
                    -0.08782774353605349,
                    -4.638374711812175
                ],
                [
                    0.027645533904673125,
                    -4.638374711812175,
                    0.03055251252386082
                ]
            ],
            "volume_eff": 33.9356373097123,
            "alpha_iso": 10.660409626087631,
            "c6_ii": 36.776569001755234,
            "c8_ii": 984.5720278176551,
            "c10_ii": 33024.650925871654,
            "slater_b_init": 36.40858735863692
        },
        {
            "index": 10,
            "element": "C",
            "charge": 0.8043857749981314,
            "dipole": [
                -0.10900956164070956,
                -0.09427874585283107,
                -0.0012995726202696812
            ],
            "quadrupole": [
                [
                    -3.2884436520477434,
                    -3.247632470238605,
                    -0.005020422840607501
                ],
                [
                    -3.247632470238605,
                    -0.07774117878530201,
                    -3.2151276838686416
                ],
                [
                    -0.005020422840607501,
                    -3.2151276838686416,
                    -0.00047569355229040434
                ]
            ],
            "volume_eff": 22.881603684620938,
            "alpha_iso": 7.187938330247415,
            "c6_ii": 16.71983969915211,
            "c8_ii": 344.1877099154505,
            "c10_ii": 8877.139972491106,
            "slater_b_init": 41.520286881237254
        },
        {
            "index": 11,
            "element": "F",
            "charge": -0.25630475568875255,
            "dipole": [
                0.013771531006420817,
                -0.05154156365427709,
                0.010946033497061467
            ],
            "quadrupole": [
                [
                    -3.5736966475813743,
                    -3.531620345808039,
                    -0.012013253227562614
                ],
                [
                    -3.531620345808039,
                    -0.023835664998662843,
                    -3.5984754849348706
                ],
                [
                    -0.012013253227562614,
                    -3.5984754849348706,
                    0.008304384121311766
                ]
            ],
            "volume_eff": 18.058688938979355,
            "alpha_iso": 5.671323799018309,
            "c6_ii": 21.160469495599656,
            "c8_ii": 930.8625758090448,
            "c10_ii": 37990.01719028541,
            "slater_b_init": 33.25191392356871
        },
        {
            "index": 12,
            "element": "F",
            "charge": -0.24717891833855,
            "dipole": [
                -0.042965913855727914,
                0.016743903640165012,
                0.04227000259798815
            ],
            "quadrupole": [
                [
                    -3.5544440565347406,
                    -3.5636457156000936,
                    0.011812938543644643
                ],
                [
                    -3.5636457156000936,
                    -0.006376425642837249,
                    -3.534898024719966
                ],
                [
                    0.011812938543644643,
                    -3.534898024719966,
                    -0.03428026109784916
                ]
            ],
            "volume_eff": 17.914833135481956,
            "alpha_iso": 5.626145943374498,
            "c6_ii": 20.824683010624558,
            "c8_ii": 911.2195673158669,
            "c10_ii": 36990.59554636613,
            "slater_b_init": 33.34068084681765
        },
        {
            "index": 13,
            "element": "F",
            "charge": -0.235240186643626,
            "dipole": [
                -0.029870779146265396,
                0.005065307021690989,
                -0.0500747870434946
            ],
            "quadrupole": [
                [
                    -3.5350986811719647,
                    -3.5507549936666605,
                    -0.005362930511280445
                ],
                [
                    -3.5507549936666605,
                    0.004689708473465558,
                    -3.497513531201002
                ],
                [
                    -0.005362930511280445,
                    -3.497513531201002,
                    0.029403505506904407
                ]
            ],
            "volume_eff": 17.730423230613468,
            "alpha_iso": 5.56823208895299,
            "c6_ii": 20.39816355029328,
            "c8_ii": 886.4207845479998,
            "c10_ii": 35736.53494295014,
            "slater_b_init": 33.45587189774343
        },
        {
            "index": 14,
            "element": "H",
            "charge": 0.11696523764322708,
            "dipole": [
                0.04628517164390358,
                0.02547030265449584,
                0.030894659434752295
            ],
            "quadrupole": [
                [
                    -0.4990004578737823,
                    -0.5087370429490472,
                    0.002861320249962
                ],
                [
                    -0.5087370429490472,
                    -0.001074947332612603,
                    -0.49391222732932594
                ],
                [
                    0.002861320249962,
                    -0.49391222732932594,
                    -0.011047948276090045
                ]
            ],
            "volume_eff": 2.798842315743518,
            "alpha_iso": 0.8932475475777185,
            "c6_ii": 0.2561132186739978,
            "c8_ii": 1.6679328555649005,
            "c10_ii": 14.99219727436698,
            "slater_b_init": 68.57095822253959
        },
        {
            "index": 15,
            "element": "H",
            "charge": 0.08084918393666052,
            "dipole": [
                -0.0227894294537572,
                0.03694126703363596,
                -0.04091601785305468
            ],
            "quadrupole": [
                [
                    -0.5341121485009944,
                    -0.5508951267413644,
                    0.002433132590597895
                ],
                [
                    -0.5508951267413644,
                    -0.0051225148081228125,
                    -0.5485676198653876
                ],
                [
                    0.002433132590597895,
                    -0.5485676198653876,
                    -0.01328444599219563
                ]
            ],
            "volume_eff": 3.127207247083408,
            "alpha_iso": 0.9980448660904493,
            "c6_ii": 0.3197337336168775,
            "c8_ii": 2.2420941744417235,
            "c10_ii": 21.69998314346507,
            "slater_b_init": 66.0816392263322
        },
        {
            "index": 16,
            "element": "H",
            "charge": 0.07944996828689144,
            "dipole": [
                0.00966124078417618,
                -0.05733347836468028,
                -0.004713264499867008
            ],
            "quadrupole": [
                [
                    -0.5475311327547274,
                    -0.5628176159565953,
                    -0.006285383599696941
                ],
                [
                    -0.5628176159565953,
                    -0.0003550858617981878,
                    -0.5472967496186851
                ],
                [
                    -0.006285383599696941,
                    -0.5472967496186851,
                    -0.01485297440943681
                ]
            ],
            "volume_eff": 3.2039825490874327,
            "alpha_iso": 1.0225476220491807,
            "c6_ii": 0.3356258595471517,
            "c8_ii": 2.3919005859947076,
            "c10_ii": 23.52724040363638,
            "slater_b_init": 65.54953998280195
        },
        {
            "index": 17,
            "element": "H",
            "charge": 0.08725252314125143,
            "dipole": [
                -0.025066651585003624,
                0.0008984000771657232,
                0.05473571568437527
            ],
            "quadrupole": [
                [
                    -0.5148975971471382,
                    -0.5268724384362563,
                    0.0015866796228567264
                ],
                [
                    -0.5268724384362563,
                    0.0037084024415868716,
                    -0.5297753007286751
                ],
                [
                    0.0015866796228567264,
                    -0.5297753007286751,
                    0.01230631936455344
                ]
            ],
            "volume_eff": 2.954517454624971,
            "alpha_iso": 0.9429311025398844,
            "c6_ii": 0.2853962428094337,
            "c8_ii": 1.926934297046171,
            "c10_ii": 17.956666510084123,
            "slater_b_init": 67.34481675399576
        },
        {
            "index": 18,
            "element": "H",
            "charge": 0.07122169971144521,
            "dipole": [
                0.017212067901221404,
                -0.05002559088494641,
                -0.029805403583639888
            ],
            "quadrupole": [
                [
                    -0.5427204311238076,
                    -0.5647926961635643,
                    -0.00621088571780824
                ],
                [
                    -0.5647926961635643,
                    0.004244274656258549,
                    -0.5553537405289554
                ],
                [
                    -0.00621088571780824,
                    -0.5553537405289554,
                    0.011423636148758179
                ]
            ],
            "volume_eff": 3.2071797842070846,
            "alpha_iso": 1.0235680162363037,
            "c6_ii": 0.33629603185691326,
            "c8_ii": 2.3982708491020235,
            "c10_ii": 23.60559053122408,
            "slater_b_init": 65.5277506448692
        },
        {
            "index": 19,
            "element": "H",
            "charge": 0.16664064656658573,
            "dipole": [
                0.001802421080263847,
                0.041436798180370465,
                0.02054551126143506
            ],
            "quadrupole": [
                [
                    -0.4506402935536314,
                    -0.46619646737157827,
                    -0.004213110322541569
                ],
                [
                    -0.46619646737157827,
                    -0.00116640171754902,
                    -0.4580182119597494
                ],
                [
                    -0.004213110322541569,
                    -0.4580182119597494,
                    0.0032220819494062293
                ]
            ],
            "volume_eff": 2.5266035082792246,
            "alpha_iso": 0.8063628217912419,
            "c6_ii": 0.20871291369809247,
            "c8_ii": 1.269604148533097,
            "c10_ii": 10.659270899562063,
            "slater_b_init": 70.95026097721991
        },
        {
            "index": 20,
            "element": "H",
            "charge": 0.1602741882315163,
            "dipole": [
                0.022235807523844332,
                0.0017491363573408133,
                -0.04016052490023432
            ],
            "quadrupole": [
                [
                    -0.4609911273539237,
                    -0.4663167930262509,
                    0.001382204382639127
                ],
                [
                    -0.4663167930262509,
                    -0.00014654920632117466,
                    -0.4710481127345484
                ],
                [
                    0.001382204382639127,
                    -0.4710481127345484,
                    0.00895778854871516
                ]
            ],
            "volume_eff": 2.584877548600242,
            "alpha_iso": 0.8249609197660348,
            "c6_ii": 0.21845152466261447,
            "c8_ii": 1.3491990034312682,
            "c10_ii": 11.501039587267035,
            "slater_b_init": 70.41303068236704
        },
        {
            "index": 21,
            "element": "H",
            "charge": 0.12487482848926867,
            "dipole": [
                0.009747305310489854,
                -0.05917070644009117,
                -0.023052690764108718
            ],
            "quadrupole": [
                [
                    -0.4749233257167101,
                    -0.4883858726403815,
                    -0.005254247505223022
                ],
                [
                    -0.4883858726403815,
                    -0.002194089615172111,
                    -0.4710064801957281
                ],
                [
                    -0.005254247505223022,
                    -0.4710064801957281,
                    0.002467401354935242
                ]
            ],
            "volume_eff": 2.6247905842187254,
            "alpha_iso": 0.8376991226229975,
            "c6_ii": 0.22524981877934364,
            "c8_ii": 1.4054708366997584,
            "c10_ii": 12.103734306799208,
            "slater_b_init": 70.05430180815937
        },
        {
            "index": 22,
            "element": "H",
            "charge": 0.18407402639624326,
            "dipole": [
                0.028358238725075903,
                0.010616320669464966,
                0.04647416882551269
            ],
            "quadrupole": [
                [
                    -0.4224264660339151,
                    -0.41545796839013677,
                    0.00035288141788768906
                ],
                [
                    -0.41545796839013677,
                    -0.0017821052653240177,
                    -0.430378157476265
                ],
                [
                    0.00035288141788768906,
                    -0.430378157476265,
                    -0.004452508872624057
                ]
            ],
            "volume_eff": 2.254074863729544,
            "alpha_iso": 0.7193855948073012,
            "c6_ii": 0.16611612943731632,
            "c8_ii": 0.9364508236286775,
            "c10_ii": 7.286153284655748,
            "slater_b_init": 73.7016001267169
        }
    ]
}