{
    "molecule": "ADN",
    "atoms": [
        {
            "index": 0,
            "element": "N",
            "charge": -0.4497230388471891,
            "dipole": [
                0.06605024508747358,
                -0.07096668052586759,
                -0.07055323568893034
            ],
            "quadrupole": [
                [
                    -4.694803674036919,
                    -4.733303367431223,
                    -0.14050499307434355
                ],
                [
                    -4.733303367431223,
                    0.10479382260069173,
                    -4.7465733588840635
                ],
                [
                    -0.14050499307434355,
                    -4.7465733588840635,
                    0.11914311188840457
                ]
            ],
            "volume_eff": 31.163058421928852,
            "alpha_iso": 9.079001272530455,
            "c6_ii": 36.42739209970695,
            "c8_ii": 1311.0840829303434,
            "c10_ii": 51403.71875482232,
            "slater_b_init": 33.627949123203
        },
        {
            "index": 1,
            "element": "C",
            "charge": 0.35622597327809125,
            "dipole": [
                -0.04867499189016325,
                0.05229615009450337,
                0.04723136431800841
            ],
            "quadrupole": [
                [
                    -3.5787104054185415,
                    -3.6375063139615658,
                    -0.134003850223094
                ],
                [
                    -3.6375063139615658,
                    0.08834719799635049,
                    -3.6529486758046605
                ],
                [
                    -0.134003850223094,
                    -3.6529486758046605,
                    0.10731585369090516
                ]
            ],
            "volume_eff": 25.034338144207307,
            "alpha_iso": 7.864189992944704,
            "c6_ii": 20.01388587377176,
            "c8_ii": 437.4493459315301,
            "c10_ii": 11979.497019369535,
            "slater_b_init": 40.294316556102416
        },
        {
            "index": 2,
            "element": "C",
            "charge": -0.32124577993256764,
            "dipole": [
                -0.04871877795143479,
                -0.016183065981080047,
                -0.04336952146752024
            ],
            "quadrupole": [
                [
                    -4.83224072711398,
                    -4.785832995507483,
                    -0.014414712061313334
                ],
                [
                    -4.785832995507483,
                    0.03650862013734331,
                    -4.813899737422107
                ],
                [
                    -0.014414712061313334,
                    -4.813899737422107,
                    -0.028388006485312128
                ]
            ],
            "volume_eff": 35.51567738414599,
            "alpha_iso": 11.156757293449001,
            "c6_ii": 40.28092133340014,
            "c8_ii": 1111.6081960092513,
            "c10_ii": 38434.26185428694,
            "slater_b_init": 35.86045518698736
        },
        {
            "index": 3,
            "element": "C",
            "charge": -0.20250707226238873,
            "dipole": [
                0.019865032472046438,
                -0.06645449613647186,
                0.016056679593374742
            ],
            "quadrupole": [
                [
                    -4.645416137251387,
                    -4.698559181000683,
                    0.03334866486353652
                ],
                [
                    -4.698559181000683,
                    -0.0007853370188440723,
                    -4.599305567033629
                ],
                [
                    0.03334866486353652,
                    -4.599305567033629,
                    -0.023035888487260927
                ]
            ],
            "volume_eff": 34.311063343527266,
            "alpha_iso": 10.778344505820083,
            "c6_ii": 37.59477985648761,
            "c8_ii": 1013.8863457348692,
            "c10_ii": 34258.27272004901,
            "slater_b_init": 36.27530779645259
        },
        {
            "index": 4,
            "element": "C",
            "charge": -0.214379853899489,
            "dipole": [
                -0.015740741472778073,
                0.05732822770946829,
                -0.018824481392738512
            ],
            "quadrupole": [
                [
                    -4.646339435303851,
                    -4.712180047588424,
                    0.030401129418407967
                ],
                [
                    -4.712180047588424,
                    0.004984603680076447,
                    -4.6091469840379835
                ],
                [
                    0.030401129418407967,
                    -4.6091469840379835,
                    -0.021413696409912683
                ]
            ],
            "volume_eff": 34.334575805903064,
            "alpha_iso": 10.785730619655412,
            "c6_ii": 37.64632292353743,
            "c8_ii": 1015.7401757877159,
            "c10_ii": 34336.58959016123,
            "slater_b_init": 36.26702541095019
        },
        {
            "index": 5,
            "element": "C",
            "charge": -0.3200796023837835,
            "dipole": [
                0.037391876200273476,
                -0.03944847927925029,
                0.02085513552542932
            ],
            "quadrupole": [
                [
                    -4.838929831366195,
                    -4.848044934942063,
                    0.03674724897797507
                ],
                [
                    -4.848044934942063,
                    0.02055800280185234,
                    -4.769390934541092
                ],
                [
                    0.03674724897797507,
                    -4.769390934541092,
                    -0.03157630197002429
                ]
            ],
            "volume_eff": 35.66347077607138,
            "alpha_iso": 11.203184536985772,
            "c6_ii": 40.61686541437973,
            "c8_ii": 1123.986473488935,
            "c10_ii": 38969.98381255914,
            "slater_b_init": 35.8108500282373
        },
        {
            "index": 6,
            "element": "C",
            "charge": 0.36878423646104075,
            "dipole": [
                0.06423280460789163,
                0.05495129344342108,
                -0.0004926793711161198
            ],
            "quadrupole": [
                [
                    -3.6076547744634895,
                    -3.6813132773760477,
                    0.012683034625568704
                ],
                [
                    -3.6813132773760477,
                    -0.15289177023560283,
                    -3.4902378056885013
                ],
                [
                    0.012683034625568704,
                    -3.4902378056885013,
                    0.011696056114572539
                ]
            ],
            "volume_eff": 24.74216898432392,
            "alpha_iso": 7.772409105023222,
            "c6_ii": 19.54945831657299,
            "c8_ii": 423.9671268437832,
            "c10_ii": 11519.777724310166,
            "slater_b_init": 40.45230214637452
        },
        {
            "index": 7,
            "element": "N",
            "charge": -0.45349421143330737,
            "dipole": [
                -0.07976411981169192,
                -0.0895112183267465,
                0.0023149350571437625
            ],
            "quadrupole": [
                [
                    -4.762530612849572,
                    -4.818334917154244,
                    0.011052484368589218
                ],
                [
                    -4.818334917154244,
                    -0.18316570709178137,
                    -4.60991755469798
                ],
                [
                    0.011052484368589218,
                    -4.60991755469798,
                    0.010702205905954542
                ]
            ],
            "volume_eff": 31.19960394160697,
            "alpha_iso": 9.089648392436677,
            "c6_ii": 36.51288040786459,
            "c8_ii": 1315.188180431493,
            "c10_ii": 51604.934260808375,
            "slater_b_init": 33.614814009551175
        },
        {
            "index": 8,
            "element": "H",
            "charge": 0.17521728763190791,
            "dipole": [
                0.022391384157603066,
                0.047565675858881336,
                0.001319438545214027
            ],
            "quadrupole": [
                [
                    -0.44441880800286065,
                    -0.44996963040802507,
                    -0.0007857899177279611
                ],
                [
                    -0.44996963040802507,
                    -0.006386015933851829,
                    -0.4480941668901693
                ],
                [
                    -0.0007857899177279611,
                    -0.4480941668901693,
                    -0.0019419576139250326
                ]
            ],
            "volume_eff": 2.438928993770798,
            "alpha_iso": 0.7783815937566377,
            "c6_ii": 0.19447932769107662,
            "c8_ii": 1.1554925884020046,
            "c10_ii": 9.475476063417512,
            "slater_b_init": 71.7904446685381
        },
        {
            "index": 9,
            "element": "H",
            "charge": 0.1750063123334722,
            "dipole": [
                -0.01252531235577211,
                -0.02308883016822613,
                0.04391591303500962
            ],
            "quadrupole": [
                [
                    -0.4433495629455192,
                    -0.44940936577220275,
                    0.004591669157402046
                ],
                [
                    -0.44940936577220275,
                    -0.0063123999548098,
                    -0.4551041468578406
                ],
                [
                    0.004591669157402046,
                    -0.4551041468578406,
                    0.0004499054091810544
                ]
            ],
            "volume_eff": 2.458897513268402,
            "alpha_iso": 0.7847545255111921,
            "c6_ii": 0.1976769296057741,
            "c8_ii": 1.1808930154568982,
            "c10_ii": 9.73655398246403,
            "slater_b_init": 71.59558131075282
        },
        {
            "index": 10,
            "element": "H",
            "charge": 0.13277441948084923,
            "dipole": [
                0.007973999321356938,
                0.008917396434487307,
                -0.05135430924657909
            ],
            "quadrupole": [
                [
                    -0.47698186775897183,
                    -0.49169540301953857,
                    0.004859516642754492
                ],
                [
                    -0.49169540301953857,
                    0.004127299042265031,
                    -0.4988191080928107
                ],
                [
                    0.004859516642754492,
                    -0.4988191080928107,
                    0.0022148600703219426
                ]
            ],
            "volume_eff": 2.7328367308790296,
            "alpha_iso": 0.8721819353869243,
            "c6_ii": 0.24417573504688037,
            "c8_ii": 1.5650897355162905,
            "c10_ii": 13.84573890332317,
            "slater_b_init": 69.11863192063468
        },
        {
            "index": 11,
            "element": "H",
            "charge": 0.12392222534785557,
            "dipole": [
                -0.020210348363872345,
                0.03023189840044868,
                0.036675650433326615
            ],
            "quadrupole": [
                [
                    -0.49110051113323655,
                    -0.5067144912337546,
                    -0.003281402534060255
                ],
                [
                    -0.5067144912337546,
                    0.007507882113187333,
                    -0.5012690324977621
                ],
                [
                    -0.003281402534060255,
                    -0.5012690324977621,
                    0.005796093056222331
                ]
            ],
            "volume_eff": 2.8090094870381828,
            "alpha_iso": 0.8964923894802711,
            "c6_ii": 0.25797732980613824,
            "c8_ii": 1.684139114412415,
            "c10_ii": 15.174505131078776,
            "slater_b_init": 68.48812765985366
        },
        {
            "index": 12,
            "element": "H",
            "charge": 0.1488240250341295,
            "dipole": [
                0.01881079465756015,
                -0.03475375616908219,
                -0.03618244620597038
            ],
            "quadrupole": [
                [
                    -0.4605246540258434,
                    -0.47494915240964314,
                    -0.0013064996218941514
                ],
                [
                    -0.47494915240964314,
                    0.005518017660300487,
                    -0.4715113366471589
                ],
                [
                    -0.0013064996218941514,
                    -0.4715113366471589,
                    0.005466269514652564
                ]
            ],
            "volume_eff": 2.5814704574536003,
            "alpha_iso": 0.8238735502511491,
            "c6_ii": 0.21787602835665743,
            "c8_ii": 1.3444619163539238,
            "c10_ii": 11.450586045887027,
            "slater_b_init": 70.4439947073371
        },
        {
            "index": 13,
            "element": "H",
            "charge": 0.13075598654691023,
            "dipole": [
                -0.009081751208143278,
                -0.011686616783305143,
                0.04938380146376036
            ],
            "quadrupole": [
                [
                    -0.4794943927497348,
                    -0.4931644544248321,
                    0.005052881717324457
                ],
                [
                    -0.4931644544248321,
                    0.0031726801663617063,
                    -0.5016835339578182
                ],
                [
                    0.005052881717324457,
                    -0.5016835339578182,
                    0.0014567733240811232
                ]
            ],
            "volume_eff": 2.7485501172641507,
            "alpha_iso": 0.8771968459353672,
            "c6_ii": 0.24699175270978846,
            "c8_ii": 1.5892022606025054,
            "c10_ii": 14.112893081424602,
            "slater_b_init": 68.9866636666407
        },
        {
            "index": 14,
            "element": "H",
            "charge": 0.17423325530043665,
            "dipole": [
                0.012114840142171464,
                0.011363141113503915,
                -0.048869560710171164
            ],
            "quadrupole": [
                [
                    -0.4417184802266271,
                    -0.45158723663351563,
                    0.004665655207442592
                ],
                [
                    -0.45158723663351563,
                    0.0006435822156213592,
                    -0.45551576581778325
                ],
                [
                    0.004665655207442592,
                    -0.45551576581778325,
                    0.0029528297470062695
                ]
            ],
            "volume_eff": 2.460525082154924,
            "alpha_iso": 0.7852739623898692,
            "c6_ii": 0.19793870489129176,
            "c8_ii": 1.1829785517880975,
            "c10_ii": 9.758052985266984,
            "slater_b_init": 71.57979166705566
        },
        {
            "index": 15,
            "element": "H",
            "charge": 0.16956131268179653,
            "dipole": [
                -0.012771550710092724,
                0.03551519093470042,
                0.0341471344063649
            ],
            "quadrupole": [
                [
                    -0.44707444620995707,
                    -0.462175956465614,
                    -0.003720334881229197
                ],
                [
                    -0.462175956465614,
                    0.0033529230295441447,
                    -0.4563651877078158
                ],
                [
                    -0.003720334881229197,
                    -0.4563651877078158,
                    0.0026916941342474843
                ]
            ],
            "volume_eff": 2.5016208091969614,
            "alpha_iso": 0.7983896199564771,
            "c6_ii": 0.2046058718100055,
            "c8_ii": 1.2364029392849574,
            "c10_ii": 10.311981369185842,
            "slater_b_init": 71.18566316366115
        }
    ]
}