{
    "molecule": "Phos_725",
    "atoms": [
        {
            "index": 0,
            "element": "C",
            "charge": -0.41682278983333987,
            "dipole": [
                -0.04689424451093994,
                0.04562239503401278,
                0.0514327018036727
            ],
            "quadrupole": [
                [
                    -5.033612762537612,
                    -5.078561734519146,
                    -0.04346124199375896
                ],
                [
                    -5.078561734519146,
                    0.01759689559256306,
                    -5.067611505403822
                ],
                [
                    -0.04346124199375896,
                    -5.067611505403822,
                    0.014588199577049396
                ]
            ],
            "volume_eff": 38.166806567860796,
            "alpha_iso": 11.989572743830616,
            "c6_ii": 46.51905016256694,
            "c8_ii": 1346.874087871574,
            "c10_ii": 48858.21728172877,
            "slater_b_init": 35.01014348677309
        },
        {
            "index": 1,
            "element": "C",
            "charge": -0.14842544841236638,
            "dipole": [
                -0.034469196893337065,
                -0.0681959005797558,
                -0.041770033469638534
            ],
            "quadrupole": [
                [
                    -4.58104503111347,
                    -4.566407411332521,
                    -0.054002498289975547
                ],
                [
                    -4.566407411332521,
                    -0.006539298960876024,
                    -4.540635567639745
                ],
                [
                    -0.054002498289975547,
                    -4.540635567639745,
                    0.005606432727271111
                ]
            ],
            "volume_eff": 33.62676797757509,
            "alpha_iso": 10.563382610756573,
            "c6_ii": 36.11016271976057,
            "c8_ii": 960.8563697039122,
            "c10_ii": 32033.320672344333,
            "slater_b_init": 36.51972143991698
        },
        {
            "index": 2,
            "element": "C",
            "charge": -0.3220267972175055,
            "dipole": [
                0.05193798048796105,
                -0.029066463473561645,
                -0.0001307924836713694
            ],
            "quadrupole": [
                [
                    -4.890502760756697,
                    -4.902174522228854,
                    0.0440685844252849
                ],
                [
                    -4.902174522228854,
                    -0.016392015805320955,
                    -4.821906405970637
                ],
                [
                    0.0440685844252849,
                    -4.821906405970637,
                    -0.019522587105680753
                ]
            ],
            "volume_eff": 36.41907043701729,
            "alpha_iso": 11.440545687021137,
            "c6_ii": 42.35619159544247,
            "c8_ii": 1188.6164919487626,
            "c10_ii": 41790.83600835821,
            "slater_b_init": 35.56145701302302
        },
        {
            "index": 3,
            "element": "C",
            "charge": 0.12388023612186316,
            "dipole": [
                -0.147764950270132,
                0.047195566067983176,
                0.03123794090788682
            ],
            "quadrupole": [
                [
                    -4.022756153200287,
                    -4.190364423232446,
                    0.031609774115986845
                ],
                [
                    -4.190364423232446,
                    0.025381476907663538,
                    -4.103322506393402
                ],
                [
                    0.031609774115986845,
                    -4.103322506393402,
                    -0.07060570132397506
                ]
            ],
            "volume_eff": 29.560609651226052,
            "alpha_iso": 9.286055387819701,
            "c6_ii": 27.905252982080125,
            "c8_ii": 681.3974411708919,
            "c10_ii": 20846.324428029246,
            "slater_b_init": 38.12279231170016
        },
        {
            "index": 4,
            "element": "O",
            "charge": -0.5980742604812139,
            "dipole": [
                0.14875731007279605,
                0.033141368090863405,
                0.11368688983822207
            ],
            "quadrupole": [
                [
                    -4.2816265701147245,
                    -4.297765598636277,
                    -0.031992341701295016
                ],
                [
                    -4.297765598636277,
                    0.012654386738063251,
                    -4.33626532393926
                ],
                [
                    -0.031992341701295016,
                    -4.33626532393926,
                    -0.03000853473378047
                ]
            ],
            "volume_eff": 24.854092104706496,
            "alpha_iso": 7.415033003614092,
            "c6_ii": 29.414620896334192,
            "c8_ii": 1257.8976408628391,
            "c10_ii": 51800.85566099569,
            "slater_b_init": 33.288580880172034
        },
        {
            "index": 5,
            "element": "P",
            "charge": 1.797985656899714,
            "dipole": [
                -0.028024259362476107,
                0.028128190494347855,
                0.04128807094052466
            ],
            "quadrupole": [
                [
                    -6.211052164865745,
                    -6.242472720519595,
                    -0.07661862969138405
                ],
                [
                    -6.242472720519595,
                    0.02952510115397226,
                    -6.1165526889132265
                ],
                [
                    -0.07661862969138405,
                    -6.1165526889132265,
                    0.004104111554198535
                ]
            ],
            "volume_eff": 49.59823111090816,
            "alpha_iso": 19.076242734964676,
            "c6_ii": 107.71529891745462,
            "c8_ii": 3403.341975023333,
            "c10_ii": 60897.672837624355,
            "slater_b_init": 36.112952455258785
        },
        {
            "index": 6,
            "element": "O",
            "charge": -0.8604915018214179,
            "dipole": [
                0.11652789799845917,
                -0.22178766871784364,
                -0.22695831571828934
            ],
            "quadrupole": [
                [
                    -4.766994513546457,
                    -4.769163786088101,
                    -0.027937710482387912
                ],
                [
                    -4.769163786088101,
                    0.011295615916653364,
                    -4.781136841203814
                ],
                [
                    -0.027937710482387912,
                    -4.781136841203814,
                    0.013877324960291003
                ]
            ],
            "volume_eff": 28.533615451348243,
            "alpha_iso": 8.512791350125996,
            "c6_ii": 38.768683762145656,
            "c8_ii": 1817.7564905089612,
            "c10_ii": 82072.92949959658,
            "slater_b_init": 31.791350782533385
        },
        {
            "index": 7,
            "element": "O",
            "charge": -0.6268939678596457,
            "dipole": [
                -0.1199008214302846,
                -0.06904011303041017,
                0.10527587107453118
            ],
            "quadrupole": [
                [
                    -4.348433211428799,
                    -4.277375041953603,
                    0.0028466990105049687
                ],
                [
                    -4.277375041953603,
                    0.0017192431122517507,
                    -4.294338493715713
                ],
                [
                    0.0028466990105049687,
                    -4.294338493715713,
                    0.04464294056959797
                ]
            ],
            "volume_eff": 24.7946073455127,
            "alpha_iso": 7.39728616937948,
            "c6_ii": 29.273989906666994,
            "c8_ii": 1249.8853768629963,
            "c10_ii": 51388.748253608974,
            "slater_b_init": 33.3151805053814
        },
        {
            "index": 8,
            "element": "C",
            "charge": 0.5832868856754843,
            "dipole": [
                0.11810653535590579,
                0.0570821661181885,
                -0.036717292452337257
            ],
            "quadrupole": [
                [
                    -3.4490164535552656,
                    -3.5284464241113453,
                    -0.023438353456663757
                ],
                [
                    -3.5284464241113453,
                    0.02670756891166504,
                    -3.3295107404750177
                ],
                [
                    -0.023438353456663757,
                    -3.3295107404750177,
                    0.042769283301083455
                ]
            ],
            "volume_eff": 23.95335349611662,
            "alpha_iso": 7.5246136637015555,
            "c6_ii": 18.322799879993955,
            "c8_ii": 388.873483636841,
            "c10_ii": 10340.44627941869,
            "slater_b_init": 40.89156423845286
        },
        {
            "index": 9,
            "element": "C",
            "charge": -0.6336249481210148,
            "dipole": [
                0.013209826035333681,
                -0.009716187721770039,
                0.005431587886255598
            ],
            "quadrupole": [
                [
                    -5.365550639356847,
                    -5.425337770419379,
                    0.00952332395483146
                ],
                [
                    -5.425337770419379,
                    0.016842092601455298,
                    -5.338989018955497
                ],
                [
                    0.00952332395483146,
                    -5.338989018955497,
                    0.020872637412742492
                ]
            ],
            "volume_eff": 40.67304248007005,
            "alpha_iso": 12.77687198326808,
            "c6_ii": 52.829014775971174,
            "c8_ii": 1595.8150683369895,
            "c10_ii": 60395.84631630908,
            "slater_b_init": 34.27574831896569
        },
        {
            "index": 10,
            "element": "F",
            "charge": -0.24195683560092718,
            "dipole": [
                0.021900661626259296,
                -0.0066333264726625455,
                -0.02375724356209398
            ],
            "quadrupole": [
                [
                    -3.5695546789920436,
                    -3.5417126676423045,
                    -0.025650614432584918
                ],
                [
                    -3.5417126676423045,
                    0.01661273063059231,
                    -3.518654162580848
                ],
                [
                    -0.025650614432584918,
                    -3.518654162580848,
                    0.001598624110746324
                ]
            ],
            "volume_eff": 17.84800711856637,
            "alpha_iso": 5.605159260376214,
            "c6_ii": 20.669612061961338,
            "c8_ii": 902.1836220397512,
            "c10_ii": 36532.65205583847,
            "slater_b_init": 33.38224010800998
        },
        {
            "index": 11,
            "element": "O",
            "charge": -0.6181374352834652,
            "dipole": [
                -0.038993383113841755,
                0.1622480279908132,
                -0.10483830504198788
            ],
            "quadrupole": [
                [
                    -4.282380510832056,
                    -4.328612458019587,
                    0.03061198924684631
                ],
                [
                    -4.328612458019587,
                    0.008088237140609376,
                    -4.307707369857497
                ],
                [
                    0.03061198924684631,
                    -4.307707369857497,
                    -0.011636916841665705
                ]
            ],
            "volume_eff": 24.826473499968234,
            "alpha_iso": 7.40679319888555,
            "c6_ii": 29.349284419084114,
            "c8_ii": 1254.1735899319774,
            "c10_ii": 51609.228798527576,
            "slater_b_init": 33.30092044235139
        },
        {
            "index": 12,
            "element": "C",
            "charge": 0.560390167547661,
            "dipole": [
                -0.0727920119621877,
                -0.07213511305638336,
                -0.11798652448921133
            ],
            "quadrupole": [
                [
                    -3.4111309069469815,
                    -3.5551095062562137,
                    0.062357463970336945
                ],
                [
                    -3.5551095062562137,
                    -0.0022717649559255097,
                    -3.4757957736668046
                ],
                [
                    0.062357463970336945,
                    -3.4757957736668046,
                    -0.02084080647340997
                ]
            ],
            "volume_eff": 24.38358836195819,
            "alpha_iso": 7.659765977578488,
            "c6_ii": 18.98691591067453,
            "c8_ii": 407.77924323899674,
            "c10_ii": 10972.618098638794,
            "slater_b_init": 40.649632718325925
        },
        {
            "index": 13,
            "element": "C",
            "charge": -0.6055016684658945,
            "dipole": [
                -0.0015283473475177572,
                -0.007265547668966794,
                -0.020849974485680857
            ],
            "quadrupole": [
                [
                    -5.334234612179259,
                    -5.342258899317018,
                    0.04492187749919922
                ],
                [
                    -5.342258899317018,
                    -0.006678920897874974,
                    -5.344522819098075
                ],
                [
                    0.04492187749919922,
                    -5.344522819098075,
                    -0.011825473746064812
                ]
            ],
            "volume_eff": 40.459422816470074,
            "alpha_iso": 12.709766329781175,
            "c6_ii": 52.27554349545825,
            "c8_ii": 1573.562347873467,
            "c10_ii": 59344.9561779597,
            "slater_b_init": 34.33596606039913
        },
        {
            "index": 14,
            "element": "F",
            "charge": -0.2557064260903559,
            "dipole": [
                -0.0005773454520291211,
                -0.0006780768374007861,
                -0.027394070771957657
            ],
            "quadrupole": [
                [
                    -3.5315243188103005,
                    -3.563155915157849,
                    0.0006705883183422912
                ],
                [
                    -3.563155915157849,
                    0.015237950301356074,
                    -3.609989999345937
                ],
                [
                    0.0006705883183422912,
                    -3.609989999345937,
                    -0.018838497111594764
                ]
            ],
            "volume_eff": 18.04924172865492,
            "alpha_iso": 5.668356906519727,
            "c6_ii": 21.138335539269665,
            "c8_ii": 929.5645530125062,
            "c10_ii": 37923.810706930904,
            "slater_b_init": 33.257714407918215
        },
        {
            "index": 15,
            "element": "H",
            "charge": 0.13815413024722845,
            "dipole": [
                -0.027630523356942594,
                0.008071244911653654,
                -0.03840685250604686
            ],
            "quadrupole": [
                [
                    -0.49610613890302907,
                    -0.4915361331363241,
                    0.0022940918045770025
                ],
                [
                    -0.4915361331363241,
                    -0.004652831725593482,
                    -0.501885295636236
                ],
                [
                    0.0022940918045770025,
                    -0.501885295636236,
                    -0.005484793119540752
                ]
            ],
            "volume_eff": 2.8097947761865205,
            "alpha_iso": 0.8967430136765491,
            "c6_ii": 0.2581215907039529,
            "c8_ii": 1.6853949253345126,
            "c10_ii": 15.188650403431993,
            "slater_b_init": 68.48174664878633
        },
        {
            "index": 16,
            "element": "H",
            "charge": 0.130517686684833,
            "dipole": [
                -0.006765435838248848,
                -0.040524446824272364,
                0.024438880861963903
            ],
            "quadrupole": [
                [
                    -0.5029488746019656,
                    -0.5091754065820513,
                    0.00505965067905244
                ],
                [
                    -0.5091754065820513,
                    -0.003118436701290707,
                    -0.4979412905911812
                ],
                [
                    0.00505965067905244,
                    -0.4979412905911812,
                    -0.004344618657243958
                ]
            ],
            "volume_eff": 2.8552487196924883,
            "alpha_iso": 0.9112495913912197,
            "c6_ii": 0.26654038596391716,
            "c8_ii": 1.7590840921344464,
            "c10_ii": 16.02323990515404,
            "slater_b_init": 68.1164041717781
        },
        {
            "index": 17,
            "element": "H",
            "charge": 0.13027465873511468,
            "dipole": [
                0.04491332196865907,
                0.01881567294117181,
                -6.050291158955802e-05
            ],
            "quadrupole": [
                [
                    -0.512127801183421,
                    -0.5004329188292095,
                    0.005100403763541624
                ],
                [
                    -0.5004329188292095,
                    -0.0007466374190786265,
                    -0.5030780286902953
                ],
                [
                    0.005100403763541624,
                    -0.5030780286902953,
                    0.0007247579216871855
                ]
            ],
            "volume_eff": 2.868522483578505,
            "alpha_iso": 0.9154858990144165,
            "c6_ii": 0.2690243853537049,
            "c8_ii": 1.7809761430239894,
            "c10_ii": 16.27289083655902,
            "slater_b_init": 68.0111747024003
        },
        {
            "index": 18,
            "element": "H",
            "charge": 0.09972171904876515,
            "dipole": [
                0.021719021557157766,
                -0.014482231153815618,
                0.04375437193578942
            ],
            "quadrupole": [
                [
                    -0.5199124002839673,
                    -0.5297568791797871,
                    0.003638647382013044
                ],
                [
                    -0.5297568791797871,
                    -0.004247333875386952,
                    -0.5399840959492868
                ],
                [
                    0.003638647382013044,
                    -0.5399840959492868,
                    -0.010585374851705184
                ]
            ],
            "volume_eff": 3.03680600391321,
            "alpha_iso": 0.9691934055042161,
            "c6_ii": 0.30151521344560933,
            "c8_ii": 2.0733926035002797,
            "c10_ii": 19.67859169657926,
            "slater_b_init": 66.73095585838327
        },
        {
            "index": 19,
            "element": "H",
            "charge": 0.10639382191728386,
            "dipole": [
                0.004379496410537591,
                0.04343789949806829,
                -0.030378293860823642
            ],
            "quadrupole": [
                [
                    -0.510598229720973,
                    -0.5309774732171135,
                    0.004472135353627321
                ],
                [
                    -0.5309774732171135,
                    -0.006037985396313031,
                    -0.5168163393857884
                ],
                [
                    0.004472135353627321,
                    -0.5168163393857884,
                    -0.004558826037264914
                ]
            ],
            "volume_eff": 2.9508001132181163,
            "alpha_iso": 0.9417447169845052,
            "c6_ii": 0.2846785297675786,
            "c8_ii": 1.9204758803383304,
            "c10_ii": 17.88146739242661,
            "slater_b_init": 67.37308463776506
        },
        {
            "index": 20,
            "element": "H",
            "charge": 0.12125580367790545,
            "dipole": [
                -0.01057165042288442,
                0.03267104247038722,
                0.03094873369054832
            ],
            "quadrupole": [
                [
                    -0.501874816314451,
                    -0.5099913446127147,
                    -0.007260662518257921
                ],
                [
                    -0.5099913446127147,
                    0.008327382560915891,
                    -0.5092243269522393
                ],
                [
                    -0.007260662518257921,
                    -0.5092243269522393,
                    0.0008006966135986352
                ]
            ],
            "volume_eff": 2.8687089662618894,
            "alpha_iso": 0.9155454147644327,
            "c6_ii": 0.26905936504815564,
            "c8_ii": 1.781284909835732,
            "c10_ii": 16.276417440160547,
            "slater_b_init": 68.00970096382562
        },
        {
            "index": 21,
            "element": "H",
            "charge": 0.14349608980599105,
            "dipole": [
                -0.016581160350631164,
                -0.001145184835209908,
                -0.0458030356380107
            ],
            "quadrupole": [
                [
                    -0.4721012385916433,
                    -0.4773260638313862,
                    -0.001814299930014295
                ],
                [
                    -0.4773260638313862,
                    0.004565805155455182,
                    -0.4860769223400323
                ],
                [
                    -0.001814299930014295,
                    -0.4860769223400323,
                    -0.004859246397045802
                ]
            ],
            "volume_eff": 2.6577734826913466,
            "alpha_iso": 0.8482255795823447,
            "c6_ii": 0.23094632691732,
            "c8_ii": 1.4530614601404006,
            "c10_ii": 12.618190033185366,
            "slater_b_init": 69.76330403329575
        },
        {
            "index": 22,
            "element": "H",
            "charge": 0.10513479188349661,
            "dipole": [
                0.010816855604348799,
                -0.04897141930266678,
                -0.048531707499866406
            ],
            "quadrupole": [
                [
                    -0.5007103872039951,
                    -0.5101775824172425,
                    -0.0021205062356487924
                ],
                [
                    -0.5101775824172425,
                    0.0082032721386986,
                    -0.5130146372549235
                ],
                [
                    -0.0021205062356487924,
                    -0.5130146372549235,
                    -0.008149775526201664
                ]
            ],
            "volume_eff": 2.847771787424904,
            "alpha_iso": 0.9088633364122035,
            "c6_ii": 0.2651462551991652,
            "c8_ii": 1.7468270232678298,
            "c10_ii": 15.883801860699732,
            "slater_b_init": 68.17596613776384
        },
        {
            "index": 23,
            "element": "H",
            "charge": 0.08760311768251627,
            "dipole": [
                0.024717306975009512,
                0.0038026237928803813,
                0.056801732208709495
            ],
            "quadrupole": [
                [
                    -0.5113634360243978,
                    -0.5292222581705548,
                    -0.002217857311320338
                ],
                [
                    -0.5292222581705548,
                    0.005877589974807022,
                    -0.534097132091212
                ],
                [
                    -0.002217857311320338,
                    -0.534097132091212,
                    -0.010988853415997165
                ]
            ],
            "volume_eff": 2.9671255015714237,
            "alpha_iso": 0.9469549473100289,
            "c6_ii": 0.2878372281247954,
            "c8_ii": 1.948940242471803,
            "c10_ii": 18.21336695387736,
            "slater_b_init": 67.24929308781552
        },
        {
            "index": 24,
            "element": "H",
            "charge": 0.05592296796110574,
            "dipole": [
                -0.07149357012536077,
                0.017079232716497098,
                0.0377091081810521
            ],
            "quadrupole": [
                [
                    -0.5333432335302354,
                    -0.5347278443974542,
                    -0.003752377133562795
                ],
                [
                    -0.5347278443974542,
                    0.008778618371036627,
                    -0.5263348294679835
                ],
                [
                    -0.003752377133562795,
                    -0.5263348294679835,
                    0.00892147156218397
                ]
            ],
            "volume_eff": 2.963753791790278,
            "alpha_iso": 0.9458788697203016,
            "c6_ii": 0.2871834288983609,
            "c8_ii": 1.9430399957354754,
            "c10_ii": 18.144468829930208,
            "slater_b_init": 67.27478544020667
        },
        {
            "index": 25,
            "element": "H",
            "charge": 0.20537594517398472,
            "dipole": [
                0.03986571400964608,
                -0.009624402613012943,
                -0.02169151229259586
            ],
            "quadrupole": [
                [
                    -0.4279349451233336,
                    -0.42287149232906407,
                    -0.00046158589261154813
                ],
                [
                    -0.42287149232906407,
                    0.0025779862819754846,
                    -0.42804444978779604
                ],
                [
                    -0.00046158589261154813,
                    -0.42804444978779604,
                    0.00029551406280747404
                ]
            ],
            "volume_eff": 2.3146681661518804,
            "alpha_iso": 0.73872388281443,
            "c6_ii": 0.17516712779075458,
            "c8_ii": 1.0050925411025153,
            "c10_ii": 7.959754006553704,
            "slater_b_init": 73.05278590318909
        },
        {
            "index": 26,
            "element": "H",
            "charge": 0.17736216586333753,
            "dipole": [
                0.004492989371595495,
                -0.01671785042393935,
                0.03945710289292105
            ],
            "quadrupole": [
                [
                    -0.4584173731300823,
                    -0.4501443030336015,
                    0.005667602134024272
                ],
                [
                    -0.4501443030336015,
                    0.00020446046655813732,
                    -0.46118224398403224
                ],
                [
                    0.005667602134024272,
                    -0.46118224398403224,
                    0.001221596688114291
                ]
            ],
            "volume_eff": 2.526271249695697,
            "alpha_iso": 0.8062567818177756,
            "c6_ii": 0.20865802412229706,
            "c8_ii": 1.2691589757697008,
            "c10_ii": 10.654599158879044,
            "slater_b_init": 70.95337133203029
        },
        {
            "index": 27,
            "element": "H",
            "charge": 0.17496691969242617,
            "dipole": [
                -0.03169836703458233,
                -0.014490601302789726,
                -0.026286736248300167
            ],
            "quadrupole": [
                [
                    -0.46377172999878213,
                    -0.45340867430349024,
                    -0.001518894869578562
                ],
                [
                    -0.45340867430349024,
                    -0.004167808561064098,
                    -0.461551549557912
                ],
                [
                    -0.001518894869578562,
                    -0.461551549557912,
                    -0.0011999628904237134
                ]
            ],
            "volume_eff": 2.5496439995707973,
            "alpha_iso": 0.8137161700757864,
            "c6_ii": 0.21253684125324646,
            "c8_ii": 1.3007131587636473,
            "c10_ii": 10.986743892066835,
            "slater_b_init": 70.73589406257989
        },
        {
            "index": 28,
            "element": "H",
            "charge": 0.05845382752453021,
            "dipole": [
                0.03345457230739149,
                0.0029843786974544403,
                0.0793947210262843
            ],
            "quadrupole": [
                [
                    -0.5313143352779192,
                    -0.5281944230744579,
                    0.004399620372778133
                ],
                [
                    -0.5281944230744579,
                    0.0007638822067637707,
                    -0.5390001775903803
                ],
                [
                    0.004399620372778133,
                    -0.5390001775903803,
                    -0.005371474879436576
                ]
            ],
            "volume_eff": 2.977065476212646,
            "alpha_iso": 0.9501272796423339,
            "c6_ii": 0.2897689880930134,
            "c8_ii": 1.9663995994365908,
            "c10_ii": 18.417547771339102,
            "slater_b_init": 67.1743645365613
        },
        {
            "index": 29,
            "element": "H",
            "charge": 0.17525320493531416,
            "dipole": [
                -0.022574629036288256,
                0.02960073966526721,
                0.024655133585576992
            ],
            "quadrupole": [
                [
                    -0.45997337618259737,
                    -0.45641596984664307,
                    -0.005643696081246746
                ],
                [
                    -0.45641596984664307,
                    0.0026838478930351854,
                    -0.4576008515452429
                ],
                [
                    -0.005643696081246746,
                    -0.4576008515452429,
                    -0.0006772148261945533
                ]
            ],
            "volume_eff": 2.535875490425847,
            "alpha_iso": 0.8093219650295256,
            "c6_ii": 0.21024756938346384,
            "c8_ii": 1.2820664924929686,
            "c10_ii": 10.790219289142158,
            "slater_b_init": 70.8636829941234
        },
        {
            "index": 30,
            "element": "H",
            "charge": 0.18438605170593436,
            "dipole": [
                -0.01788188879507718,
                -0.0013070445786916493,
                -0.04021611817897876
            ],
            "quadrupole": [
                [
                    -0.45062937704241385,
                    -0.4406981760697643,
                    0.00040300103328664574
                ],
                [
                    -0.4406981760697643,
                    0.0016533792245040798,
                    -0.45414898826339434
                ],
                [
                    0.00040300103328664574,
                    -0.45414898826339434,
                    -0.0018969089406910766
                ]
            ],
            "volume_eff": 2.471108560105038,
            "alpha_iso": 0.7886516681186292,
            "c6_ii": 0.19964515795411986,
            "c8_ii": 1.1965961843012283,
            "c10_ii": 9.89866440740753,
            "slater_b_init": 71.47745605153672
        },
        {
            "index": 31,
            "element": "H",
            "charge": 0.17350394150469972,
            "dipole": [
                0.043200547352863376,
                0.006733230237452669,
                -0.007151889330157091
            ],
            "quadrupole": [
                [
                    -0.46720560291567736,
                    -0.45543839091615573,
                    -0.0023840069603147927
                ],
                [
                    -0.45543839091615573,
                    -0.0018241066529786874,
                    -0.46314283463277084
                ],
                [
                    -0.0023840069603147927,
                    -0.46314283463277084,
                    -0.0009988661257373274
                ]
            ],
            "volume_eff": 2.56815691374628,
            "alpha_iso": 0.8196245469403022,
            "c6_ii": 0.21563449810647517,
            "c8_ii": 1.3260510016410119,
            "c10_ii": 11.25491886420397,
            "slater_b_init": 70.56551417805716
        }
    ]
}