{
    "molecule": "PP",
    "atoms": [
        {
            "index": 0,
            "element": "C",
            "charge": -0.41351692594395395,
            "dipole": [
                0.043351259948066434,
                -0.06817847050840199,
                -0.02765400341797696
            ],
            "quadrupole": [
                [
                    -5.035812573252001,
                    -5.120301125520724,
                    -0.033715797923048324
                ],
                [
                    -5.120301125520724,
                    0.03168377486003062,
                    -5.047178745940091
                ],
                [
                    -0.033715797923048324,
                    -5.047178745940091,
                    0.01547570976287399
                ]
            ],
            "volume_eff": 38.28671902075746,
            "alpha_iso": 12.027241577201295,
            "c6_ii": 46.81181640254412,
            "c8_ii": 1358.187941448499,
            "c10_ii": 49371.77115256155,
            "slater_b_init": 34.97355514539002
        },
        {
            "index": 1,
            "element": "C",
            "charge": -0.25079981553375497,
            "dipole": [
                0.0032024441610584496,
                0.07953098151124796,
                0.01798091644994867
            ],
            "quadrupole": [
                [
                    -4.707302630201764,
                    -4.803335338471035,
                    -0.004795941590136195
                ],
                [
                    -4.803335338471035,
                    0.014901859612564482,
                    -4.699080574171076
                ],
                [
                    -0.004795941590136195,
                    -4.699080574171076,
                    0.056888990450746114
                ]
            ],
            "volume_eff": 35.14176767813592,
            "alpha_iso": 11.039298747058403,
            "c6_ii": 39.437229473118926,
            "c8_ii": 1080.6732700851967,
            "c10_ii": 37101.96243222308,
            "slater_b_init": 35.987192270980024
        },
        {
            "index": 2,
            "element": "C",
            "charge": 0.061091133408798015,
            "dipole": [
                0.05047150535756791,
                0.06925721850883965,
                0.13521529666424742
            ],
            "quadrupole": [
                [
                    -4.248760700136278,
                    -4.205357378464827,
                    0.03808784779515631
                ],
                [
                    -4.205357378464827,
                    -0.0004901663837697884,
                    -4.240990568808967
                ],
                [
                    0.03808784779515631,
                    -4.240990568808967,
                    0.09377089831308044
                ]
            ],
            "volume_eff": 30.77356690816401,
            "alpha_iso": 9.667089081098641,
            "c6_ii": 30.24230337964153,
            "c8_ii": 758.5293107494022,
            "c10_ii": 23836.60108698971,
            "slater_b_init": 37.61518650580557
        },
        {
            "index": 3,
            "element": "O",
            "charge": -0.3939565785840031,
            "dipole": [
                -0.08972707933159758,
                -0.035942058605597633,
                -0.0356666762266799
            ],
            "quadrupole": [
                [
                    -4.008557246655784,
                    -4.060936826791488,
                    -0.0030730889688374034
                ],
                [
                    -4.060936826791488,
                    0.016261874655085152,
                    -4.098536357695149
                ],
                [
                    -0.0030730889688374034,
                    -4.098536357695149,
                    0.016493607400115684
                ]
            ],
            "volume_eff": 23.091705626339216,
            "alpha_iso": 6.889238142664738,
            "c6_ii": 25.390980593518805,
            "c8_ii": 1033.872364482659,
            "c10_ii": 40538.15358612599,
            "slater_b_init": 34.114780256306595
        },
        {
            "index": 4,
            "element": "C",
            "charge": 0.788931516379126,
            "dipole": [
                -0.05448161579330453,
                -0.027427567902552377,
                -0.03380347238513505
            ],
            "quadrupole": [
                [
                    -3.0996014357228265,
                    -2.9717008888462995,
                    -0.07594600515408095
                ],
                [
                    -2.9717008888462995,
                    -0.05880592169906544,
                    -3.2044336709582475
                ],
                [
                    -0.07594600515408095,
                    -3.2044336709582475,
                    -0.010463962990581123
                ]
            ],
            "volume_eff": 20.964590462690953,
            "alpha_iso": 6.585735223881974,
            "c6_ii": 14.035631480979976,
            "c8_ii": 272.5598126717321,
            "c10_ii": 6631.414079152438,
            "slater_b_init": 42.74910607598623
        },
        {
            "index": 5,
            "element": "O",
            "charge": -0.567512719049752,
            "dipole": [
                0.04429609103057793,
                -0.010738882736940255,
                -0.09469934719824664
            ],
            "quadrupole": [
                [
                    -4.390742620913261,
                    -4.280708648861811,
                    -0.03264436857484536
                ],
                [
                    -4.280708648861811,
                    -0.0473478347064516,
                    -4.371073510551493
                ],
                [
                    -0.03264436857484536,
                    -4.371073510551493,
                    -0.0065963006818395035
                ]
            ],
            "volume_eff": 25.404418141715272,
            "alpha_iso": 7.5792186721139485,
            "c6_ii": 30.731655301908205,
            "c8_ii": 1333.5487596602268,
            "c10_ii": 55723.89048931984,
            "slater_b_init": 33.04645145586426
        },
        {
            "index": 6,
            "element": "C",
            "charge": -0.4105954706403274,
            "dipole": [
                0.1031607261144104,
                0.03041377200248668,
                -0.020521748979371944
            ],
            "quadrupole": [
                [
                    -5.025862984610454,
                    -4.909029295379402,
                    -0.024034612736221855
                ],
                [
                    -4.909029295379402,
                    -0.03826134146889862,
                    -5.011168804661482
                ],
                [
                    -0.024034612736221855,
                    -5.011168804661482,
                    0.02832016928022397
                ]
            ],
            "volume_eff": 37.184470195221905,
            "alpha_iso": 11.680985401640388,
            "c6_ii": 44.15525395712119,
            "c8_ii": 1256.4032818725757,
            "c10_ii": 44790.94209285491,
            "slater_b_init": 35.31576617021854
        },
        {
            "index": 7,
            "element": "C",
            "charge": -0.38105725424479875,
            "dipole": [
                -0.09284863658404945,
                -0.022111791726068062,
                0.03673765648462321
            ],
            "quadrupole": [
                [
                    -5.025501603301946,
                    -4.959726263685224,
                    -0.002727055575385873
                ],
                [
                    -4.959726263685224,
                    -0.021230920268111485,
                    -4.9818102381381975
                ],
                [
                    -0.002727055575385873,
                    -4.9818102381381975,
                    0.015515929027205002
                ]
            ],
            "volume_eff": 37.45392191545153,
            "alpha_iso": 11.76562992108425,
            "c6_ii": 44.79750146319406,
            "c8_ii": 1280.8283625809968,
            "c10_ii": 45882.021007501186,
            "slater_b_init": 35.23087247584858
        },
        {
            "index": 8,
            "element": "H",
            "charge": 0.1278036682023369,
            "dipole": [
                -0.004881137007673045,
                0.021613685557824766,
                -0.04146344639361625
            ],
            "quadrupole": [
                [
                    -0.5092540064711898,
                    -0.5087066763798948,
                    0.009729792260974292
                ],
                [
                    -0.5087066763798948,
                    -0.0025903482312285143,
                    -0.5112073068312041
                ],
                [
                    0.009729792260974292,
                    -0.5112073068312041,
                    -0.0019570188781552274
                ]
            ],
            "volume_eff": 2.9091218377145225,
            "alpha_iso": 0.9284431396961242,
            "c6_ii": 0.2766934969736879,
            "c8_ii": 1.8489897676012645,
            "c10_ii": 17.05337013682477,
            "slater_b_init": 67.69330611686121
        },
        {
            "index": 9,
            "element": "H",
            "charge": 0.13060410246545606,
            "dipole": [
                -0.04029544641047165,
                -0.01991696337422322,
                0.020112101483557902
            ],
            "quadrupole": [
                [
                    -0.5113423700450502,
                    -0.495405987954696,
                    0.0014529052980777443
                ],
                [
                    -0.495405987954696,
                    -0.0013916205441228693,
                    -0.5068589199526643
                ],
                [
                    0.0014529052980777443,
                    -0.5068589199526643,
                    0.0026438917954180593
                ]
            ],
            "volume_eff": 2.862334800723337,
            "alpha_iso": 0.9135111066138311,
            "c6_ii": 0.2678650134515739,
            "c8_ii": 1.77074991164297,
            "c10_ii": 16.156177639534196,
            "slater_b_init": 68.06014739158455
        },
        {
            "index": 10,
            "element": "H",
            "charge": 0.14042651691937713,
            "dipole": [
                0.03610747919569593,
                0.014254396031529237,
                0.029995412022752663
            ],
            "quadrupole": [
                [
                    -0.4960551043812463,
                    -0.49134549162030206,
                    -0.001153076979290859
                ],
                [
                    -0.49134549162030206,
                    -0.007771372263115546,
                    -0.49679472281800896
                ],
                [
                    -0.001153076979290859,
                    -0.49679472281800896,
                    -0.002747367686825707
                ]
            ],
            "volume_eff": 2.799273862397949,
            "alpha_iso": 0.893385275233388,
            "c6_ii": 0.2561922037049351,
            "c8_ii": 1.6686187423244967,
            "c10_ii": 14.999904028035125,
            "slater_b_init": 68.56743432195604
        },
        {
            "index": 11,
            "element": "H",
            "charge": 0.1251932258575783,
            "dipole": [
                0.011437656284416318,
                -0.01593508861635243,
                0.0459312345576068
            ],
            "quadrupole": [
                [
                    -0.4936604966875579,
                    -0.5045778841701938,
                    0.009313166824858488
                ],
                [
                    -0.5045778841701938,
                    -0.002835087070984288,
                    -0.5050385256043646
                ],
                [
                    0.009313166824858488,
                    -0.5050385256043646,
                    -0.006625515829823794
                ]
            ],
            "volume_eff": 2.825939215855615,
            "alpha_iso": 0.9018954944220048,
            "c6_ii": 0.2610963278311917,
            "c8_ii": 1.7113424499541399,
            "c10_ii": 15.481507148375353,
            "slater_b_init": 68.35108666160231
        },
        {
            "index": 12,
            "element": "H",
            "charge": 0.12781871119521737,
            "dipole": [
                -0.037229026284142534,
                -0.012226330884281336,
                -0.031932568379148256
            ],
            "quadrupole": [
                [
                    -0.4941082712818357,
                    -0.5004456636694365,
                    -0.0019301320487845148
                ],
                [
                    -0.5004456636694365,
                    -0.007908473732870843,
                    -0.49981542855550953
                ],
                [
                    -0.0019301320487845148,
                    -0.49981542855550953,
                    -0.00862378915230383
                ]
            ],
            "volume_eff": 2.8014587782176426,
            "alpha_iso": 0.8940825887928647,
            "c6_ii": 0.25659229092773234,
            "c8_ii": 1.6720940848129902,
            "c10_ii": 15.038965803489232,
            "slater_b_init": 68.54960396422524
        },
        {
            "index": 13,
            "element": "H",
            "charge": 0.09101782546594828,
            "dipole": [
                0.01990088015165112,
                -0.06057441019379761,
                -0.011644279247218515
            ],
            "quadrupole": [
                [
                    -0.5217318776196351,
                    -0.5322068315740518,
                    0.001170039333460617
                ],
                [
                    -0.5322068315740518,
                    0.007072481373643009,
                    -0.5279787506621653
                ],
                [
                    0.001170039333460617,
                    -0.5279787506621653,
                    0.010929214111111517
                ]
            ],
            "volume_eff": 2.9962785210302463,
            "alpha_iso": 0.9562591024564615,
            "c6_ii": 0.2935212129234787,
            "c8_ii": 2.0004232615821973,
            "c10_ii": 18.816743015236028,
            "slater_b_init": 67.03047575798257
        },
        {
            "index": 14,
            "element": "H",
            "charge": 0.09591027661979701,
            "dipole": [
                -0.015339169051855346,
                0.043924940117696105,
                -0.04186570801211165
            ],
            "quadrupole": [
                [
                    -0.5160242795222634,
                    -0.5284531327692827,
                    0.008746119849660042
                ],
                [
                    -0.5284531327692827,
                    0.008045179771840784,
                    -0.5253498374021119
                ],
                [
                    0.008746119849660042,
                    -0.5253498374021119,
                    0.006944438475967307
                ]
            ],
            "volume_eff": 2.9723945359274535,
            "alpha_iso": 0.9486365540194001,
            "c6_ii": 0.2888604210144056,
            "c8_ii": 1.9581830696508495,
            "c10_ii": 18.321401744373585,
            "slater_b_init": 67.20953295374127
        },
        {
            "index": 15,
            "element": "H",
            "charge": 0.1646248400862147,
            "dipole": [
                -0.009867815439777364,
                0.04659009017326483,
                0.009522991143793288
            ],
            "quadrupole": [
                [
                    -0.4584818701937918,
                    -0.46621543054004116,
                    -0.004235072019560145
                ],
                [
                    -0.46621543054004116,
                    0.006704529549978249,
                    -0.4667111576327689
                ],
                [
                    -0.004235072019560145,
                    -0.4667111576327689,
                    0.0026412578015702626
                ]
            ],
            "volume_eff": 2.5696638754073335,
            "alpha_iso": 0.8201054921512767,
            "c6_ii": 0.21588763548980103,
            "c8_ii": 1.3281269758289627,
            "c10_ii": 11.276948080601375,
            "slater_b_init": 70.55171726093086
        },
        {
            "index": 16,
            "element": "H",
            "charge": 0.16468205027164962,
            "dipole": [
                0.017488852174949783,
                -0.03348990213479895,
                0.03099075126492382
            ],
            "quadrupole": [
                [
                    -0.4548332539221817,
                    -0.46532316564695525,
                    0.004469239319166129
                ],
                [
                    -0.46532316564695525,
                    0.0015099661611473495,
                    -0.4710232133987755
                ],
                [
                    0.004469239319166129,
                    -0.4710232133987755,
                    0.0009360773594472226
                ]
            ],
            "volume_eff": 2.5683251446328597,
            "alpha_iso": 0.819678237648785,
            "c6_ii": 0.21566274994012924,
            "c8_ii": 1.3262826540632244,
            "c10_ii": 11.257376618604273,
            "slater_b_init": 70.56397341283059
        },
        {
            "index": 17,
            "element": "H",
            "charge": 0.13989687180604793,
            "dipole": [
                -0.01409759662628826,
                0.0308950505835163,
                -0.037918344127746605
            ],
            "quadrupole": [
                [
                    -0.4840556643157119,
                    -0.499845561984899,
                    0.0015600245667592195
                ],
                [
                    -0.499845561984899,
                    -0.0015440667675306469,
                    -0.5001857864229752
                ],
                [
                    0.0015600245667592195,
                    -0.5001857864229752,
                    -0.0029809646331770538
                ]
            ],
            "volume_eff": 2.796292753735334,
            "alpha_iso": 0.8924338575751066,
            "c6_ii": 0.2556468264667411,
            "c8_ii": 1.6638842570925116,
            "c10_ii": 14.94672260258021,
            "slater_b_init": 68.59179209305478
        },
        {
            "index": 18,
            "element": "H",
            "charge": 0.1273812255161304,
            "dipole": [
                0.02157236770047004,
                0.018390331270789498,
                0.0410182982528954
            ],
            "quadrupole": [
                [
                    -0.5038156424618987,
                    -0.5106476955127368,
                    -0.001958579070781553
                ],
                [
                    -0.5106476955127368,
                    -9.820716002159208e-06,
                    -0.5066972780905069
                ],
                [
                    -0.001958579070781553,
                    -0.5066972780905069,
                    -0.008417365347860393
                ]
            ],
            "volume_eff": 2.877314440415339,
            "alpha_iso": 0.9182918426857465,
            "c6_ii": 0.2706760199620096,
            "c8_ii": 1.7955697523127552,
            "c10_ii": 16.43973961723637,
            "slater_b_init": 67.94183210341961
        },
        {
            "index": 19,
            "element": "H",
            "charge": 0.14033717681500457,
            "dipole": [
                0.012166998616982444,
                -0.045970990297498154,
                -0.017297348254352793
            ],
            "quadrupole": [
                [
                    -0.4898269542776757,
                    -0.49523328241146464,
                    -0.004225740913427921
                ],
                [
                    -0.49523328241146464,
                    0.007179905573225669,
                    -0.4970597540793932
                ],
                [
                    -0.004225740913427921,
                    -0.4970597540793932,
                    -0.0038648797159250964
                ]
            ],
            "volume_eff": 2.791438340189402,
            "alpha_iso": 0.8908845766561921,
            "c6_ii": 0.2547599821237154,
            "c8_ii": 1.6561926431009215,
            "c10_ii": 14.86040506521778,
            "slater_b_init": 68.63153027973051
        }
    ]
}