{
    "molecule": "CCarb_996",
    "atoms": [
        {
            "index": 0,
            "element": "C",
            "charge": -0.35603443910986954,
            "dipole": [
                0.022994565489326643,
                0.02787843961667838,
                -0.0007899963044313127
            ],
            "quadrupole": [
                [
                    -5.081503228652593,
                    -5.0378123988131644,
                    -0.044690312754787735
                ],
                [
                    -5.0378123988131644,
                    -0.05724349516920115,
                    -4.916259877101473
                ],
                [
                    -0.044690312754787735,
                    -4.916259877101473,
                    -0.017315591663053385
                ]
            ],
            "volume_eff": 37.77397405538678,
            "alpha_iso": 11.866169860330924,
            "c6_ii": 45.56638195407593,
            "c8_ii": 1310.2231680296147,
            "c10_ii": 47202.006747317355,
            "slater_b_init": 35.13108849429156
        },
        {
            "index": 1,
            "element": "C",
            "charge": -0.19958066230237748,
            "dipole": [
                -0.047953467253491776,
                0.028004860552618197,
                -0.005550916159892382
            ],
            "quadrupole": [
                [
                    -4.844939674315613,
                    -4.679069674020849,
                    -0.03558181926178467
                ],
                [
                    -4.679069674020849,
                    -0.020397113401135893,
                    -4.628566444821065
                ],
                [
                    -0.03558181926178467,
                    -4.628566444821065,
                    -0.026265015021738555
                ]
            ],
            "volume_eff": 35.1932530076199,
            "alpha_iso": 11.055472148990544,
            "c6_ii": 39.552871130341124,
            "c8_ii": 1084.900473163998,
            "c10_ii": 37283.46287477783,
            "slater_b_init": 35.96963477022202
        },
        {
            "index": 2,
            "element": "C",
            "charge": 0.14552347217439632,
            "dipole": [
                0.07600072294710901,
                0.10749868988061363,
                0.008810837306220527
            ],
            "quadrupole": [
                [
                    -4.0627376884519615,
                    -3.9379434118655365,
                    0.014336201503916764
                ],
                [
                    -3.9379434118655365,
                    0.07204181961542519,
                    -4.068236836838527
                ],
                [
                    0.014336201503916764,
                    -4.068236836838527,
                    0.02342695900969142
                ]
            ],
            "volume_eff": 28.717568528975967,
            "alpha_iso": 9.021225715908681,
            "c6_ii": 26.33628559201069,
            "c8_ii": 630.8003277890311,
            "c10_ii": 18929.701135708023,
            "slater_b_init": 38.4922481234343
        },
        {
            "index": 3,
            "element": "O",
            "charge": -0.40231874338005014,
            "dipole": [
                0.06676697295093117,
                -0.05989762583232451,
                -0.04197218345888076
            ],
            "quadrupole": [
                [
                    -4.069691936319619,
                    -4.016887097726758,
                    0.03241609777860026
                ],
                [
                    -4.016887097726758,
                    -0.05019698598128542,
                    -4.053182325258481
                ],
                [
                    0.03241609777860026,
                    -4.053182325258481,
                    -0.011633777058718604
                ]
            ],
            "volume_eff": 22.964465516673357,
            "alpha_iso": 6.851277004974372,
            "c6_ii": 25.111932336855048,
            "c8_ii": 1018.7504306981497,
            "c10_ii": 39798.34954078269,
            "slater_b_init": 34.17767127581756
        },
        {
            "index": 4,
            "element": "C",
            "charge": 0.9661632645905751,
            "dipole": [
                0.007502107778640942,
                -0.029291174315517452,
                -0.006309847898427355
            ],
            "quadrupole": [
                [
                    -2.8889805667983253,
                    -2.9848408611637303,
                    -0.0264576333454021
                ],
                [
                    -2.9848408611637303,
                    0.010435155074095974,
                    -2.839336163544643
                ],
                [
                    -0.0264576333454021,
                    -2.839336163544643,
                    0.057776893959623606
                ]
            ],
            "volume_eff": 19.639233619132085,
            "alpha_iso": 6.16939275993678,
            "c6_ii": 12.317094218252729,
            "c8_ii": 228.99723099616122,
            "c10_ii": 5334.167611645119,
            "slater_b_init": 43.68989354878777
        },
        {
            "index": 5,
            "element": "O",
            "charge": -0.6020277334985558,
            "dipole": [
                -0.041112701944596264,
                0.15552999984376667,
                0.04163930356443461
            ],
            "quadrupole": [
                [
                    -4.4058989745454955,
                    -4.395491402125412,
                    0.005475093225199484
                ],
                [
                    -4.395491402125412,
                    -0.02078257972210304,
                    -4.3510347180001885
                ],
                [
                    0.005475093225199484,
                    -4.3510347180001885,
                    0.06664445694129065
                ]
            ],
            "volume_eff": 25.64037728547008,
            "alpha_iso": 7.64961532273693,
            "c6_ii": 31.305184757863007,
            "c8_ii": 1366.8346830384955,
            "c10_ii": 57467.895488533235,
            "slater_b_init": 32.944767370037276
        },
        {
            "index": 6,
            "element": "O",
            "charge": -0.4081666533204018,
            "dipole": [
                -0.030171833078203727,
                -0.09035167268233764,
                0.006124174027337243
            ],
            "quadrupole": [
                [
                    -4.102197111764054,
                    -3.983426030836124,
                    0.009494607068417293
                ],
                [
                    -3.983426030836124,
                    1.1893637495781193e-05,
                    -4.084702319443165
                ],
                [
                    0.009494607068417293,
                    -4.084702319443165,
                    0.010099793264844448
                ]
            ],
            "volume_eff": 23.038165613963795,
            "alpha_iso": 6.873264879304116,
            "c6_ii": 25.273374951192608,
            "c8_ii": 1027.4923948355347,
            "c10_ii": 40225.69676231274,
            "slater_b_init": 34.141187055884544
        },
        {
            "index": 7,
            "element": "C",
            "charge": 0.158496456418451,
            "dipole": [
                -0.1138450125704348,
                0.043927718194052355,
                0.029963105040902615
            ],
            "quadrupole": [
                [
                    -3.990645442340266,
                    -4.02207475952678,
                    0.029960479040050433
                ],
                [
                    -4.02207475952678,
                    -0.07868573259080579,
                    -4.066340966069143
                ],
                [
                    0.029960479040050433,
                    -4.066340966069143,
                    -0.03031560709218424
                ]
            ],
            "volume_eff": 28.814699446980597,
            "alpha_iso": 9.051738046171915,
            "c6_ii": 26.514740369400368,
            "c8_ii": 636.5058283699801,
            "c10_ii": 19143.963182094143,
            "slater_b_init": 38.44894850720403
        },
        {
            "index": 8,
            "element": "C",
            "charge": -0.5024556925962056,
            "dipole": [
                0.012136983663161127,
                0.04226785377237132,
                0.02017112830693774
            ],
            "quadrupole": [
                [
                    -5.167855337388888,
                    -5.163754984762218,
                    0.021308568560373158
                ],
                [
                    -5.163754984762218,
                    -0.04207205379245308,
                    -5.185218479872139
                ],
                [
                    0.021308568560373158,
                    -5.185218479872139,
                    -0.013123466352334825
                ]
            ],
            "volume_eff": 39.017259935869895,
            "alpha_iso": 12.256730869906772,
            "c6_ii": 48.615272537273434,
            "c8_ii": 1428.3989180940896,
            "c10_ii": 52582.44304906403,
            "slater_b_init": 34.753902335542506
        },
        {
            "index": 9,
            "element": "H",
            "charge": 0.1873872817344675,
            "dipole": [
                -0.0004671800068340427,
                0.05077489906361811,
                0.012792501633545441
            ],
            "quadrupole": [
                [
                    -0.43182913027782743,
                    -0.44026861087161206,
                    5.670602185444744e-05
                ],
                [
                    -0.44026861087161206,
                    0.0018504037869388984,
                    -0.4426087698134396
                ],
                [
                    5.670602185444744e-05,
                    -0.4426087698134396,
                    0.0023345896648993476
                ]
            ],
            "volume_eff": 2.387600771902791,
            "alpha_iso": 0.7620002463519546,
            "c6_ii": 0.18637967606730158,
            "c8_ii": 1.0917770854024516,
            "c10_ii": 8.826927353866688,
            "slater_b_init": 72.30124770687881
        },
        {
            "index": 10,
            "element": "H",
            "charge": 0.1742837888153621,
            "dipole": [
                0.03998745399409993,
                -0.0320054407927076,
                -0.006287991634399188
            ],
            "quadrupole": [
                [
                    -0.44869207111320625,
                    -0.44657811595354324,
                    0.0027979993235481993
                ],
                [
                    -0.44657811595354324,
                    0.004342152143454274,
                    -0.454841431482937
                ],
                [
                    0.0027979993235481993,
                    -0.454841431482937,
                    0.0017799983405555823
                ]
            ],
            "volume_eff": 2.4636130355379016,
            "alpha_iso": 0.7862594794269899,
            "c6_ii": 0.19843584189763985,
            "c8_ii": 1.1869417211315618,
            "c10_ii": 9.798933901771841,
            "slater_b_init": 71.54987253726952
        },
        {
            "index": 11,
            "element": "H",
            "charge": 0.15284604208011476,
            "dipole": [
                0.007675691139771893,
                -0.0515744419427886,
                -0.01429126280260457
            ],
            "quadrupole": [
                [
                    -0.4572762570828224,
                    -0.47580343160035277,
                    0.0009248274053820215
                ],
                [
                    -0.47580343160035277,
                    -0.005783666903534429,
                    -0.4800337240518817
                ],
                [
                    0.0009248274053820215,
                    -0.4800337240518817,
                    0.00010489112659281306
                ]
            ],
            "volume_eff": 2.611770830467809,
            "alpha_iso": 0.8335438820641944,
            "c6_ii": 0.22302074674682518,
            "c8_ii": 1.386956772908891,
            "c10_ii": 11.904762640140646,
            "slater_b_init": 70.1705164894767
        },
        {
            "index": 12,
            "element": "H",
            "charge": 0.10832534612418088,
            "dipole": [
                -0.018924646452925624,
                0.002778131026248245,
                -0.05678615409505513
            ],
            "quadrupole": [
                [
                    -0.5002965361620589,
                    -0.48498160709629184,
                    0.00020577397624172951
                ],
                [
                    -0.48498160709629184,
                    0.0021796695425845176,
                    -0.5086529292875804
                ],
                [
                    0.00020577397624172951,
                    -0.5086529292875804,
                    -0.008898362274325066
                ]
            ],
            "volume_eff": 2.7672203917963087,
            "alpha_iso": 0.8831554441903112,
            "c6_ii": 0.2503586667120696,
            "c8_ii": 1.6181523622108014,
            "c10_ii": 14.434985371697609,
            "slater_b_init": 68.83116375933145
        },
        {
            "index": 13,
            "element": "H",
            "charge": 0.10526468606038264,
            "dipole": [
                0.023641730149519785,
                -0.01819702757667617,
                0.053423715762311606
            ],
            "quadrupole": [
                [
                    -0.4978724267894825,
                    -0.49012401099368574,
                    0.004949594529728979
                ],
                [
                    -0.49012401099368574,
                    -0.0003933232512315133,
                    -0.5071095484256817
                ],
                [
                    0.004949594529728979,
                    -0.5071095484256817,
                    -0.010626667391228825
                ]
            ],
            "volume_eff": 2.7646968285535385,
            "alpha_iso": 0.8823500516660229,
            "c6_ii": 0.2499022463648255,
            "c8_ii": 1.6142202266325638,
            "c10_ii": 14.391152147665984,
            "slater_b_init": 68.85209998759376
        },
        {
            "index": 14,
            "element": "H",
            "charge": 0.16625498462621613,
            "dipole": [
                -0.030552120345986467,
                -0.0038465574389950643,
                0.03683402879862976
            ],
            "quadrupole": [
                [
                    -0.4669672116090388,
                    -0.46060531902412916,
                    0.005436502747760526
                ],
                [
                    -0.46060531902412916,
                    0.0019132945349668242,
                    -0.4647092600082242
                ],
                [
                    0.005436502747760526,
                    -0.4647092600082242,
                    0.003974294654510329
                ]
            ],
            "volume_eff": 2.5695563127169536,
            "alpha_iso": 0.8200711636330703,
            "c6_ii": 0.21586956233314747,
            "c8_ii": 1.327978731353427,
            "c10_ii": 11.275374697597751,
            "slater_b_init": 70.55270168855303
        },
        {
            "index": 15,
            "element": "H",
            "charge": 0.15882640469229226,
            "dipole": [
                0.027639806384415676,
                -0.03657202411167763,
                -0.009933468540656952
            ],
            "quadrupole": [
                [
                    -0.47397529405660543,
                    -0.47542084389377925,
                    0.0006593011041315637
                ],
                [
                    -0.47542084389377925,
                    0.0075513240301849395,
                    -0.47852294962549874
                ],
                [
                    0.0006593011041315637,
                    -0.47852294962549874,
                    0.0031775455341298935
                ]
            ],
            "volume_eff": 2.664152781456866,
            "alpha_iso": 0.8502615259968722,
            "c6_ii": 0.232056311448812,
            "c8_ii": 1.4623806029194633,
            "c10_ii": 12.719428725906853,
            "slater_b_init": 69.70757691788049
        },
        {
            "index": 16,
            "element": "H",
            "charge": 0.15528789265780396,
            "dipole": [
                -0.029358033946025954,
                0.015909864681229055,
                -0.03294751698151304
            ],
            "quadrupole": [
                [
                    -0.4819999808885292,
                    -0.4749990701929193,
                    0.003456782826697102
                ],
                [
                    -0.4749990701929193,
                    0.00405650139577481,
                    -0.48827895844473584
                ],
                [
                    0.003456782826697102,
                    -0.48827895844473584,
                    -0.00025473275614956486
                ]
            ],
            "volume_eff": 2.7133671694618204,
            "alpha_iso": 0.8659682455729214,
            "c6_ii": 0.24070896371428066,
            "c8_ii": 1.535532180238451,
            "c10_ii": 13.519658966663956,
            "slater_b_init": 69.28355658879859
        }
    ]
}