{
    "molecule": "TEP",
    "atoms": [
        {
            "index": 0,
            "element": "C",
            "charge": -0.5015239747057336,
            "dipole": [
                0.037587853198557085,
                0.011335349430378122,
                0.03451363141280129
            ],
            "quadrupole": [
                [
                    -5.117993207671522,
                    -5.163110232161356,
                    -0.012192726676620712
                ],
                [
                    -5.163110232161356,
                    0.0036271246580095507,
                    -5.210949340986582
                ],
                [
                    -0.012192726676620712,
                    -5.210949340986582,
                    -0.029857073260143623
                ]
            ],
            "volume_eff": 38.87579715223776,
            "alpha_iso": 12.21229229913228,
            "c6_ii": 48.26338803537615,
            "c8_ii": 1414.6302926136466,
            "c10_ii": 51949.64230297866,
            "slater_b_init": 34.79600593076905
        },
        {
            "index": 1,
            "element": "C",
            "charge": 0.16341851058366874,
            "dipole": [
                0.12496420438413851,
                0.044562576158739,
                -0.10102746331166801
            ],
            "quadrupole": [
                [
                    -3.9342790002224763,
                    -4.040070905406484,
                    0.00026955076362692896
                ],
                [
                    -4.040070905406484,
                    0.005140540985479514,
                    -4.120082910044026
                ],
                [
                    0.00026955076362692896,
                    -4.120082910044026,
                    -0.044459689034593686
                ]
            ],
            "volume_eff": 28.856749192174068,
            "alpha_iso": 9.06494739021175,
            "c6_ii": 26.592183592559,
            "c8_ii": 638.9858095532412,
            "c10_ii": 19237.245455485932,
            "slater_b_init": 38.430263630102516
        },
        {
            "index": 2,
            "element": "O",
            "charge": -0.5750980819857858,
            "dipole": [
                -0.05711585102899126,
                -0.1814891427240752,
                -0.0364368817987267
            ],
            "quadrupole": [
                [
                    -4.247686884244171,
                    -4.314226284610546,
                    0.003307025815543441
                ],
                [
                    -4.314226284610546,
                    0.03164828307841136,
                    -4.236366542610601
                ],
                [
                    0.003307025815543441,
                    -4.236366542610601,
                    0.015521319424272631
                ]
            ],
            "volume_eff": 24.55168082519924,
            "alpha_iso": 7.324810853926845,
            "c6_ii": 28.70317294631517,
            "c8_ii": 1217.4958953618027,
            "c10_ii": 49729.56810691319,
            "slater_b_init": 33.42469906447737
        },
        {
            "index": 3,
            "element": "P",
            "charge": 1.7368265812626298,
            "dipole": [
                0.04427042470737489,
                -0.030756479817420804,
                -0.002523858896270231
            ],
            "quadrupole": [
                [
                    -6.447134579951688,
                    -6.381484156883284,
                    -0.005748062945907164
                ],
                [
                    -6.381484156883284,
                    0.012685170849154858,
                    -6.320994567150905
                ],
                [
                    -0.005748062945907164,
                    -6.320994567150905,
                    -0.051173894336861064
                ]
            ],
            "volume_eff": 51.80502980396721,
            "alpha_iso": 19.92501146306431,
            "c6_ii": 117.51380021376026,
            "c8_ii": 3822.2659066303736,
            "c10_ii": 70407.64688739028,
            "slater_b_init": 35.59271218844871
        },
        {
            "index": 4,
            "element": "O",
            "charge": -0.8494853259704289,
            "dipole": [
                -0.22965678138276652,
                0.1820175252702101,
                -0.14870411517099597
            ],
            "quadrupole": [
                [
                    -4.763560650986013,
                    -4.752947982921974,
                    0.014981734774699688
                ],
                [
                    -4.752947982921974,
                    0.029071167807346143,
                    -4.751148901223513
                ],
                [
                    0.014981734774699688,
                    -4.751148901223513,
                    -0.018432813658807598
                ]
            ],
            "volume_eff": 28.400739087714648,
            "alpha_iso": 8.473148678102712,
            "c6_ii": 38.40844571094809,
            "c8_ii": 1795.2706837211065,
            "c10_ii": 80805.8362554683,
            "slater_b_init": 31.84085358062437
        },
        {
            "index": 5,
            "element": "O",
            "charge": -0.5980443281986592,
            "dipole": [
                -0.015954739557230427,
                0.04446492184510719,
                0.1892306728232013
            ],
            "quadrupole": [
                [
                    -4.294649043515,
                    -4.2960255259492435,
                    0.02061653372626346
                ],
                [
                    -4.2960255259492435,
                    -0.007138183110623604,
                    -4.351327458212355
                ],
                [
                    0.02061653372626346,
                    -4.351327458212355,
                    -0.016537209749781467
                ]
            ],
            "volume_eff": 24.96773678462512,
            "alpha_iso": 7.448938046241748,
            "c6_ii": 29.68423103776633,
            "c8_ii": 1273.2940202554332,
            "c10_ii": 52594.60281172344,
            "slater_b_init": 33.23799794239551
        },
        {
            "index": 6,
            "element": "C",
            "charge": 0.15248086205126743,
            "dipole": [
                -0.0682941442420224,
                -0.14691066009420245,
                -0.02057080990200393
            ],
            "quadrupole": [
                [
                    -4.1685804537257924,
                    -3.9598589676949465,
                    -7.596002062021684e-05
                ],
                [
                    -3.9598589676949465,
                    -0.012082057206999603,
                    -4.067692807516969
                ],
                [
                    -7.596002062021684e-05,
                    -4.067692807516969,
                    0.02025824959352976
                ]
            ],
            "volume_eff": 29.199281709702742,
            "alpha_iso": 9.172549228178871,
            "c6_ii": 27.22723420417222,
            "c8_ii": 659.4126116721222,
            "c10_ii": 20009.002141579724,
            "slater_b_init": 38.279398885427725
        },
        {
            "index": 7,
            "element": "C",
            "charge": -0.5051043656103538,
            "dipole": [
                0.03998208346247046,
                -0.019535609099658697,
                -0.020043182972894008
            ],
            "quadrupole": [
                [
                    -5.241156630583081,
                    -5.137067379003383,
                    -0.002931552811985611
                ],
                [
                    -5.137067379003383,
                    -0.0032035469124108477,
                    -5.179465276114396
                ],
                [
                    -0.002931552811985611,
                    -5.179465276114396,
                    0.020202947962199156
                ]
            ],
            "volume_eff": 39.1520789624584,
            "alpha_iso": 12.299082396583788,
            "c6_ii": 48.95182038461672,
            "c8_ii": 1441.5985665530748,
            "c10_ii": 53190.52741881738,
            "slater_b_init": 34.71396511439634
        },
        {
            "index": 8,
            "element": "O",
            "charge": -0.5628366709790793,
            "dipole": [
                0.1969072456091235,
                0.023058008691953645,
                -0.05355891939681916
            ],
            "quadrupole": [
                [
                    -4.2529085644443985,
                    -4.239939341087684,
                    0.008665562114779405
                ],
                [
                    -4.239939341087684,
                    -0.01277834330785922,
                    -4.243468211301779
                ],
                [
                    0.008665562114779405,
                    -4.243468211301779,
                    0.029887504182711407
                ]
            ],
            "volume_eff": 24.362225745727326,
            "alpha_iso": 7.2682883440291475,
            "c6_ii": 28.261901270590513,
            "c8_ii": 1192.6036345550115,
            "c10_ii": 48461.90322643254,
            "slater_b_init": 33.51111884404297
        },
        {
            "index": 9,
            "element": "C",
            "charge": 0.15208682370716264,
            "dipole": [
                -0.06073738430682845,
                0.13829067187987884,
                -0.08123014416094883
            ],
            "quadrupole": [
                [
                    -4.062982727285384,
                    -4.045175247708937,
                    0.013133896069808228
                ],
                [
                    -4.045175247708937,
                    -0.0857158956199257,
                    -4.018052071609277
                ],
                [
                    0.013133896069808228,
                    -4.018052071609277,
                    0.05985984825027388
                ]
            ],
            "volume_eff": 28.89593463838012,
            "alpha_iso": 9.077256954464959,
            "c6_ii": 26.664453277014044,
            "c8_ii": 641.3022901082581,
            "c10_ii": 19324.459600022783,
            "slater_b_init": 38.41288415816011
        },
        {
            "index": 10,
            "element": "C",
            "charge": -0.49049219991407345,
            "dipole": [
                -0.054134877199918593,
                -0.004603477177326866,
                -3.869549788131257e-05
            ],
            "quadrupole": [
                [
                    -5.1439517528542495,
                    -5.154745468648121,
                    0.009875977298385515
                ],
                [
                    -5.154745468648121,
                    -0.05220403934688168,
                    -5.148987074629734
                ],
                [
                    0.009875977298385515,
                    -5.148987074629734,
                    0.03732857808642623
                ]
            ],
            "volume_eff": 38.760251634591484,
            "alpha_iso": 12.17599527788214,
            "c6_ii": 47.976920298101255,
            "c8_ii": 1403.445982648487,
            "c10_ii": 51436.7472025199,
            "slater_b_init": 34.83054762275357
        },
        {
            "index": 11,
            "element": "H",
            "charge": 0.1463853868184335,
            "dipole": [
                -0.04059402364448396,
                -0.0191849893069784,
                0.012028903656191603
            ],
            "quadrupole": [
                [
                    -0.4960480298826488,
                    -0.49368695328356305,
                    0.0011176019176056273
                ],
                [
                    -0.49368695328356305,
                    -0.0023541996799761695,
                    -0.48211110571814414
                ],
                [
                    0.0011176019176056273,
                    -0.48211110571814414,
                    0.0030020965732501653
                ]
            ],
            "volume_eff": 2.7689914783185046,
            "alpha_iso": 0.8837206845697354,
            "c6_ii": 0.2506792402067463,
            "c8_ii": 1.6209155841986884,
            "c10_ii": 14.465804147148509,
            "slater_b_init": 68.81648549740058
        },
        {
            "index": 12,
            "element": "H",
            "charge": 0.1713333615569943,
            "dipole": [
                -0.0017857610380936485,
                0.04530603085569431,
                -0.018946917055920616
            ],
            "quadrupole": [
                [
                    -0.46002190466782183,
                    -0.46161158550919057,
                    0.003719552728170242
                ],
                [
                    -0.46161158550919057,
                    0.0024362901121888878,
                    -0.4593598456440409
                ],
                [
                    0.003719552728170242,
                    -0.4593598456440409,
                    0.002124990389647124
                ]
            ],
            "volume_eff": 2.5490799323926057,
            "alpha_iso": 0.813536148635938,
            "c6_ii": 0.2124428110317564,
            "c8_ii": 1.2999459359996648,
            "c10_ii": 10.978643856358948,
            "slater_b_init": 70.74111121995122
        },
        {
            "index": 13,
            "element": "H",
            "charge": 0.14647228217996022,
            "dipole": [
                0.03162412296078461,
                -0.022933809225950327,
                -0.023829041211497315
            ],
            "quadrupole": [
                [
                    -0.48574895416078606,
                    -0.49328315319567323,
                    -0.002756815278733084
                ],
                [
                    -0.49328315319567323,
                    0.0021682567080946653,
                    -0.4880150180656872
                ],
                [
                    -0.002756815278733084,
                    -0.4880150180656872,
                    0.008384025367651824
                ]
            ],
            "volume_eff": 2.7574528071914908,
            "alpha_iso": 0.8800381299547312,
            "c6_ii": 0.2485943810435769,
            "c8_ii": 1.6029660179283887,
            "c10_ii": 14.265844249016602,
            "slater_b_init": 68.91234036036438
        },
        {
            "index": 14,
            "element": "H",
            "charge": 0.08666121969790752,
            "dipole": [
                -0.04378751701006657,
                0.0460303433451608,
                0.031524754456724355
            ],
            "quadrupole": [
                [
                    -0.5147113088312603,
                    -0.5284649395981759,
                    0.0029525757873831047
                ],
                [
                    -0.5284649395981759,
                    0.007629622853365835,
                    -0.5318022211294713
                ],
                [
                    0.0029525757873831047,
                    -0.5318022211294713,
                    0.0033119985452119247
                ]
            ],
            "volume_eff": 2.9596620124326534,
            "alpha_iso": 0.9445729826912723,
            "c6_ii": 0.2863910013628081,
            "c8_ii": 1.9358946908519568,
            "c10_ii": 18.061101972090736,
            "slater_b_init": 67.30577398077371
        },
        {
            "index": 15,
            "element": "H",
            "charge": 0.07915166524294337,
            "dipole": [
                0.01568105416869097,
                -0.062137650746823155,
                0.017403097591049462
            ],
            "quadrupole": [
                [
                    -0.5176447591450625,
                    -0.5373856427500293,
                    0.0037190806114318067
                ],
                [
                    -0.5373856427500293,
                    0.010758144468852414,
                    -0.538778092892314
                ],
                [
                    0.0037190806114318067,
                    -0.538778092892314,
                    -0.0008409474216132682
                ]
            ],
            "volume_eff": 3.0034631355230186,
            "alpha_iso": 0.958552064528623,
            "c6_ii": 0.2949305379100521,
            "c8_ii": 2.0132400531654175,
            "c10_ii": 18.96756304296961,
            "slater_b_init": 66.97698499072283
        },
        {
            "index": 16,
            "element": "H",
            "charge": 0.09000593942221535,
            "dipole": [
                0.005815373609599943,
                0.049166086962933786,
                -0.050708276438137925
            ],
            "quadrupole": [
                [
                    -0.5268632423040746,
                    -0.5136198925012287,
                    0.007310457289777808
                ],
                [
                    -0.5136198925012287,
                    -0.006029424910062367,
                    -0.523723119613665
                ],
                [
                    0.007310457289777808,
                    -0.523723119613665,
                    -0.0037426404016780383
                ]
            ],
            "volume_eff": 2.9335341834271547,
            "alpha_iso": 0.9362343138597302,
            "c6_ii": 0.28135681421800496,
            "c8_ii": 1.8906558753494571,
            "c10_ii": 17.53507769262925,
            "slater_b_init": 67.50500562549415
        },
        {
            "index": 17,
            "element": "H",
            "charge": 0.07772741816249018,
            "dipole": [
                0.03280859159929014,
                -0.007167466399366923,
                0.05689982339702491
            ],
            "quadrupole": [
                [
                    -0.5438976232701838,
                    -0.520203521260021,
                    0.009381777519686822
                ],
                [
                    -0.520203521260021,
                    -0.0028865909314408503,
                    -0.5376613806350793
                ],
                [
                    0.009381777519686822,
                    -0.5376613806350793,
                    -0.006785658439323851
                ]
            ],
            "volume_eff": 3.025092616532654,
            "alpha_iso": 0.965455090382762,
            "c6_ii": 0.29919372617525514,
            "c8_ii": 2.0521347827372924,
            "c10_ii": 19.426717982084973,
            "slater_b_init": 66.81697403328353
        },
        {
            "index": 18,
            "element": "H",
            "charge": 0.14570747349008062,
            "dipole": [
                -0.007563836967431852,
                -0.0356076138404146,
                0.02734468837932199
            ],
            "quadrupole": [
                [
                    -0.483520727430158,
                    -0.492350701268158,
                    0.0041185611362420955
                ],
                [
                    -0.492350701268158,
                    -0.0072545805507305125,
                    -0.49543504321035975
                ],
                [
                    0.0041185611362420955,
                    -0.49543504321035975,
                    -0.0001744875049067191
                ]
            ],
            "volume_eff": 2.7701251259768047,
            "alpha_iso": 0.8840824870138739,
            "c6_ii": 0.2508845424686487,
            "c8_ii": 1.6226858307788985,
            "c10_ii": 14.48555497156137,
            "slater_b_init": 68.8070967166746
        },
        {
            "index": 19,
            "element": "H",
            "charge": 0.14929627862992778,
            "dipole": [
                0.004259232173798151,
                0.042710495445309846,
                0.016532610820353878
            ],
            "quadrupole": [
                [
                    -0.47821140157136416,
                    -0.49268949797000955,
                    -0.0026218025256350445
                ],
                [
                    -0.49268949797000955,
                    0.0007140784792743656,
                    -0.48853463611992176
                ],
                [
                    -0.0026218025256350445,
                    -0.48853463611992176,
                    -0.002886852541519139
                ]
            ],
            "volume_eff": 2.737340407966883,
            "alpha_iso": 0.873619279138367,
            "c6_ii": 0.2449811946535585,
            "c8_ii": 1.5719771745633309,
            "c10_ii": 13.921943864507455,
            "slater_b_init": 69.08070473258394
        },
        {
            "index": 20,
            "element": "H",
            "charge": 0.16949317678587794,
            "dipole": [
                -0.02780456830481788,
                -0.004437910279009493,
                -0.040405601465152166
            ],
            "quadrupole": [
                [
                    -0.4631116855911593,
                    -0.4644559997302609,
                    0.0009378577544219902
                ],
                [
                    -0.4644559997302609,
                    -0.0022310103824192415,
                    -0.46309220110800764
                ],
                [
                    0.0009378577544219902,
                    -0.46309220110800764,
                    -0.005569531884801374
                ]
            ],
            "volume_eff": 2.5755556977774363,
            "alpha_iso": 0.8219858609927988,
            "c6_ii": 0.2168787610799246,
            "c8_ii": 1.336262978673129,
            "c10_ii": 11.363366239541344,
            "slater_b_init": 70.49787832211213
        },
        {
            "index": 21,
            "element": "H",
            "charge": 0.08540352592462441,
            "dipole": [
                -0.0019623753154993486,
                -0.05341041280297568,
                -0.04234923407305047
            ],
            "quadrupole": [
                [
                    -0.512837978757365,
                    -0.5318864928396314,
                    -0.004131306816396671
                ],
                [
                    -0.5318864928396314,
                    -0.007035445851120839,
                    -0.528168865898472
                ],
                [
                    -0.004131306816396671,
                    -0.528168865898472,
                    0.005183257831693339
                ]
            ],
            "volume_eff": 2.95086543302051,
            "alpha_iso": 0.94176556372995,
            "c6_ii": 0.2846911333668809,
            "c8_ii": 1.9205892483870215,
            "c10_ii": 17.882786858375756,
            "slater_b_init": 67.37258751478569
        },
        {
            "index": 22,
            "element": "H",
            "charge": 0.08032313654217249,
            "dipole": [
                0.0021222638065145987,
                0.005870364596162933,
                0.06821580694923102
            ],
            "quadrupole": [
                [
                    -0.5208260930726859,
                    -0.5316208872168529,
                    -0.0005088878677057235
                ],
                [
                    -0.5316208872168529,
                    -0.007207715845523517,
                    -0.5402099914158377
                ],
                [
                    -0.0005088878677057235,
                    -0.5402099914158377,
                    0.002514886349109264
                ]
            ],
            "volume_eff": 2.9987683007327703,
            "alpha_iso": 0.9570537129998203,
            "c6_ii": 0.29400922282389264,
            "c8_ii": 2.0048590421526047,
            "c10_ii": 18.868913265293372,
            "slater_b_init": 67.01191954749264
        },
        {
            "index": 23,
            "element": "H",
            "charge": 0.14770167563068104,
            "dipole": [
                -0.005527049501198499,
                0.04187982489500403,
                0.01900257984278238
            ],
            "quadrupole": [
                [
                    -0.4791776238126868,
                    -0.4945657395067252,
                    -0.0029415306112077033
                ],
                [
                    -0.4945657395067252,
                    0.0004889609863149587,
                    -0.4871526584139861
                ],
                [
                    -0.0029415306112077033,
                    -0.4871526584139861,
                    -0.004185152729640784
                ]
            ],
            "volume_eff": 2.741977161171992,
            "alpha_iso": 0.8750990939910613,
            "c6_ii": 0.24581183990004177,
            "c8_ii": 1.5790878847400984,
            "c10_ii": 14.000706791832103,
            "slater_b_init": 69.0417436859932
        },
        {
            "index": 24,
            "element": "H",
            "charge": 0.15019814388770436,
            "dipole": [
                0.034016760318705076,
                -0.028935764035319073,
                0.015313330939292687
            ],
            "quadrupole": [
                [
                    -0.48592704037163986,
                    -0.48420284589077983,
                    -0.0019229538832689769
                ],
                [
                    -0.48420284589077983,
                    0.00664275832680266,
                    -0.48664350222225755
                ],
                [
                    -0.0019229538832689769,
                    -0.48664350222225755,
                    -0.003754544760433607
                ]
            ],
            "volume_eff": 2.731555540835797,
            "alpha_iso": 0.8717730449475949,
            "c6_ii": 0.24394684307811398,
            "c8_ii": 1.5631338737391252,
            "c10_ii": 13.824113849389995,
            "slater_b_init": 69.12943654097712
        },
        {
            "index": 25,
            "element": "H",
            "charge": 0.1536362581032864,
            "dipole": [
                -0.006836483493615093,
                0.0054931370742670104,
                -0.04622024819881919
            ],
            "quadrupole": [
                [
                    -0.47133618429812213,
                    -0.47930012515831627,
                    0.0016917821021343376
                ],
                [
                    -0.47930012515831627,
                    0.003761218583914553,
                    -0.4867957061581566
                ],
                [
                    0.0016917821021343376,
                    -0.4867957061581566,
                    0.0019797327336775862
                ]
            ],
            "volume_eff": 2.681543328829848,
            "alpha_iso": 0.8558117006903769,
            "c6_ii": 0.23509574497533875,
            "c8_ii": 1.4879748701397497,
            "c10_ii": 12.998300694600868,
            "slater_b_init": 69.55655903370105
        }
    ]
}