{
    "molecule": "Est_267",
    "atoms": [
        {
            "index": 0,
            "element": "C",
            "charge": -0.39540726338971766,
            "dipole": [
                -0.023206898855386883,
                0.029007153987728528,
                0.006828433008263489
            ],
            "quadrupole": [
                [
                    -5.1187411027616125,
                    -5.1814471309137575,
                    -0.06512690312875058
                ],
                [
                    -5.1814471309137575,
                    0.053773266005238324,
                    -5.05784439646213
                ],
                [
                    -0.06512690312875058,
                    -5.05784439646213,
                    0.004533096042872063
                ]
            ],
            "volume_eff": 38.919069829558886,
            "alpha_iso": 12.225885810332635,
            "c6_ii": 48.37089185613783,
            "c8_ii": 1418.8331911170797,
            "c10_ii": 52142.64334817178,
            "slater_b_init": 34.783105016654986
        },
        {
            "index": 1,
            "element": "C",
            "charge": -0.1621825018866172,
            "dipole": [
                -0.038260160709461775,
                -0.02799076236053953,
                -0.025347177665090884
            ],
            "quadrupole": [
                [
                    -4.612013099735911,
                    -4.744669857429011,
                    -0.11845512693387422
                ],
                [
                    -4.744669857429011,
                    -0.006386179869410971,
                    -4.585300301925121
                ],
                [
                    -0.11845512693387422,
                    -4.585300301925121,
                    -0.027383231459874275
                ]
            ],
            "volume_eff": 34.49906416739319,
            "alpha_iso": 10.83740235624917,
            "c6_ii": 38.0078951814969,
            "c8_ii": 1028.7684552945418,
            "c10_ii": 34887.9875269749,
            "slater_b_init": 36.20929428196169
        },
        {
            "index": 2,
            "element": "C",
            "charge": 0.055770598420183504,
            "dipole": [
                -0.11099107975208969,
                0.12131753361983676,
                0.029486528194735878
            ],
            "quadrupole": [
                [
                    -4.172059066702091,
                    -4.23899156076479,
                    -0.05445392425961093
                ],
                [
                    -4.23899156076479,
                    -0.07549286442484894,
                    -4.214548514612022
                ],
                [
                    -0.05445392425961093,
                    -4.214548514612022,
                    -0.03579191165057438
                ]
            ],
            "volume_eff": 30.420488041461837,
            "alpha_iso": 9.556174253862357,
            "c6_ii": 29.55231758923938,
            "c8_ii": 735.5427853815919,
            "c10_ii": 22937.115128741203,
            "slater_b_init": 37.76015539663883
        },
        {
            "index": 3,
            "element": "O",
            "charge": -0.3737425545124662,
            "dipole": [
                0.08956284691356838,
                -0.008842688821404394,
                0.026488419135155178
            ],
            "quadrupole": [
                [
                    -3.9630942478148485,
                    -4.0602251666055205,
                    -0.014894635174795497
                ],
                [
                    -4.0602251666055205,
                    0.019318071336841502,
                    -4.022463874843255
                ],
                [
                    -0.014894635174795497,
                    -4.022463874843255,
                    0.015708877026123492
                ]
            ],
            "volume_eff": 22.742933680889173,
            "alpha_iso": 6.785184634077433,
            "c6_ii": 24.629773528426607,
            "c8_ii": 992.7537129538013,
            "c10_ii": 38532.94524567213,
            "slater_b_init": 34.288284252078505
        },
        {
            "index": 4,
            "element": "C",
            "charge": 0.7912008372830011,
            "dipole": [
                0.07357669357484203,
                -0.012603238038937349,
                0.0247462586452589
            ],
            "quadrupole": [
                [
                    -3.1754891670401046,
                    -3.1511847776389934,
                    -0.08322066960102724
                ],
                [
                    -3.1511847776389934,
                    0.06793802397731925,
                    -2.9826335232305934
                ],
                [
                    -0.08322066960102724,
                    -2.9826335232305934,
                    -0.04075105877463901
                ]
            ],
            "volume_eff": 21.128096775785746,
            "alpha_iso": 6.637098463597615,
            "c6_ii": 14.255417655012682,
            "c8_ii": 278.26535633813387,
            "c10_ii": 6805.3864992668105,
            "slater_b_init": 42.638544651591516
        },
        {
            "index": 5,
            "element": "O",
            "charge": -0.5850110847352283,
            "dipole": [
                0.005497960640012786,
                -0.10811011769775265,
                -0.04972266358071788
            ],
            "quadrupole": [
                [
                    -4.4552921274096615,
                    -4.386362553278668,
                    -0.04152096536147817
                ],
                [
                    -4.386362553278668,
                    0.0285718632192219,
                    -4.311091809782384
                ],
                [
                    -0.04152096536147817,
                    -4.311091809782384,
                    -0.042849771092180806
                ]
            ],
            "volume_eff": 25.718939198212265,
            "alpha_iso": 7.673053683444543,
            "c6_ii": 31.4973163282833,
            "c8_ii": 1378.0311394913872,
            "c10_ii": 58056.93370003681,
            "slater_b_init": 32.91118843509654
        },
        {
            "index": 6,
            "element": "C",
            "charge": -0.46651877529722796,
            "dipole": [
                -0.07457836462968861,
                0.014487592586387453,
                0.060051390884258066
            ],
            "quadrupole": [
                [
                    -5.116685412581444,
                    -5.075716495683025,
                    0.03234803564002264
                ],
                [
                    -5.075716495683025,
                    0.03247085303183777,
                    -5.149962580805187
                ],
                [
                    0.03234803564002264,
                    -5.149962580805187,
                    0.00085545101500122
                ]
            ],
            "volume_eff": 38.583304533962895,
            "alpha_iso": 12.120409801244888,
            "c6_ii": 47.53987467191162,
            "c8_ii": 1386.4256658367358,
            "c10_ii": 50658.182744677644,
            "slater_b_init": 34.883711953635654
        },
        {
            "index": 7,
            "element": "C",
            "charge": -0.13921644057614913,
            "dipole": [
                -0.03318370147705,
                0.04202944077896155,
                -0.07220257303403067
            ],
            "quadrupole": [
                [
                    -4.568754828438916,
                    -4.50072099773257,
                    0.036713449789076695
                ],
                [
                    -4.50072099773257,
                    0.05275424561022286,
                    -4.555048419173921
                ],
                [
                    0.036713449789076695,
                    -4.555048419173921,
                    -0.0043300562416547375
                ]
            ],
            "volume_eff": 33.386650033643875,
            "alpha_iso": 10.487952890149908,
            "c6_ii": 35.59630181591511,
            "c8_ii": 942.6686268723867,
            "c10_ii": 31277.186970905554,
            "slater_b_init": 36.607062753466785
        },
        {
            "index": 8,
            "element": "C",
            "charge": -0.42471741895684545,
            "dipole": [
                0.06957819450691505,
                -0.031165774913434724,
                -0.012623292569850297
            ],
            "quadrupole": [
                [
                    -5.129775765640757,
                    -5.070581390417135,
                    0.010456543748411653
                ],
                [
                    -5.070581390417135,
                    0.050963988654944975,
                    -5.045629074488836
                ],
                [
                    0.010456543748411653,
                    -5.045629074488836,
                    -0.015738581619424118
                ]
            ],
            "volume_eff": 38.37583357879882,
            "alpha_iso": 12.055235679203818,
            "c6_ii": 47.02998443959396,
            "c8_ii": 1366.634330841503,
            "c10_ii": 49755.86459932787,
            "slater_b_init": 34.946462848107586
        },
        {
            "index": 9,
            "element": "H",
            "charge": 0.1713279611303975,
            "dipole": [
                0.04007423198253558,
                0.021201124645670227,
                0.021905165428725885
            ],
            "quadrupole": [
                [
                    -0.45314518303696044,
                    -0.45238441304564364,
                    0.003008961412205437
                ],
                [
                    -0.45238441304564364,
                    -0.006163941127633014,
                    -0.46036482574682436
                ],
                [
                    0.003008961412205437,
                    -0.46036482574682436,
                    -0.0007923294489771207
                ]
            ],
            "volume_eff": 2.505752418485529,
            "alpha_iso": 0.7997082186655944,
            "c6_ii": 0.20528227296337967,
            "c8_ii": 1.2418557956460758,
            "c10_ii": 10.368860801218323,
            "slater_b_init": 71.14651681894361
        },
        {
            "index": 10,
            "element": "H",
            "charge": 0.17933957141551637,
            "dipole": [
                -0.04698891517698113,
                0.015107621015863736,
                -0.005239784562995836
            ],
            "quadrupole": [
                [
                    -0.4531881618659739,
                    -0.4435898332236249,
                    0.005415827807685481
                ],
                [
                    -0.4435898332236249,
                    0.0005042428583639713,
                    -0.4508626693230275
                ],
                [
                    0.005415827807685481,
                    -0.4508626693230275,
                    0.0008936173866679862
                ]
            ],
            "volume_eff": 2.471615827058613,
            "alpha_iso": 0.788813561827217,
            "c6_ii": 0.1997271323257538,
            "c8_ii": 1.1972513262096487,
            "c10_ii": 9.905439326275308,
            "slater_b_init": 71.47256577803347
        },
        {
            "index": 11,
            "element": "H",
            "charge": 0.14756330444038723,
            "dipole": [
                0.05219490638259047,
                -0.01329144603557951,
                0.007426069303949912
            ],
            "quadrupole": [
                [
                    -0.47671705502538725,
                    -0.46897534542884095,
                    0.00909042825297944
                ],
                [
                    -0.46897534542884095,
                    0.0062931738637199705,
                    -0.4773473635487857
                ],
                [
                    0.00909042825297944,
                    -0.4773473635487857,
                    0.005234240968709736
                ]
            ],
            "volume_eff": 2.629502065121791,
            "alpha_iso": 0.8392027867409971,
            "c6_ii": 0.22605918826074373,
            "c8_ii": 1.4122083983083829,
            "c10_ii": 12.176306484853988,
            "slater_b_init": 70.0124362350806
        },
        {
            "index": 12,
            "element": "H",
            "charge": 0.11047398586837598,
            "dipole": [
                -0.005550890620207326,
                -0.05004776556434551,
                0.04122434649654501
            ],
            "quadrupole": [
                [
                    -0.49435474826267956,
                    -0.5175698983779934,
                    0.00013603037769871072
                ],
                [
                    -0.5175698983779934,
                    -0.006666599479902944,
                    -0.5128993729821891
                ],
                [
                    0.00013603037769871072,
                    -0.5128993729821891,
                    0.00015318977872253107
                ]
            ],
            "volume_eff": 2.8621706763093746,
            "alpha_iso": 0.9134587264817153,
            "c6_ii": 0.2678342959213028,
            "c8_ii": 1.7704791681880492,
            "c10_ii": 16.153089897075283,
            "slater_b_init": 68.06144828282675
        },
        {
            "index": 13,
            "element": "H",
            "charge": 0.11055858825070397,
            "dipole": [
                0.022860669421524277,
                0.0025373958144982675,
                -0.06108225220853411
            ],
            "quadrupole": [
                [
                    -0.4952241605479187,
                    -0.5114894938545215,
                    -0.0037334853691532296
                ],
                [
                    -0.5114894938545215,
                    -0.006900929295097299,
                    -0.5165082560323098
                ],
                [
                    -0.0037334853691532296,
                    -0.5165082560323098,
                    0.004054089875468404
                ]
            ],
            "volume_eff": 2.8561084156735705,
            "alpha_iso": 0.9115239624490119,
            "c6_ii": 0.26670091712453625,
            "c8_ii": 1.7604968419112978,
            "c10_ii": 16.03932718371806,
            "slater_b_init": 68.10956908163897
        },
        {
            "index": 14,
            "element": "H",
            "charge": 0.1644276146261876,
            "dipole": [
                0.004603629016821775,
                0.04314520043724534,
                -0.003490329109581609
            ],
            "quadrupole": [
                [
                    -0.45866714530299724,
                    -0.4751289220875622,
                    0.0032833682197726394
                ],
                [
                    -0.4751289220875622,
                    -0.001124910246242069,
                    -0.45892360884877714
                ],
                [
                    0.0032833682197726394,
                    -0.45892360884877714,
                    -0.004503575537445889
                ]
            ],
            "volume_eff": 2.577649782434744,
            "alpha_iso": 0.8226541858834291,
            "c6_ii": 0.21723157590542858,
            "c8_ii": 1.3391621786167078,
            "c10_ii": 11.394192507624851,
            "slater_b_init": 70.47878230652603
        },
        {
            "index": 15,
            "element": "H",
            "charge": 0.17228356730179883,
            "dipole": [
                -0.027906066959358915,
                -0.02213583920008321,
                -0.026149739964377482
            ],
            "quadrupole": [
                [
                    -0.45305105564184456,
                    -0.4534469983637685,
                    -0.0018986140516339353
                ],
                [
                    -0.4534469983637685,
                    -0.0032954534247798435,
                    -0.4544717772385057
                ],
                [
                    -0.0018986140516339353,
                    -0.4544717772385057,
                    -0.009957716627172855
                ]
            ],
            "volume_eff": 2.5007456422915224,
            "alpha_iso": 0.7981103113696348,
            "c6_ii": 0.20446273823429534,
            "c8_ii": 1.235249827138792,
            "c10_ii": 10.299961132864587,
            "slater_b_init": 71.19396629659173
        },
        {
            "index": 16,
            "element": "H",
            "charge": 0.1169871038655933,
            "dipole": [
                -0.015281859309483389,
                -0.05091374755698795,
                0.002395985266904098
            ],
            "quadrupole": [
                [
                    -0.49742901968030007,
                    -0.51632197198032,
                    0.004816386040361881
                ],
                [
                    -0.51632197198032,
                    -0.0014949065607005642,
                    -0.5011128516590526
                ],
                [
                    0.004816386040361881,
                    -0.5011128516590526,
                    -0.006566994306323685
                ]
            ],
            "volume_eff": 2.840645195102365,
            "alpha_iso": 0.9065888920539462,
            "c6_ii": 0.26382085060599564,
            "c8_ii": 1.735194090042598,
            "c10_ii": 15.751690084517556,
            "slater_b_init": 68.23293166724282
        },
        {
            "index": 17,
            "element": "H",
            "charge": 0.11481635115052402,
            "dipole": [
                0.02688834422269038,
                0.032073105432863576,
                0.03331647729395462
            ],
            "quadrupole": [
                [
                    -0.5077916661007279,
                    -0.5097920862549677,
                    -0.0007083442240425363
                ],
                [
                    -0.5097920862549677,
                    -0.004423615995169197,
                    -0.5095279191632806
                ],
                [
                    -0.0007083442240425363,
                    -0.5095279191632806,
                    -0.01103051067484822
                ]
            ],
            "volume_eff": 2.873498828129855,
            "alpha_iso": 0.9170740940839963,
            "c6_ii": 0.26995860796345117,
            "c8_ii": 1.7892271443254624,
            "c10_ii": 16.36718274314217,
            "slater_b_init": 67.97189128033571
        },
        {
            "index": 18,
            "element": "H",
            "charge": 0.13465964341087,
            "dipole": [
                -0.020635723880031313,
                -0.025373478179274676,
                -0.03394102177519628
            ],
            "quadrupole": [
                [
                    -0.4981416028943199,
                    -0.49663110430706936,
                    0.0002639391468214011
                ],
                [
                    -0.49663110430706936,
                    -0.006488669722526149,
                    -0.5060755246836643
                ],
                [
                    0.0002639391468214011,
                    -0.5060755246836643,
                    -0.006111335557846047
                ]
            ],
            "volume_eff": 2.837141274164674,
            "alpha_iso": 0.9054706194142577,
            "c6_ii": 0.2631704087430053,
            "c8_ii": 1.7294923478819149,
            "c10_ii": 15.687017812408689,
            "slater_b_init": 68.26100974753867
        },
        {
            "index": 19,
            "element": "H",
            "charge": 0.13532767701674264,
            "dipole": [
                -0.012186384453345984,
                -0.010563052328734059,
                0.04643349523866927
            ],
            "quadrupole": [
                [
                    -0.4957541712166876,
                    -0.4971680906406264,
                    -0.0019724200095313977
                ],
                [
                    -0.4971680906406264,
                    -0.004219760947490022,
                    -0.5037965006887225
                ],
                [
                    -0.0019724200095313977,
                    -0.5037965006887225,
                    0.005706050813291443
                ]
            ],
            "volume_eff": 2.82101710674423,
            "alpha_iso": 0.9003246085353924,
            "c6_ii": 0.26018758542092096,
            "c8_ii": 1.7034053198669443,
            "c10_ii": 15.391806066664353,
            "slater_b_init": 68.39081654325514
        },
        {
            "index": 20,
            "element": "H",
            "charge": 0.1333989486803986,
            "dipole": [
                0.01458423967479098,
                0.04359462585986326,
                -0.009004221126488913
            ],
            "quadrupole": [
                [
                    -0.491222090055975,
                    -0.5106196277890647,
                    0.0031805790524437895
                ],
                [
                    -0.5106196277890647,
                    -0.0014979260310688074,
                    -0.5038158405499946
                ],
                [
                    0.0031805790524437895,
                    -0.5038158405499946,
                    -0.0005460657739855949
                ]
            ],
            "volume_eff": 2.849157561815848,
            "alpha_iso": 0.9093056048348451,
            "c6_ii": 0.26540436737760065,
            "c8_ii": 1.7490947048779024,
            "c10_ii": 15.909580921765848,
            "slater_b_init": 68.16491119406959
        }
    ]
}