{
    "molecule": "Phos_819",
    "atoms": [
        {
            "index": 0,
            "element": "C",
            "charge": -0.37572268451446966,
            "dipole": [
                0.041188323415226324,
                -0.012008647614018937,
                0.02073615167686514
            ],
            "quadrupole": [
                [
                    -5.15163183006073,
                    -4.989405543948215,
                    0.060803884882787866
                ],
                [
                    -4.989405543948215,
                    0.059098057998284804,
                    -5.06363978778719
                ],
                [
                    0.060803884882787866,
                    -5.06363978778719,
                    -0.023155004881760796
                ]
            ],
            "volume_eff": 38.36706271840118,
            "alpha_iso": 12.052480435099847,
            "c6_ii": 47.00848933439202,
            "c8_ii": 1365.8015653588423,
            "c10_ii": 49717.968754489615,
            "slater_b_init": 34.94912561118073
        },
        {
            "index": 1,
            "element": "C",
            "charge": -0.1591557074781651,
            "dipole": [
                -0.05368231007042729,
                0.03370026479471906,
                0.02329194983697741
            ],
            "quadrupole": [
                [
                    -4.735008760914419,
                    -4.513884589414865,
                    0.07974477763824803
                ],
                [
                    -4.513884589414865,
                    0.03819994222680146,
                    -4.623172796281529
                ],
                [
                    0.07974477763824803,
                    -4.623172796281529,
                    0.004054981583597206
                ]
            ],
            "volume_eff": 34.26882818237357,
            "alpha_iso": 10.76507691592887,
            "c6_ii": 37.502282325508965,
            "c8_ii": 1010.5616463521461,
            "c10_ii": 34117.9072172316,
            "slater_b_init": 36.29020437122024
        },
        {
            "index": 2,
            "element": "C",
            "charge": 0.11772313315585237,
            "dipole": [
                0.006172490997410412,
                0.16913239242205313,
                -0.008241505873593695
            ],
            "quadrupole": [
                [
                    -4.12539497458679,
                    -3.995954488280433,
                    0.038471117470363615
                ],
                [
                    -3.995954488280433,
                    -0.0382217788013864,
                    -4.1058265624737516
                ],
                [
                    0.038471117470363615,
                    -4.1058265624737516,
                    0.06235867839586078
                ]
            ],
            "volume_eff": 29.14502671454946,
            "alpha_iso": 9.155505774204018,
            "c6_ii": 27.126146713452176,
            "c8_ii": 656.1503346833031,
            "c10_ii": 19885.34191412532,
            "slater_b_init": 38.30313719741734
        },
        {
            "index": 3,
            "element": "O",
            "charge": -0.5621411242122392,
            "dipole": [
                0.16951708285795786,
                -0.04598936349975585,
                -0.08907412035636404
            ],
            "quadrupole": [
                [
                    -4.252571115458746,
                    -4.232886395048115,
                    0.023956007967618265
                ],
                [
                    -4.232886395048115,
                    -0.023366303845703634,
                    -4.248180642343881
                ],
                [
                    0.023956007967618265,
                    -4.248180642343881,
                    0.0307220472643295
                ]
            ],
            "volume_eff": 24.377858769609464,
            "alpha_iso": 7.272952340104481,
            "c6_ii": 28.298183729983787,
            "c8_ii": 1194.6454810823693,
            "c10_ii": 48565.63942773309,
            "slater_b_init": 33.50395397980258
        },
        {
            "index": 4,
            "element": "P",
            "charge": 1.7178891362996591,
            "dipole": [
                0.02034936815115731,
                0.04745498303716389,
                -0.02773353019513022
            ],
            "quadrupole": [
                [
                    -6.424658959000912,
                    -6.447683075206746,
                    0.06128960754776875
                ],
                [
                    -6.447683075206746,
                    0.031525184620220796,
                    -6.425250274877951
                ],
                [
                    0.06128960754776875,
                    -6.425250274877951,
                    0.020085747819449093
                ]
            ],
            "volume_eff": 52.308273511138076,
            "alpha_iso": 20.118566735053108,
            "c6_ii": 119.80799133194448,
            "c8_ii": 3922.0830424208502,
            "c10_ii": 72713.43980335827,
            "slater_b_init": 35.478201565348044
        },
        {
            "index": 5,
            "element": "O",
            "charge": -0.8447863890430707,
            "dipole": [
                -0.011947411157539002,
                -0.1686986434845077,
                0.27887871259872155
            ],
            "quadrupole": [
                [
                    -4.736246515584564,
                    -4.744848969924392,
                    0.022963249821595616
                ],
                [
                    -4.744848969924392,
                    -0.0018727298351579025,
                    -4.768874580151398
                ],
                [
                    0.022963249821595616,
                    -4.768874580151398,
                    0.005277154991684318
                ]
            ],
            "volume_eff": 28.35817761309116,
            "alpha_iso": 8.46045077959626,
            "c6_ii": 38.29341383216551,
            "c8_ii": 1788.1052385924954,
            "c10_ii": 80402.8882294449,
            "slater_b_init": 31.85677510518328
        },
        {
            "index": 6,
            "element": "O",
            "charge": -0.5541426583422968,
            "dipole": [
                -0.018630010834104368,
                0.19683822203280693,
                0.004105196802433398
            ],
            "quadrupole": [
                [
                    -4.212754945320189,
                    -4.261439697251886,
                    -0.02065725994232873
                ],
                [
                    -4.261439697251886,
                    -0.0018096060386626836,
                    -4.216005487624709
                ],
                [
                    -0.02065725994232873,
                    -4.216005487624709,
                    0.005565884671556354
                ]
            ],
            "volume_eff": 24.241212454934338,
            "alpha_iso": 7.232184931306377,
            "c6_ii": 27.981830676872228,
            "c8_ii": 1176.871722019929,
            "c10_ii": 47664.1348931123,
            "slater_b_init": 33.566789345416595
        },
        {
            "index": 7,
            "element": "C",
            "charge": 0.11270411247966194,
            "dipole": [
                -0.06160200936663501,
                -0.043384189097279556,
                0.14738436639076238
            ],
            "quadrupole": [
                [
                    -4.100815227094101,
                    -4.142145020280839,
                    -0.07129218283546236
                ],
                [
                    -4.142145020280839,
                    0.046141969602535304,
                    -4.034071614718128
                ],
                [
                    -0.07129218283546236,
                    -4.034071614718128,
                    0.02230950473059001
                ]
            ],
            "volume_eff": 29.335791584077338,
            "alpha_iso": 9.215431911228482,
            "c6_ii": 27.482409968533005,
            "c8_ii": 667.6655447238934,
            "c10_ii": 20322.520737797848,
            "slater_b_init": 38.21993066061292
        },
        {
            "index": 8,
            "element": "C",
            "charge": -0.14715379645486237,
            "dipole": [
                0.0189147294362805,
                -0.05343542603617873,
                0.027240862669406726
            ],
            "quadrupole": [
                [
                    -4.5869853796024325,
                    -4.604125705069078,
                    -0.04528858801531176
                ],
                [
                    -4.604125705069078,
                    0.09217611590152586,
                    -4.58538285695369
                ],
                [
                    -0.04528858801531176,
                    -4.58538285695369,
                    -0.08358954270293803
                ]
            ],
            "volume_eff": 33.93446779947377,
            "alpha_iso": 10.66004224067239,
            "c6_ii": 36.774034213180926,
            "c8_ii": 984.481547988595,
            "c10_ii": 33020.85736079868,
            "slater_b_init": 36.40900561308731
        },
        {
            "index": 9,
            "element": "C",
            "charge": -0.3875575037234187,
            "dipole": [
                -0.030302394339413785,
                0.018959096762806802,
                -0.030410455649703447
            ],
            "quadrupole": [
                [
                    -5.095380558959321,
                    -5.10641419669951,
                    -0.007284849044097766
                ],
                [
                    -5.10641419669951,
                    0.05584372223820166,
                    -5.112636887531627
                ],
                [
                    -0.007284849044097766,
                    -5.112636887531627,
                    -0.08994079936927192
                ]
            ],
            "volume_eff": 38.775854704274906,
            "alpha_iso": 12.180896765740808,
            "c6_ii": 48.01555461404018,
            "c8_ii": 1404.9530531582625,
            "c10_ii": 51505.799742039075,
            "slater_b_init": 34.82587515860357
        },
        {
            "index": 10,
            "element": "O",
            "charge": -0.604768651240855,
            "dipole": [
                -0.14981433937903962,
                -0.05580033380325,
                -0.11611892260361333
            ],
            "quadrupole": [
                [
                    -4.304398785161686,
                    -4.288749609793928,
                    -0.017401381452851424
                ],
                [
                    -4.288749609793928,
                    0.0016157191757730728,
                    -4.357245222096457
                ],
                [
                    -0.017401381452851424,
                    -4.357245222096457,
                    -0.011929756957141671
                ]
            ],
            "volume_eff": 24.987070027868555,
            "alpha_iso": 7.454705975165204,
            "c6_ii": 29.730219559264576,
            "c8_ii": 1275.9249131405672,
            "c10_ii": 52730.47724800005,
            "slater_b_init": 33.2294233195711
        },
        {
            "index": 11,
            "element": "C",
            "charge": 0.3482438380715216,
            "dipole": [
                0.10119807909721822,
                -0.026656955448109518,
                -0.08824017060560367
            ],
            "quadrupole": [
                [
                    -3.671452676465207,
                    -3.7880336576762246,
                    0.014150300060548099
                ],
                [
                    -3.7880336576762246,
                    -0.00495059089587392,
                    -3.7369464469242177
                ],
                [
                    0.014150300060548099,
                    -3.7369464469242177,
                    -0.07167185043644814
                ]
            ],
            "volume_eff": 26.277239154172495,
            "alpha_iso": 8.254630100787171,
            "c6_ii": 22.050510996515882,
            "c8_ii": 497.7876189136116,
            "c10_ii": 14079.394652010023,
            "slater_b_init": 39.64872755618601
        },
        {
            "index": 12,
            "element": "C",
            "charge": -0.5396928430115784,
            "dipole": [
                0.008346870752346136,
                0.03398958224234963,
                -0.019059291061016965
            ],
            "quadrupole": [
                [
                    -5.2373603528928685,
                    -5.318246079963145,
                    -0.01282878052495126
                ],
                [
                    -5.318246079963145,
                    -0.011299742486238515,
                    -5.249991614303985
                ],
                [
                    -0.01282878052495126,
                    -5.249991614303985,
                    -0.01649491874413219
                ]
            ],
            "volume_eff": 40.0423910454929,
            "alpha_iso": 12.578761584971591,
            "c6_ii": 51.20344669679554,
            "c8_ii": 1530.6814091409228,
            "c10_ii": 57330.3877106357,
            "slater_b_init": 34.45475487155879
        },
        {
            "index": 13,
            "element": "C",
            "charge": -0.5234960924301717,
            "dipole": [
                0.02539774073718589,
                -0.030992805860650195,
                0.017688853092141476
            ],
            "quadrupole": [
                [
                    -5.214811288696297,
                    -5.220194942085387,
                    0.01887397631881824
                ],
                [
                    -5.220194942085387,
                    0.005603281910344141,
                    -5.281979798399432
                ],
                [
                    0.01887397631881824,
                    -5.281979798399432,
                    -0.029321381557798905
                ]
            ],
            "volume_eff": 39.770382307537574,
            "alpha_iso": 12.493313813886147,
            "c6_ii": 50.510157475238266,
            "c8_ii": 1503.1102727569191,
            "c10_ii": 56042.49000897855,
            "slater_b_init": 34.53312733654322
        },
        {
            "index": 14,
            "element": "H",
            "charge": 0.17144079657034594,
            "dipole": [
                0.005187426338632675,
                -0.020356401164635697,
                0.04492506974522643
            ],
            "quadrupole": [
                [
                    -0.44874822748365445,
                    -0.45899680632444156,
                    0.0006275649776841587
                ],
                [
                    -0.45899680632444156,
                    -0.002930172833436146,
                    -0.4597566924462814
                ],
                [
                    0.0006275649776841587,
                    -0.4597566924462814,
                    -0.0006326298000301556
                ]
            ],
            "volume_eff": 2.5133349696761305,
            "alpha_iso": 0.802128181811531,
            "c6_ii": 0.2065265447094208,
            "c8_ii": 1.251902222258989,
            "c10_ii": 10.473819773832481,
            "slater_b_init": 71.07489676833848
        },
        {
            "index": 15,
            "element": "H",
            "charge": 0.1735453652795269,
            "dipole": [
                0.03469916638616808,
                0.009171159769998428,
                -0.035818822251603606
            ],
            "quadrupole": [
                [
                    -0.44982558656962296,
                    -0.45323587398322873,
                    -0.004541336908370573
                ],
                [
                    -0.45323587398322873,
                    -0.003334600093941018,
                    -0.4490899863506021
                ],
                [
                    -0.004541336908370573,
                    -0.4490899863506021,
                    0.004288352282675648
                ]
            ],
            "volume_eff": 2.468956911745825,
            "alpha_iso": 0.7879649718337739,
            "c6_ii": 0.1992976384908889,
            "c8_ii": 1.1938197932283383,
            "c10_ii": 9.869963634690233,
            "slater_b_init": 71.49821376445986
        },
        {
            "index": 16,
            "element": "H",
            "charge": 0.14653457638165457,
            "dipole": [
                -0.0026376323045290665,
                0.0241428385574997,
                -0.04733277845305836
            ],
            "quadrupole": [
                [
                    -0.46187272613639396,
                    -0.4832664038004416,
                    0.00035570783011433955
                ],
                [
                    -0.4832664038004416,
                    -0.002292580687282556,
                    -0.4790473542742298
                ],
                [
                    0.00035570783011433955,
                    -0.4790473542742298,
                    -0.005734356492451454
                ]
            ],
            "volume_eff": 2.6330127300970574,
            "alpha_iso": 0.8403232117331034,
            "c6_ii": 0.2266632173409061,
            "c8_ii": 1.4172418564122617,
            "c10_ii": 12.230579822303277,
            "slater_b_init": 69.9813059224652
        },
        {
            "index": 17,
            "element": "H",
            "charge": 0.11011275669476794,
            "dipole": [
                0.022320976009187404,
                -0.01776096819478225,
                0.06069844516735521
            ],
            "quadrupole": [
                [
                    -0.5038220736349229,
                    -0.4943149679933154,
                    0.006950847193361534
                ],
                [
                    -0.4943149679933154,
                    -0.004348425872953685,
                    -0.5061054021431292
                ],
                [
                    0.006950847193361534,
                    -0.5061054021431292,
                    -0.005932186275633271
                ]
            ],
            "volume_eff": 2.799758029815457,
            "alpha_iso": 0.8935397967496139,
            "c6_ii": 0.25628083429331944,
            "c8_ii": 1.669388472682367,
            "c10_ii": 15.008553807405981,
            "slater_b_init": 68.56348159567256
        },
        {
            "index": 18,
            "element": "H",
            "charge": 0.0943872504419484,
            "dipole": [
                -0.0444453883727171,
                -0.031120200007695418,
                -0.039631876077139465
            ],
            "quadrupole": [
                [
                    -0.5192725544978543,
                    -0.5096973843751351,
                    0.0013598631270357465
                ],
                [
                    -0.5096973843751351,
                    -0.00882942986523127,
                    -0.5236790400785204
                ],
                [
                    0.0013598631270357465,
                    -0.5236790400785204,
                    -0.004718776082413544
                ]
            ],
            "volume_eff": 2.906959504974918,
            "alpha_iso": 0.9277530335026335,
            "c6_ii": 0.27628232062354074,
            "c8_ii": 1.8453271227641563,
            "c10_ii": 17.01115454049591,
            "slater_b_init": 67.71008644159205
        },
        {
            "index": 19,
            "element": "H",
            "charge": 0.09840132421327052,
            "dipole": [
                0.06497173921607192,
                0.013476282560946358,
                0.004954791618741115
            ],
            "quadrupole": [
                [
                    -0.5215546442841161,
                    -0.5078559622899252,
                    -0.010342417913767027
                ],
                [
                    -0.5078559622899252,
                    7.708274190243771e-05,
                    -0.5070540773774936
                ],
                [
                    -0.010342417913767027,
                    -0.5070540773774936,
                    0.0005479410309076007
                ]
            ],
            "volume_eff": 2.8671892912843973,
            "alpha_iso": 0.9150604121120417,
            "c6_ii": 0.2687743765824833,
            "c8_ii": 1.7787696977966398,
            "c10_ii": 16.247694204659407,
            "slater_b_init": 68.02171439997218
        },
        {
            "index": 20,
            "element": "H",
            "charge": 0.09754526669975183,
            "dipole": [
                -0.033310697599585555,
                -0.02365107770505324,
                -0.05097811028390601
            ],
            "quadrupole": [
                [
                    -0.5236182687020309,
                    -0.5088574661162166,
                    -0.007738176974785299
                ],
                [
                    -0.5088574661162166,
                    -0.0003747445110586632,
                    -0.5183369266886884
                ],
                [
                    -0.007738176974785299,
                    -0.5183369266886884,
                    -0.0037420413692699937
                ]
            ],
            "volume_eff": 2.9138681075222483,
            "alpha_iso": 0.9299579066560367,
            "c6_ii": 0.27759709150560524,
            "c8_ii": 1.8570451104443566,
            "c10_ii": 17.146289438729106,
            "slater_b_init": 67.65653194057302
        },
        {
            "index": 21,
            "element": "H",
            "charge": 0.1524670738627505,
            "dipole": [
                0.01174813232989137,
                0.02605016196526103,
                0.04573640078485823
            ],
            "quadrupole": [
                [
                    -0.466582040664264,
                    -0.4603487017980842,
                    -0.001070098671336733
                ],
                [
                    -0.4603487017980842,
                    -0.010223887590319804,
                    -0.4736145329137819
                ],
                [
                    -0.001070098671336733,
                    -0.4736145329137819,
                    0.002787240719705067
                ]
            ],
            "volume_eff": 2.572588095242015,
            "alpha_iso": 0.8210387538006431,
            "c6_ii": 0.21637926563339918,
            "c8_ii": 1.3321611420270216,
            "c10_ii": 11.319781280630837,
            "slater_b_init": 70.52497545565853
        },
        {
            "index": 22,
            "element": "H",
            "charge": 0.16659605591518156,
            "dipole": [
                -0.01326937631803557,
                -0.02231249072701278,
                -0.040741039570980256
            ],
            "quadrupole": [
                [
                    -0.46125990956140855,
                    -0.4622738854567066,
                    -0.003082445945311346
                ],
                [
                    -0.4622738854567066,
                    -0.006234950209149258,
                    -0.46522090386093373
                ],
                [
                    -0.003082445945311346,
                    -0.46522090386093373,
                    0.0032471721137284975
                ]
            ],
            "volume_eff": 2.56836743368874,
            "alpha_iso": 0.8196917341559808,
            "c6_ii": 0.21566985203869898,
            "c8_ii": 1.3263408896917193,
            "c10_ii": 11.257994495946221,
            "slater_b_init": 70.56358612398272
        },
        {
            "index": 23,
            "element": "H",
            "charge": 0.17690448427862648,
            "dipole": [
                -0.0167882911511525,
                0.04389403904082783,
                0.019314639063571795
            ],
            "quadrupole": [
                [
                    -0.4479578740789509,
                    -0.4511868536960111,
                    0.0012847801611637064
                ],
                [
                    -0.4511868536960111,
                    -0.0005047345271565985,
                    -0.44251322945431415
                ],
                [
                    0.0012847801611637064,
                    -0.44251322945431415,
                    0.0059898296572328475
                ]
            ],
            "volume_eff": 2.4446503918772735,
            "alpha_iso": 0.7802075718757256,
            "c6_ii": 0.1953928424137976,
            "c8_ii": 1.1627350719522502,
            "c10_ii": 9.549773016480849,
            "slater_b_init": 71.73439540512321
        },
        {
            "index": 24,
            "element": "H",
            "charge": 0.0853439484919074,
            "dipole": [
                -0.014390372092750644,
                0.031174989411854766,
                0.06191211884782893
            ],
            "quadrupole": [
                [
                    -0.5044204240923714,
                    -0.5142358014114234,
                    -0.006123655624023716
                ],
                [
                    -0.5142358014114234,
                    0.0019969741414522756,
                    -0.5200583855156159
                ],
                [
                    -0.006123655624023716,
                    -0.5200583855156159,
                    -0.001719936045214657
                ]
            ],
            "volume_eff": 2.847390303603512,
            "alpha_iso": 0.9087415862564401,
            "c6_ii": 0.26507522265911904,
            "c8_ii": 1.7462030857616901,
            "c10_ii": 15.876710390661279,
            "slater_b_init": 68.17901066437865
        },
        {
            "index": 25,
            "element": "H",
            "charge": 0.15448130691716888,
            "dipole": [
                -0.04241359842468463,
                0.00020001865474572844,
                0.012847950870360803
            ],
            "quadrupole": [
                [
                    -0.4887960266653025,
                    -0.4719991437084446,
                    -0.0005442804755553554
                ],
                [
                    -0.4719991437084446,
                    -0.0007911680985886333,
                    -0.4821427486640728
                ],
                [
                    -0.0005442804755553554,
                    -0.4821427486640728,
                    0.0009799334193065995
                ]
            ],
            "volume_eff": 2.70202942765485,
            "alpha_iso": 0.8623498173366544,
            "c6_ii": 0.23870157276511839,
            "c8_ii": 1.5184818741141444,
            "c10_ii": 13.332269958137768,
            "slater_b_init": 69.38032619218853
        },
        {
            "index": 26,
            "element": "H",
            "charge": 0.17226617120242527,
            "dipole": [
                0.03274700315160533,
                -0.014946589752346,
                0.032526528863545956
            ],
            "quadrupole": [
                [
                    -0.4608712366769394,
                    -0.4585393224397325,
                    0.0014451974522724093
                ],
                [
                    -0.4585393224397325,
                    0.004319048868692971,
                    -0.4626222956113693
                ],
                [
                    0.0014451974522724093,
                    -0.4626222956113693,
                    -0.0004038764401306878
                ]
            ],
            "volume_eff": 2.5549634999312985,
            "alpha_iso": 0.8154138829567974,
            "c6_ii": 0.21342462732698422,
            "c8_ii": 1.3079624632218863,
            "c10_ii": 11.063338086450658,
            "slater_b_init": 70.68676863048624
        },
        {
            "index": 27,
            "element": "H",
            "charge": 0.15064767300478032,
            "dipole": [
                0.010287188457568488,
                -0.017280386612893,
                -0.037598053157810785
            ],
            "quadrupole": [
                [
                    -0.4876749138302434,
                    -0.4807797555752627,
                    -0.007246780193859475
                ],
                [
                    -0.4807797555752627,
                    0.003444461518035722,
                    -0.49407291515179225
                ],
                [
                    -0.007246780193859475,
                    -0.49407291515179225,
                    -0.0013600885921313975
                ]
            ],
            "volume_eff": 2.7584021485829564,
            "alpha_iso": 0.8803411112498798,
            "c6_ii": 0.2487655836552284,
            "c8_ii": 1.6044380998105532,
            "c10_ii": 14.28222240425078,
            "slater_b_init": 68.904433748709
        },
        {
            "index": 28,
            "element": "H",
            "charge": 0.14742923895356685,
            "dipole": [
                0.019121317410208092,
                0.042679939874766114,
                -0.0001728744603247502
            ],
            "quadrupole": [
                [
                    -0.483774131448887,
                    -0.4904833792528789,
                    0.0015104538228076143
                ],
                [
                    -0.4904833792528789,
                    -0.0003918860267360219,
                    -0.4858580879200329
                ],
                [
                    0.0015104538228076143,
                    -0.4858580879200329,
                    0.006282256555792124
                ]
            ],
            "volume_eff": 2.7353193558385875,
            "alpha_iso": 0.872974262501677,
            "c6_ii": 0.24461957577467924,
            "c8_ii": 1.568884056999701,
            "c10_ii": 13.887710215084416,
            "slater_b_init": 69.09771448723015
        },
        {
            "index": 29,
            "element": "H",
            "charge": 0.15789898107849742,
            "dipole": [
                -0.043019465745447134,
                -0.0043466178762725785,
                0.014691517091541274
            ],
            "quadrupole": [
                [
                    -0.48272296338195325,
                    -0.4750116976747682,
                    -0.0040753743804518685
                ],
                [
                    -0.4750116976747682,
                    -0.002049391214113963,
                    -0.47202965273154196
                ],
                [
                    -0.0040753743804518685,
                    -0.47202965273154196,
                    0.0033681443966491337
                ]
            ],
            "volume_eff": 2.6693358038757466,
            "alpha_iso": 0.8519156820880043,
            "c6_ii": 0.23296010572931117,
            "c8_ii": 1.469979611461105,
            "c10_ii": 12.802100216639806,
            "slater_b_init": 69.66243085226377
        },
        {
            "index": 30,
            "element": "H",
            "charge": 0.1530235871156479,
            "dipole": [
                0.011292215487223999,
                -0.022460519212860346,
                -0.03625224253394425
            ],
            "quadrupole": [
                [
                    -0.4799380620820447,
                    -0.4828021166205412,
                    -0.006866873206411667
                ],
                [
                    -0.4828021166205412,
                    -0.004543383098269911,
                    -0.48871380160251154
                ],
                [
                    -0.006866873206411667,
                    -0.48871380160251154,
                    0.0036136995499638142
                ]
            ],
            "volume_eff": 2.7294304469533985,
            "alpha_iso": 0.8710948234957656,
            "c6_ii": 0.24356741950060612,
            "c8_ii": 1.559893080011111,
            "c10_ii": 13.788296791741107,
            "slater_b_init": 69.1473729365743
        }
    ]
}