{
    "molecule": "Est_277",
    "atoms": [
        {
            "index": 0,
            "element": "C",
            "charge": -0.4112617155080507,
            "dipole": [
                -0.06556869983091013,
                0.05538462752897768,
                -0.0008029291953344597
            ],
            "quadrupole": [
                [
                    -5.054475781641517,
                    -5.104576673905814,
                    0.00999485631211608
                ],
                [
                    -5.104576673905814,
                    0.04420072395711105,
                    -5.023194262086102
                ],
                [
                    0.00999485631211608,
                    -5.023194262086102,
                    0.0008467506975249734
                ]
            ],
            "volume_eff": 38.237102281436414,
            "alpha_iso": 12.011655166943374,
            "c6_ii": 46.69056575687068,
            "c8_ii": 1353.4993807545532,
            "c10_ii": 49158.81961115595,
            "slater_b_init": 34.988675919350264
        },
        {
            "index": 1,
            "element": "C",
            "charge": -0.168789539510513,
            "dipole": [
                -0.001718220785544974,
                -0.08659738927723305,
                0.004294892931105185
            ],
            "quadrupole": [
                [
                    -4.615795957761328,
                    -4.629970785379134,
                    0.03146865527513259
                ],
                [
                    -4.629970785379134,
                    0.011834965761658876,
                    -4.541210399630672
                ],
                [
                    0.03146865527513259,
                    -4.541210399630672,
                    0.03345294856903209
                ]
            ],
            "volume_eff": 33.906534078238145,
            "alpha_iso": 10.651267249708317,
            "c6_ii": 36.71351681632944,
            "c8_ii": 982.3219838670226,
            "c10_ii": 32930.33878429433,
            "slater_b_init": 36.41900132506996
        },
        {
            "index": 2,
            "element": "C",
            "charge": -0.17305705862717957,
            "dipole": [
                0.028811474395829584,
                -0.05920205651190009,
                -0.06996340704276678
            ],
            "quadrupole": [
                [
                    -4.637113062596627,
                    -4.580626836966034,
                    -0.026251005347581846
                ],
                [
                    -4.580626836966034,
                    -0.041692383016372576,
                    -4.617826296443262
                ],
                [
                    -0.026251005347581846,
                    -4.617826296443262,
                    0.03530326386817695
                ]
            ],
            "volume_eff": 34.12202170895522,
            "alpha_iso": 10.718959699148234,
            "c6_ii": 37.18165362284391,
            "c8_ii": 999.0582579167515,
            "c10_ii": 33633.13781005301,
            "slater_b_init": 36.34217486155114
        },
        {
            "index": 3,
            "element": "C",
            "charge": -0.4525639392240972,
            "dipole": [
                0.0795224445066374,
                0.0600747247254783,
                0.03763988855777422
            ],
            "quadrupole": [
                [
                    -5.087443611668113,
                    -5.067982519811287,
                    -0.04559981247786645
                ],
                [
                    -5.067982519811287,
                    -0.009967509041706835,
                    -5.098378061861277
                ],
                [
                    -0.04559981247786645,
                    -5.098378061861277,
                    0.027934055012889474
                ]
            ],
            "volume_eff": 38.34124582463108,
            "alpha_iso": 12.044370416114475,
            "c6_ii": 46.945247335963394,
            "c8_ii": 1363.3521738132247,
            "c10_ii": 49606.54017673414,
            "slater_b_init": 34.956968126508215
        },
        {
            "index": 4,
            "element": "C",
            "charge": 0.8240745425077112,
            "dipole": [
                -0.08271843311905704,
                0.020698259590606474,
                0.011824780072925903
            ],
            "quadrupole": [
                [
                    -3.1043823442079845,
                    -3.032688521669117,
                    0.10847074639403978
                ],
                [
                    -3.032688521669117,
                    -0.004016897477838001,
                    -2.9625511537337443
                ],
                [
                    0.10847074639403978,
                    -2.9625511537337443,
                    0.051790303694568954
                ]
            ],
            "volume_eff": 20.479773490379955,
            "alpha_iso": 6.433436698548676,
            "c6_ii": 13.393975148244811,
            "c8_ii": 256.0738305073106,
            "c10_ii": 6133.881291546677,
            "slater_b_init": 43.08381135776662
        },
        {
            "index": 5,
            "element": "O",
            "charge": -0.5915192229361068,
            "dipole": [
                -0.041720538883524456,
                -0.0796573214886885,
                0.06795508644573757
            ],
            "quadrupole": [
                [
                    -4.4302457090071945,
                    -4.363403823406753,
                    0.06389955579193571
                ],
                [
                    -4.363403823406753,
                    0.011445859335393264,
                    -4.326727841705885
                ],
                [
                    0.06389955579193571,
                    -4.326727841705885,
                    0.02943602097266958
                ]
            ],
            "volume_eff": 25.574274224247016,
            "alpha_iso": 7.629893967454911,
            "c6_ii": 31.143978000405877,
            "c8_ii": 1357.4580185716236,
            "c10_ii": 56975.52220941455,
            "slater_b_init": 32.97312759293454
        },
        {
            "index": 6,
            "element": "O",
            "charge": -0.4243808711686814,
            "dipole": [
                -0.08076359248745152,
                0.009808099863958466,
                0.013870824188503838
            ],
            "quadrupole": [
                [
                    -4.065730964431492,
                    -4.090776977567806,
                    0.008631444136624233
                ],
                [
                    -4.090776977567806,
                    -0.00915975217020545,
                    -4.091669407471371
                ],
                [
                    0.008631444136624233,
                    -4.091669407471371,
                    0.014559323547358198
                ]
            ],
            "volume_eff": 23.268186196318325,
            "alpha_iso": 6.941889804426462,
            "c6_ii": 25.78056966001649,
            "c8_ii": 1055.0773698166167,
            "c10_ii": 41580.11540311006,
            "slater_b_init": 34.02831195423755
        },
        {
            "index": 7,
            "element": "C",
            "charge": 0.4813373086062622,
            "dipole": [
                0.09637676776266091,
                -0.0025663271226885583,
                -0.013127900437506394
            ],
            "quadrupole": [
                [
                    -3.470902814229604,
                    -3.6113681486829434,
                    -0.007499830149318051
                ],
                [
                    -3.6113681486829434,
                    -0.005429663474967928,
                    -3.596514415693308
                ],
                [
                    -0.007499830149318051,
                    -3.596514415693308,
                    -0.02579194905468254
                ]
            ],
            "volume_eff": 24.956197859619284,
            "alpha_iso": 7.8396433066866855,
            "c6_ii": 19.889141211147255,
            "c8_ii": 433.8176870611113,
            "c10_ii": 11855.310625665772,
            "slater_b_init": 40.336327881763324
        },
        {
            "index": 8,
            "element": "C",
            "charge": -0.5681293018680229,
            "dipole": [
                0.005007002190987811,
                0.024703133358134226,
                0.01266709031497158
            ],
            "quadrupole": [
                [
                    -5.327701456340266,
                    -5.388318704996184,
                    -0.017096537836103872
                ],
                [
                    -5.388318704996184,
                    -0.03232824446903286,
                    -5.331440298250774
                ],
                [
                    -0.017096537836103872,
                    -5.331440298250774,
                    -0.02316081658460508
                ]
            ],
            "volume_eff": 40.907338282336084,
            "alpha_iso": 12.85047275884903,
            "c6_ii": 53.43940761019388,
            "c8_ii": 1620.446609801313,
            "c10_ii": 61563.35474006871,
            "slater_b_init": 34.210185145606225
        },
        {
            "index": 9,
            "element": "C",
            "charge": -0.5509229202121411,
            "dipole": [
                0.0011200315236734046,
                -0.0052402877052985805,
                -0.037947613197382726
            ],
            "quadrupole": [
                [
                    -5.276372281668566,
                    -5.287112143111857,
                    0.001068906349430301
                ],
                [
                    -5.287112143111857,
                    0.008115870380395946,
                    -5.345470181050617
                ],
                [
                    0.001068906349430301,
                    -5.345470181050617,
                    0.009414126181314155
                ]
            ],
            "volume_eff": 40.44524506069968,
            "alpha_iso": 12.705312584512988,
            "c6_ii": 52.2389132135457,
            "c8_ii": 1572.0923602919288,
            "c10_ii": 59275.66581939853,
            "slater_b_init": 34.33997765738827
        },
        {
            "index": 10,
            "element": "C",
            "charge": -0.5376794152174931,
            "dipole": [
                0.008890213787872905,
                -0.024099816578212554,
                0.017321256065664106
            ],
            "quadrupole": [
                [
                    -5.288976576931119,
                    -5.332939203167528,
                    0.028146001651919415
                ],
                [
                    -5.332939203167528,
                    0.01512267895832619,
                    -5.296964384363791
                ],
                [
                    0.028146001651919415,
                    -5.296964384363791,
                    -0.008710913869559373
                ]
            ],
            "volume_eff": 40.61810609019704,
            "alpha_iso": 12.759614478595926,
            "c6_ii": 52.68640064260831,
            "c8_ii": 1590.0736949339012,
            "c10_ii": 60124.35572428268,
            "slater_b_init": 34.291194120295096
        },
        {
            "index": 11,
            "element": "H",
            "charge": 0.13114478640813976,
            "dipole": [
                -0.006627762252626727,
                -0.01256317562266777,
                0.045385245022975494
            ],
            "quadrupole": [
                [
                    -0.5017414874038494,
                    -0.5034701046998014,
                    0.005863110719411537
                ],
                [
                    -0.5034701046998014,
                    -0.0053213930720731025,
                    -0.5120802639741763
                ],
                [
                    0.005863110719411537,
                    -0.5120802639741763,
                    -0.0009104425885527187
                ]
            ],
            "volume_eff": 2.880577419860253,
            "alpha_iso": 0.9193332191043362,
            "c6_ii": 0.2712902810057688,
            "c8_ii": 1.801004862545435,
            "c10_ii": 16.501966091133696,
            "slater_b_init": 67.91616866519867
        },
        {
            "index": 12,
            "element": "H",
            "charge": 0.12891718904977956,
            "dipole": [
                0.04066401757924309,
                0.026806021481236626,
                -0.010240145715717961
            ],
            "quadrupole": [
                [
                    -0.513906530359273,
                    -0.49972750000499083,
                    -0.0010035728972730008
                ],
                [
                    -0.49972750000499083,
                    -0.004080916278565027,
                    -0.508379116025724
                ],
                [
                    -0.0010035728972730008,
                    -0.508379116025724,
                    0.0016742099650450218
                ]
            ],
            "volume_eff": 2.885143847992969,
            "alpha_iso": 0.9207905897849901,
            "c6_ii": 0.2721510872364363,
            "c8_ii": 1.808628359585888,
            "c10_ii": 16.58932647667917,
            "slater_b_init": 67.88031856734945
        },
        {
            "index": 13,
            "element": "H",
            "charge": 0.12836882378734193,
            "dipole": [
                -0.018419624018382486,
                -0.02589299881700202,
                -0.035868347268116794
            ],
            "quadrupole": [
                [
                    -0.5017381671248499,
                    -0.5096633594636042,
                    -0.0047028650895957706
                ],
                [
                    -0.5096633594636042,
                    -0.007344123539409773,
                    -0.5090638445816362
                ],
                [
                    -0.0047028650895957706,
                    -0.5090638445816362,
                    0.0019937406856750895
                ]
            ],
            "volume_eff": 2.8833563388151386,
            "alpha_iso": 0.9202201081324911,
            "c6_ii": 0.2718139658357495,
            "c8_ii": 1.8056417763302965,
            "c10_ii": 16.555091158644668,
            "slater_b_init": 67.89434292102733
        },
        {
            "index": 14,
            "element": "H",
            "charge": 0.10501664713851588,
            "dipole": [
                0.018009184022062436,
                0.027392262352803502,
                0.04097995300694171
            ],
            "quadrupole": [
                [
                    -0.5112152598562548,
                    -0.5296604988628578,
                    -0.005412481017568787
                ],
                [
                    -0.5296604988628578,
                    -0.007000242280637451,
                    -0.5252021946660084
                ],
                [
                    -0.005412481017568787,
                    -0.5252021946660084,
                    -0.003241300365632346
                ]
            ],
            "volume_eff": 2.9720616998765035,
            "alpha_iso": 0.9485303297478203,
            "c6_ii": 0.28879573392270647,
            "c8_ii": 1.9575984069295844,
            "c10_ii": 18.314564129856922,
            "slater_b_init": 67.21204175322069
        },
        {
            "index": 15,
            "element": "H",
            "charge": 0.10477608401222693,
            "dipole": [
                -0.0019631906656120716,
                0.00814509953744655,
                -0.04937976264884316
            ],
            "quadrupole": [
                [
                    -0.5091900100338385,
                    -0.5245494126749264,
                    0.005177181510449082
                ],
                [
                    -0.5245494126749264,
                    -0.004050935098104138,
                    -0.5362875293646503
                ],
                [
                    0.005177181510449082,
                    -0.5362875293646503,
                    -0.003052493476385114
                ]
            ],
            "volume_eff": 2.9865087070215006,
            "alpha_iso": 0.9531410767089895,
            "c6_ii": 0.2916101940106083,
            "c8_ii": 1.9830766790673189,
            "c10_ii": 18.613003874372463,
            "slater_b_init": 67.10348882428394
        },
        {
            "index": 16,
            "element": "H",
            "charge": 0.11771700998600987,
            "dipole": [
                0.007109421827026724,
                -0.027235294997108923,
                0.04299749123875751
            ],
            "quadrupole": [
                [
                    -0.5014452170404817,
                    -0.507405820583453,
                    0.007600507554277378
                ],
                [
                    -0.507405820583453,
                    0.0069147233397831645,
                    -0.5178567838538806
                ],
                [
                    0.007600507554277378,
                    -0.5178567838538806,
                    0.002522583206692361
                ]
            ],
            "volume_eff": 2.8836427124065667,
            "alpha_iso": 0.9203115039595426,
            "c6_ii": 0.271867961386755,
            "c8_ii": 1.806120043884221,
            "c10_ii": 16.560572606564648,
            "slater_b_init": 67.89209532514191
        },
        {
            "index": 17,
            "element": "H",
            "charge": 0.11047042013723751,
            "dipole": [
                -0.02618491965824234,
                0.04518774647867249,
                -0.008535231522744316
            ],
            "quadrupole": [
                [
                    -0.5176330859650722,
                    -0.5199627279617725,
                    0.0013789309318194291
                ],
                [
                    -0.5199627279617725,
                    0.010940258462336424,
                    -0.5166880762611225
                ],
                [
                    0.0013789309318194291,
                    -0.5166880762611225,
                    0.003140061644130586
                ]
            ],
            "volume_eff": 2.951211648717061,
            "alpha_iso": 0.9418760581011898,
            "c6_ii": 0.2847579411040757,
            "c8_ii": 1.9211902048849538,
            "c10_ii": 17.88978158491348,
            "slater_b_init": 67.369952850081
        },
        {
            "index": 18,
            "element": "H",
            "charge": 0.1669525070473612,
            "dipole": [
                0.02428476740289035,
                -0.03785620600167808,
                0.0087431964273196
            ],
            "quadrupole": [
                [
                    -0.45777533798403436,
                    -0.4634026787992922,
                    0.001766677084020215
                ],
                [
                    -0.4634026787992922,
                    0.008574819733661265,
                    -0.4580898790469247
                ],
                [
                    0.001766677084020215,
                    -0.4580898790469247,
                    0.0035107377891473676
                ]
            ],
            "volume_eff": 2.5446531584890395,
            "alpha_iso": 0.8121233484539488,
            "c6_ii": 0.21170558840377043,
            "c8_ii": 1.293934625025618,
            "c10_ii": 10.915220209004705,
            "slater_b_init": 70.7821087507036
        },
        {
            "index": 19,
            "element": "H",
            "charge": 0.15767314016323164,
            "dipole": [
                0.0016661505750733294,
                0.02168427013154032,
                -0.038818719842136584
            ],
            "quadrupole": [
                [
                    -0.46742631361566894,
                    -0.4710139874328754,
                    0.007101385701324355
                ],
                [
                    -0.4710139874328754,
                    0.002821776119615219,
                    -0.4810116334788037
                ],
                [
                    0.007101385701324355,
                    -0.4810116334788037,
                    0.004072908149790977
                ]
            ],
            "volume_eff": 2.646078523694696,
            "alpha_iso": 0.8444931458600095,
            "c6_ii": 0.2289183396113323,
            "c8_ii": 1.4360735648150693,
            "c10_ii": 12.434059561935541,
            "slater_b_init": 69.86593136485156
        },
        {
            "index": 20,
            "element": "H",
            "charge": 0.16180967239164845,
            "dipole": [
                -0.04189125424985239,
                0.005086439210154431,
                0.0046497173575140004
            ],
            "quadrupole": [
                [
                    -0.4816000655581414,
                    -0.4663134796748123,
                    0.004136450857228508
                ],
                [
                    -0.4663134796748123,
                    0.002931059252710098,
                    -0.47220802887293917
                ],
                [
                    0.004136450857228508,
                    -0.47220802887293917,
                    0.0007593110499228581
                ]
            ],
            "volume_eff": 2.6507857348855532,
            "alpha_iso": 0.8459954473039,
            "c6_ii": 0.22973352738681574,
            "c8_ii": 1.4428961657960206,
            "c10_ii": 12.507944135075126,
            "slater_b_init": 69.82455136306685
        },
        {
            "index": 21,
            "element": "H",
            "charge": 0.15384842338491023,
            "dipole": [
                0.016364935736736284,
                -0.0035120154487255566,
                -0.03960929729255118
            ],
            "quadrupole": [
                [
                    -0.48234070660648104,
                    -0.477321265253937,
                    0.0011181552823493757
                ],
                [
                    -0.477321265253937,
                    0.004177590816524763,
                    -0.49197180861572204
                ],
                [
                    0.0011181552823493757,
                    -0.49197180861572204,
                    0.0018019424885687223
                ]
            ],
            "volume_eff": 2.729303900191912,
            "alpha_iso": 0.8710544362314613,
            "c6_ii": 0.24354483460297816,
            "c8_ii": 1.5597002272826672,
            "c10_ii": 13.786165980985725,
            "slater_b_init": 69.14844161454667
        },
        {
            "index": 22,
            "element": "H",
            "charge": 0.17549342863032313,
            "dipole": [
                0.01825224478084542,
                -0.035029971848077386,
                0.026708031693590067
            ],
            "quadrupole": [
                [
                    -0.4586276977646579,
                    -0.4586255390775558,
                    0.004303505673402537
                ],
                [
                    -0.4586255390775558,
                    0.0022971761163365595,
                    -0.4577707903854339
                ],
                [
                    0.004303505673402537,
                    -0.4577707903854339,
                    0.0011266015524321452
                ]
            ],
            "volume_eff": 2.5424704556741573,
            "alpha_iso": 0.8114267411726034,
            "c6_ii": 0.21134255880913294,
            "c8_ii": 1.2909770443891517,
            "c10_ii": 10.884042614740093,
            "slater_b_init": 70.80235836228552
        },
        {
            "index": 23,
            "element": "H",
            "charge": 0.17176580184381174,
            "dipole": [
                0.016961738191837602,
                -0.04100766282866649,
                0.019591959293777498
            ],
            "quadrupole": [
                [
                    -0.4640329963730385,
                    -0.465211819089514,
                    0.003829796867526352
                ],
                [
                    -0.465211819089514,
                    0.0001705923929455547,
                    -0.45942326644127873
                ],
                [
                    0.003829796867526352,
                    -0.45942326644127873,
                    -0.0006649422732406565
                ]
            ],
            "volume_eff": 2.575918471995315,
            "alpha_iso": 0.8221016399985048,
            "c6_ii": 0.21693986134190138,
            "c8_ii": 1.3367649479211199,
            "c10_ii": 11.36870232262733,
            "slater_b_init": 70.49456869182755
        },
        {
            "index": 24,
            "element": "H",
            "charge": 0.14908690185126372,
            "dipole": [
                0.025419302970174917,
                0.033217504782892184,
                0.012542132961703317
            ],
            "quadrupole": [
                [
                    -0.49141498674556067,
                    -0.49724613119949634,
                    -0.0030987809926416735
                ],
                [
                    -0.49724613119949634,
                    -0.0023234396061114406,
                    -0.48240040472548923
                ],
                [
                    -0.0030987809926416735,
                    -0.48240040472548923,
                    -0.003706539225458065
                ]
            ],
            "volume_eff": 2.7798397135055897,
            "alpha_iso": 0.887182887289018,
            "c6_ii": 0.2526472884316104,
            "c8_ii": 1.6379051940878748,
            "c10_ii": 14.655580787894124,
            "slater_b_init": 68.72685075581683
        },
        {
            "index": 25,
            "element": "H",
            "charge": 0.15890335414830292,
            "dipole": [
                -0.04223664884517673,
                0.004137022797013789,
                0.0032753001377755545
            ],
            "quadrupole": [
                [
                    -0.4841519673988348,
                    -0.47819479886108346,
                    0.0012171437044968198
                ],
                [
                    -0.47819479886108346,
                    0.00149669898421491,
                    -0.467880625928423
                ],
                [
                    0.0012171437044968198,
                    -0.467880625928423,
                    0.001091181121611027
                ]
            ],
            "volume_eff": 2.6756225548404213,
            "alpha_iso": 0.8539220919703473,
            "c6_ii": 0.23405872121025145,
            "c8_ii": 1.479229895419547,
            "c10_ii": 12.902880583543821,
            "slater_b_init": 69.60782750887346
        },
        {
            "index": 26,
            "element": "H",
            "charge": 0.1518709739974462,
            "dipole": [
                0.02381347143538676,
                0.03281677994260698,
                0.01723199122041048
            ],
            "quadrupole": [
                [
                    -0.4850011214473371,
                    -0.48822247642822547,
                    -0.0066282009757192015
                ],
                [
                    -0.48822247642822547,
                    -0.0051858936950736996,
                    -0.482433706575208
                ],
                [
                    -0.0066282009757192015,
                    -0.482433706575208,
                    0.0017298628040544489
                ]
            ],
            "volume_eff": 2.7405841983759744,
            "alpha_iso": 0.8746545313965876,
            "c6_ii": 0.24556215162478012,
            "c8_ii": 1.5769495935662106,
            "c10_ii": 13.977012323249497,
            "slater_b_init": 69.05343903803202
        },
        {
            "index": 27,
            "element": "H",
            "charge": 0.15965098074557882,
            "dipole": [
                -0.043126896511967404,
                0.0008255866262945792,
                0.006659983706163782
            ],
            "quadrupole": [
                [
                    -0.4830648450933453,
                    -0.4695123546777399,
                    -0.004790598090334246
                ],
                [
                    -0.4695123546777399,
                    -0.001284012903662207,
                    -0.4737115786211084
                ],
                [
                    -0.004790598090334246,
                    -0.4737115786211084,
                    0.001442262594800271
                ]
            ],
            "volume_eff": 2.6666218597499802,
            "alpha_iso": 0.8510495297074405,
            "c6_ii": 0.232486640153045,
            "c8_ii": 1.4659975340255433,
            "c10_ii": 12.75876485337002,
            "slater_b_init": 69.68605572958482
        },
        {
            "index": 28,
            "element": "H",
            "charge": 0.15224966647432314,
            "dipole": [
                0.013796850867678389,
                -0.0077427977822932805,
                -0.04149076473841369
            ],
            "quadrupole": [
                [
                    -0.4840535318444287,
                    -0.4769842367554787,
                    -0.0024098370049402025
                ],
                [
                    -0.4769842367554787,
                    -0.0032362089216175427,
                    -0.4928464684534138
                ],
                [
                    -0.0024098370049402025,
                    -0.4928464684534138,
                    0.002013006307031074
                ]
            ],
            "volume_eff": 2.7351261632326276,
            "alpha_iso": 0.8729126052870089,
            "c6_ii": 0.24458502257028128,
            "c8_ii": 1.5685885848973946,
            "c10_ii": 13.884440905356461,
            "slater_b_init": 69.09934132909437
        }
    ]
}