{
    "molecule": "Lact_1047",
    "atoms": [
        {
            "index": 0,
            "element": "C",
            "charge": -0.4221883311100907,
            "dipole": [
                -0.0637090838772886,
                -0.027701033484281788,
                0.03713017055313094
            ],
            "quadrupole": [
                [
                    -5.093137283511789,
                    -5.058276872189634,
                    0.019891933243562827
                ],
                [
                    -5.058276872189634,
                    -0.022623810315620416,
                    -5.099860574046509
                ],
                [
                    0.019891933243562827,
                    -5.099860574046509,
                    0.03534207480974367
                ]
            ],
            "volume_eff": 38.440377610363925,
            "alpha_iso": 12.075511291213797,
            "c6_ii": 47.188316244452835,
            "c8_ii": 1372.7723441203245,
            "c10_ii": 50035.35909953571,
            "slater_b_init": 34.92689272117293
        },
        {
            "index": 1,
            "element": "C",
            "charge": -0.1448587109645949,
            "dipole": [
                0.003130928365277577,
                0.011191956098520283,
                -0.07437273787930039
            ],
            "quadrupole": [
                [
                    -4.5380158125593155,
                    -4.49316735077172,
                    0.018904938756701573
                ],
                [
                    -4.49316735077172,
                    -0.028386211768831836,
                    -4.612640466476607
                ],
                [
                    0.018904938756701573,
                    -4.612640466476607,
                    -0.0011849236820861031
                ]
            ],
            "volume_eff": 33.46300979076343,
            "alpha_iso": 10.51194024840736,
            "c6_ii": 35.75931507521969,
            "c8_ii": 948.4289500909433,
            "c10_ii": 31516.274319035347,
            "slater_b_init": 36.5791968068054
        },
        {
            "index": 2,
            "element": "C",
            "charge": -0.30667351297585466,
            "dipole": [
                0.027257576044339746,
                0.01933347978626963,
                0.036588746144377675
            ],
            "quadrupole": [
                [
                    -4.801473015280362,
                    -4.787455823116548,
                    0.023435211252650877
                ],
                [
                    -4.787455823116548,
                    -0.026523335389999576,
                    -4.888685694089622
                ],
                [
                    0.023435211252650877,
                    -4.888685694089622,
                    -0.016165192687611064
                ]
            ],
            "volume_eff": 35.98052905473904,
            "alpha_iso": 11.3027839962531,
            "c6_ii": 41.34226635189939,
            "c8_ii": 1150.8310930224297,
            "c10_ii": 40136.85627246989,
            "slater_b_init": 35.70535184510349
        },
        {
            "index": 3,
            "element": "C",
            "charge": 0.21290315573339313,
            "dipole": [
                -0.06888652721621831,
                -0.008400800415641906,
                -0.08338571512989813
            ],
            "quadrupole": [
                [
                    -3.9606630264494114,
                    -3.9590035141196704,
                    0.02914964891550318
                ],
                [
                    -3.9590035141196704,
                    0.033423228087340724,
                    -3.9686440450916454
                ],
                [
                    0.02914964891550318,
                    -3.9686440450916454,
                    0.0883404619930026
                ]
            ],
            "volume_eff": 28.346291173356654,
            "alpha_iso": 8.9045940858712,
            "c6_ii": 25.659706151878943,
            "c8_ii": 609.286353474931,
            "c10_ii": 18126.1547445764,
            "slater_b_init": 38.65957577240777
        },
        {
            "index": 4,
            "element": "C",
            "charge": -0.2855913921534068,
            "dipole": [
                -0.036682784889117435,
                0.04135027919355987,
                -0.04728116770726999
            ],
            "quadrupole": [
                [
                    -4.728445895496401,
                    -4.7440214090879635,
                    -0.02346560376289651
                ],
                [
                    -4.7440214090879635,
                    0.03175133142903179,
                    -4.824301392790336
                ],
                [
                    -0.02346560376289651,
                    -4.824301392790336,
                    -0.02666834184502412
                ]
            ],
            "volume_eff": 35.30455425769519,
            "alpha_iso": 11.090435892469692,
            "c6_ii": 39.80344445888936,
            "c8_ii": 1094.0741435417033,
            "c10_ii": 37677.954072287066,
            "slater_b_init": 35.93179565007174
        },
        {
            "index": 5,
            "element": "C",
            "charge": -0.45701726928222186,
            "dipole": [
                0.04881572428199421,
                0.016779357202811047,
                0.07066723640835634
            ],
            "quadrupole": [
                [
                    -5.016581970403329,
                    -5.066939877518164,
                    -0.02638051238707542
                ],
                [
                    -5.066939877518164,
                    0.025710031768510413,
                    -5.035230921271018
                ],
                [
                    -0.02638051238707542,
                    -5.035230921271018,
                    -0.012138983940330124
                ]
            ],
            "volume_eff": 37.61121403540702,
            "alpha_iso": 11.815041058243043,
            "c6_ii": 45.17455622702327,
            "c8_ii": 1295.22257757179,
            "c10_ii": 46527.46350413106,
            "slater_b_init": 35.18169138483361
        },
        {
            "index": 6,
            "element": "C",
            "charge": 0.7910663567482992,
            "dipole": [
                0.021029771678141896,
                -0.08097206121119463,
                -0.03305650353459689
            ],
            "quadrupole": [
                [
                    -3.1083124455347475,
                    -3.123628752492062,
                    -0.10537914253455789
                ],
                [
                    -3.123628752492062,
                    0.02663249219144935,
                    -3.0761255202462867
                ],
                [
                    -0.10537914253455789,
                    -3.0761255202462867,
                    -0.09144089885274202
                ]
            ],
            "volume_eff": 21.11892392173198,
            "alpha_iso": 6.634216938763972,
            "c6_ii": 14.243042240285828,
            "c8_ii": 277.94331261405307,
            "c10_ii": 6795.542860738604,
            "slater_b_init": 42.644717007341406
        },
        {
            "index": 7,
            "element": "O",
            "charge": -0.5699697871123526,
            "dipole": [
                -0.09098986067084545,
                -0.0046745760276220615,
                -0.07361394905612015
            ],
            "quadrupole": [
                [
                    -4.341651648830831,
                    -4.39208023285309,
                    -0.08441293769560171
                ],
                [
                    -4.39208023285309,
                    0.03760839053218627,
                    -4.340507784812355
                ],
                [
                    -0.08441293769560171,
                    -4.340507784812355,
                    -0.032882177903962556
                ]
            ],
            "volume_eff": 25.499013516570002,
            "alpha_iso": 7.607440496656244,
            "c6_ii": 30.960944931364203,
            "c8_ii": 1346.8314153611902,
            "c10_ii": 56418.54122640095,
            "slater_b_init": 33.00553595044284
        },
        {
            "index": 8,
            "element": "O",
            "charge": -0.3939491799481285,
            "dipole": [
                0.05633570486726919,
                0.006176789721328952,
                0.027039523859384986
            ],
            "quadrupole": [
                [
                    -4.009222190559436,
                    -4.102964000406765,
                    -0.028879123061070797
                ],
                [
                    -4.102964000406765,
                    0.007967183668270877,
                    -4.066800834500699
                ],
                [
                    -0.028879123061070797,
                    -4.066800834500699,
                    0.01995995662228142
                ]
            ],
            "volume_eff": 23.14061858727979,
            "alpha_iso": 6.903830959740932,
            "c6_ii": 25.49866110982741,
            "c8_ii": 1039.7225533674666,
            "c10_ii": 40825.088621457864,
            "slater_b_init": 34.090726851621426
        },
        {
            "index": 9,
            "element": "H",
            "charge": 0.13232075617209005,
            "dipole": [
                -0.021307557245646768,
                0.03783665863709744,
                -0.0186337309225572
            ],
            "quadrupole": [
                [
                    -0.49682948329908705,
                    -0.5089151161922364,
                    0.00359734876464574
                ],
                [
                    -0.5089151161922364,
                    0.0027138324462295054,
                    -0.505641605899725
                ],
                [
                    0.00359734876464574,
                    -0.505641605899725,
                    -0.006799079127557403
                ]
            ],
            "volume_eff": 2.8647286651504564,
            "alpha_iso": 0.9142751058990819,
            "c6_ii": 0.26831324939427426,
            "c8_ii": 1.7747018276999036,
            "c10_ii": 16.20126140548824,
            "slater_b_init": 68.04118431942291
        },
        {
            "index": 10,
            "element": "H",
            "charge": 0.13277209876476637,
            "dipole": [
                0.03275115630840656,
                0.007723660551619665,
                0.03594050475628325
            ],
            "quadrupole": [
                [
                    -0.5053536871263552,
                    -0.5027361723857002,
                    -0.003203114622919284
                ],
                [
                    -0.5027361723857002,
                    -0.00024130414344124217,
                    -0.49728450556619924
                ],
                [
                    -0.003203114622919284,
                    -0.49728450556619924,
                    -0.006737196150654553
                ]
            ],
            "volume_eff": 2.842149180613045,
            "alpha_iso": 0.9070688874296953,
            "c6_ii": 0.2641002855569947,
            "c8_ii": 1.7376450434044242,
            "c10_ii": 15.779506476966144,
            "slater_b_init": 68.22089389338188
        },
        {
            "index": 11,
            "element": "H",
            "charge": 0.13408364175392484,
            "dipole": [
                0.006792520082367159,
                -0.03831900634995579,
                -0.027150602401623394
            ],
            "quadrupole": [
                [
                    -0.4978534202720375,
                    -0.5009241491985772,
                    -0.007278245730560261
                ],
                [
                    -0.5009241491985772,
                    0.005083179035675531,
                    -0.5059294200935122
                ],
                [
                    -0.007278245730560261,
                    -0.5059294200935122,
                    -0.0025785425938739176
                ]
            ],
            "volume_eff": 2.848191016362375,
            "alpha_iso": 0.9089971328816091,
            "c6_ii": 0.26522432687977315,
            "c8_ii": 1.7475128556389994,
            "c10_ii": 15.891597538178308,
            "slater_b_init": 68.17262100394574
        },
        {
            "index": 12,
            "element": "H",
            "charge": 0.09903615222493112,
            "dipole": [
                -0.010189164076820885,
                0.04472690195682917,
                0.023211902191709433
            ],
            "quadrupole": [
                [
                    -0.5161401299172561,
                    -0.5294337743224784,
                    -0.006508019717068606
                ],
                [
                    -0.5294337743224784,
                    0.007646362958504192,
                    -0.5362446810084749
                ],
                [
                    -0.006508019717068606,
                    -0.5362446810084749,
                    0.0035188738295484456
                ]
            ],
            "volume_eff": 3.005974201650537,
            "alpha_iso": 0.9593534686118735,
            "c6_ii": 0.2954239014960303,
            "c8_ii": 2.017731669661782,
            "c10_ii": 19.02047449586606,
            "slater_b_init": 66.95832986374289
        },
        {
            "index": 13,
            "element": "H",
            "charge": 0.10327128424656995,
            "dipole": [
                0.022488255733733257,
                -0.045426956760841214,
                0.012623052529592607
            ],
            "quadrupole": [
                [
                    -0.5118303560791577,
                    -0.5317167842446311,
                    0.007958703844636924
                ],
                [
                    -0.5317167842446311,
                    0.005133144388441858,
                    -0.529662294217493
                ],
                [
                    0.007958703844636924,
                    -0.529662294217493,
                    -0.0009797391379037475
                ]
            ],
            "volume_eff": 2.9916781160269283,
            "alpha_iso": 0.9547908880937006,
            "c6_ii": 0.2926205757982185,
            "c8_ii": 1.9922433486985704,
            "c10_ii": 18.720613006628184,
            "slater_b_init": 67.06481650774296
        },
        {
            "index": 14,
            "element": "H",
            "charge": 0.138355014103816,
            "dipole": [
                0.01638807931463046,
                -0.03444438009065815,
                -0.028472889204900473
            ],
            "quadrupole": [
                [
                    -0.480101420230172,
                    -0.4908449914294024,
                    -0.005791752070787073
                ],
                [
                    -0.4908449914294024,
                    0.006242539368770563,
                    -0.4977870791520977
                ],
                [
                    -0.005791752070787073,
                    -0.4977870791520977,
                    0.0026484294622489118
                ]
            ],
            "volume_eff": 2.7523635400617907,
            "alpha_iso": 0.8784138957644013,
            "c6_ii": 0.24767759603792355,
            "c8_ii": 1.5950888154806744,
            "c10_ii": 14.178267665442362,
            "slater_b_init": 68.95478840701729
        },
        {
            "index": 15,
            "element": "H",
            "charge": 0.13009149112239293,
            "dipole": [
                -0.0125284790409386,
                0.0397098139138757,
                -0.016854186044362743
            ],
            "quadrupole": [
                [
                    -0.48306877436457446,
                    -0.5038554933095041,
                    0.005828033142136012
                ],
                [
                    -0.5038554933095041,
                    0.007117441427107282,
                    -0.4994351260544049
                ],
                [
                    0.005828033142136012,
                    -0.4994351260544049,
                    -0.002338345553480898
                ]
            ],
            "volume_eff": 2.7862429776700517,
            "alpha_iso": 0.8892264822351229,
            "c6_ii": 0.25381255746190784,
            "c8_ii": 1.6479854703538739,
            "c10_ii": 14.768412241179949,
            "slater_b_init": 68.67416167608857
        },
        {
            "index": 16,
            "element": "H",
            "charge": 0.08810563015144757,
            "dipole": [
                0.020373320501336455,
                -0.04907306597437594,
                0.031025571317999552
            ],
            "quadrupole": [
                [
                    -0.5120594610590978,
                    -0.5254854455877481,
                    0.00923948081546953
                ],
                [
                    -0.5254854455877481,
                    0.009079200174752439,
                    -0.5141473221693296
                ],
                [
                    0.00923948081546953,
                    -0.5141473221693296,
                    0.00025410559936024966
                ]
            ],
            "volume_eff": 2.900030062851834,
            "alpha_iso": 0.9255415094207982,
            "c6_ii": 0.2749667188541255,
            "c8_ii": 1.8336203205213326,
            "c10_ii": 16.876362689149005,
            "slater_b_init": 67.76397322984845
        },
        {
            "index": 17,
            "element": "H",
            "charge": 0.13748326285845403,
            "dipole": [
                0.02657453779866426,
                0.038331599777650494,
                0.013892979506838696
            ],
            "quadrupole": [
                [
                    -0.4883125841511529,
                    -0.48817962579840735,
                    -0.0017248256129536344
                ],
                [
                    -0.48817962579840735,
                    -0.009453965369589198,
                    -0.4899563015015898
                ],
                [
                    -0.0017248256129536344,
                    -0.4899563015015898,
                    -0.0047837850634047715
                ]
            ],
            "volume_eff": 2.737307715765155,
            "alpha_iso": 0.8736088454569644,
            "c6_ii": 0.2449753430416902,
            "c8_ii": 1.571927110510131,
            "c10_ii": 13.921389637182433,
            "slater_b_init": 69.08097974628089
        },
        {
            "index": 18,
            "element": "H",
            "charge": 0.13020247063863244,
            "dipole": [
                -0.030955750973596437,
                -0.02769149918298912,
                0.02847097353523871
            ],
            "quadrupole": [
                [
                    -0.4893717746541107,
                    -0.49182934431189895,
                    0.00398739328084405
                ],
                [
                    -0.49182934431189895,
                    -0.005285742941044068,
                    -0.5001943718690565
                ],
                [
                    0.00398739328084405,
                    -0.5001943718690565,
                    0.004968530234175851
                ]
            ],
            "volume_eff": 2.76549817272467,
            "alpha_iso": 0.8826057998057457,
            "c6_ii": 0.25004713511258325,
            "c8_ii": 1.6154682076483444,
            "c10_ii": 14.40506104596887,
            "slater_b_init": 68.8454490389411
        },
        {
            "index": 19,
            "element": "H",
            "charge": 0.18447309091070907,
            "dipole": [
                -0.0363378486653562,
                0.004137026173070837,
                0.03026867327910192
            ],
            "quadrupole": [
                [
                    -0.4422471468666706,
                    -0.442741384488706,
                    -0.0017385187693609717
                ],
                [
                    -0.442741384488706,
                    0.0036427001264130623,
                    -0.4363585062065988
                ],
                [
                    -0.0017385187693609717,
                    -0.4363585062065988,
                    0.005572452640132193
                ]
            ],
            "volume_eff": 2.398768846203152,
            "alpha_iso": 0.7655645253839847,
            "c6_ii": 0.18812734698378453,
            "c8_ii": 1.1054484103859976,
            "c10_ii": 8.965307357249163,
            "slater_b_init": 72.18886754719895
        },
        {
            "index": 20,
            "element": "H",
            "charge": 0.1749811471435292,
            "dipole": [
                0.02113953589393982,
                0.03564850905881072,
                -0.019243847239894866
            ],
            "quadrupole": [
                [
                    -0.4520184590189354,
                    -0.45986847291488064,
                    0.001992941052218622
                ],
                [
                    -0.45986847291488064,
                    -0.0020636307994073657,
                    -0.45335221664414466
                ],
                [
                    0.001992941052218622,
                    -0.45335221664414466,
                    0.007256287339383919
                ]
            ],
            "volume_eff": 2.5115816987848496,
            "alpha_iso": 0.8015686272717605,
            "c6_ii": 0.20623850456647774,
            "c8_ii": 1.2495747458289836,
            "c10_ii": 10.449484905275401,
            "slater_b_init": 71.09143144346584
        }
    ]
}