{
    "molecule": "Est_376",
    "atoms": [
        {
            "index": 0,
            "element": "C",
            "charge": -0.21314876482008138,
            "dipole": [
                0.11337743506755114,
                -0.0011340391838023651,
                0.041124879299473574
            ],
            "quadrupole": [
                [
                    -4.860202447160577,
                    -4.534957107553507,
                    -0.04159548939770043
                ],
                [
                    -4.534957107553507,
                    0.015486750536204994,
                    -4.609822249177901
                ],
                [
                    -0.04159548939770043,
                    -4.609822249177901,
                    -0.11992453101842805
                ]
            ],
            "volume_eff": 34.18083146522495,
            "alpha_iso": 10.737433968133491,
            "c6_ii": 37.309930215647604,
            "c8_ii": 1003.656562365101,
            "c10_ii": 33826.75049689479,
            "slater_b_init": 36.32132007941898
        },
        {
            "index": 1,
            "element": "C",
            "charge": -0.1749305293144392,
            "dipole": [
                -0.0934680880811413,
                -0.00885082624938508,
                -0.05360120984049404
            ],
            "quadrupole": [
                [
                    -4.771142864540724,
                    -4.370273882743343,
                    0.010026495883157061
                ],
                [
                    -4.370273882743343,
                    -0.010952099501925864,
                    -4.434418182905318
                ],
                [
                    0.010026495883157061,
                    -4.434418182905318,
                    -0.17169164278637317
                ]
            ],
            "volume_eff": 32.841604029721864,
            "alpha_iso": 10.316734250174406,
            "c6_ii": 34.44355041968354,
            "c8_ii": 902.1867172604944,
            "c10_ii": 29607.340979295324,
            "slater_b_init": 36.808465432130824
        },
        {
            "index": 2,
            "element": "C",
            "charge": 0.8116497788397687,
            "dipole": [
                -0.06334314527082353,
                0.017468302362778458,
                0.007653516039591177
            ],
            "quadrupole": [
                [
                    -3.108795875309657,
                    -2.9474631284799506,
                    -0.09165970017799024
                ],
                [
                    -2.9474631284799506,
                    0.027469759732914822,
                    -3.0389142848703417
                ],
                [
                    -0.09165970017799024,
                    -3.0389142848703417,
                    -0.06269783913499102
                ]
            ],
            "volume_eff": 20.33479545228257,
            "alpha_iso": 6.387893859355781,
            "c6_ii": 13.205012214314033,
            "c8_ii": 251.26825435679538,
            "c10_ii": 5990.33206668576,
            "slater_b_init": 43.18595845096462
        },
        {
            "index": 3,
            "element": "O",
            "charge": -0.5456782412160237,
            "dipole": [
                -0.004788224619140581,
                -0.0701484423422743,
                -0.10086963551284128
            ],
            "quadrupole": [
                [
                    -4.3535308588736745,
                    -4.243786269011167,
                    -0.0566181490987479
                ],
                [
                    -4.243786269011167,
                    0.03313988939161632,
                    -4.287365827624151
                ],
                [
                    -0.0566181490987479,
                    -4.287365827624151,
                    -0.028725008852003475
                ]
            ],
            "volume_eff": 24.905438311627012,
            "alpha_iso": 7.430351761479882,
            "c6_ii": 29.536282094290257,
            "c8_ii": 1264.8394372974824,
            "c10_ii": 52158.435140802794,
            "slater_b_init": 33.26568871360245
        },
        {
            "index": 4,
            "element": "O",
            "charge": -0.41485068028988437,
            "dipole": [
                -0.04604722314211163,
                0.01826824587628687,
                0.03680854159808653
            ],
            "quadrupole": [
                [
                    -4.020273655887206,
                    -4.045189680487778,
                    -0.02310022047742555
                ],
                [
                    -4.045189680487778,
                    0.0021097158609528362,
                    -4.086665632257139
                ],
                [
                    -0.02310022047742555,
                    -4.086665632257139,
                    -0.012301755360971018
                ]
            ],
            "volume_eff": 22.955908817178614,
            "alpha_iso": 6.848724177500802,
            "c6_ii": 25.093222105896807,
            "c8_ii": 1017.7384980323677,
            "c10_ii": 39748.94066813025,
            "slater_b_init": 34.18191726663133
        },
        {
            "index": 5,
            "element": "C",
            "charge": 0.5139570397002888,
            "dipole": [
                0.03795624583815585,
                0.07681416270647502,
                0.1300337802708409
            ],
            "quadrupole": [
                [
                    -3.530504045451722,
                    -3.567976685459231,
                    0.05146478478615956
                ],
                [
                    -3.567976685459231,
                    -0.04789223471670548,
                    -3.570394778368725
                ],
                [
                    0.05146478478615956,
                    -3.570394778368725,
                    0.03407261358865368
                ]
            ],
            "volume_eff": 25.03219235323792,
            "alpha_iso": 7.863515922483117,
            "c6_ii": 20.010455084045695,
            "c8_ii": 437.349365091451,
            "c10_ii": 11976.07466325298,
            "slater_b_init": 40.29546788301382
        },
        {
            "index": 6,
            "element": "C",
            "charge": -0.6116878275540083,
            "dipole": [
                -0.0030324764988980866,
                -0.0005259606073134064,
                0.005803046832432429
            ],
            "quadrupole": [
                [
                    -5.34102465617699,
                    -5.3631288833264215,
                    0.01936190125231194
                ],
                [
                    -5.3631288833264215,
                    -0.01696030640313095,
                    -5.348851598379845
                ],
                [
                    0.01936190125231194,
                    -5.348851598379845,
                    0.026332550336245902
                ]
            ],
            "volume_eff": 40.5244663674624,
            "alpha_iso": 12.730198858888713,
            "c6_ii": 52.443757466578326,
            "c8_ii": 1580.317247258177,
            "c10_ii": 59663.567704285204,
            "slater_b_init": 34.317585978009426
        },
        {
            "index": 7,
            "element": "F",
            "charge": -0.24916310886586857,
            "dipole": [
                -0.0009701539896465876,
                -0.012145102812090166,
                0.0214647770404247
            ],
            "quadrupole": [
                [
                    -3.5579591351310023,
                    -3.543311799610636,
                    0.016821780278590277
                ],
                [
                    -3.543311799610636,
                    -0.031865244303094724,
                    -3.6063508601617316
                ],
                [
                    0.016821780278590277,
                    -3.6063508601617316,
                    -0.008524806123003006
                ]
            ],
            "volume_eff": 18.076795867007107,
            "alpha_iso": 5.677010272283224,
            "c6_ii": 21.20292475763766,
            "c8_ii": 933.3535869432851,
            "c10_ii": 38117.13744457096,
            "slater_b_init": 33.24080776737107
        },
        {
            "index": 8,
            "element": "H",
            "charge": 0.2614833849787098,
            "dipole": [
                0.05707177689868668,
                0.0011777395948220858,
                0.02419457151464693
            ],
            "quadrupole": [
                [
                    -0.35812464936627014,
                    -0.37078407295283794,
                    -0.0015550400216170946
                ],
                [
                    -0.37078407295283794,
                    0.0010547672858877818,
                    -0.3692635600059349
                ],
                [
                    -0.0015550400216170946,
                    -0.3692635600059349,
                    0.006025195209540481
                ]
            ],
            "volume_eff": 1.8931695510294304,
            "alpha_iso": 0.6042030482008821,
            "c6_ii": 0.11718017789921203,
            "c8_ii": 0.5880416788728962,
            "c10_ii": 4.072885674943505,
            "slater_b_init": 78.11537559212084
        },
        {
            "index": 9,
            "element": "H",
            "charge": 0.07208840694690721,
            "dipole": [
                -0.009910646604548077,
                0.00586551585809737,
                -0.08428266203035756
            ],
            "quadrupole": [
                [
                    -0.5152285411227675,
                    -0.5208276863034172,
                    0.0032712761349666182
                ],
                [
                    -0.5208276863034172,
                    0.0025674012044499136,
                    -0.5328172778969713
                ],
                [
                    0.0032712761349666182,
                    -0.5328172778969713,
                    0.005071040436476686
                ]
            ],
            "volume_eff": 2.9177451490527653,
            "alpha_iso": 0.931195260335989,
            "c6_ii": 0.2783362954898453,
            "c8_ii": 1.863641452464385,
            "c10_ii": 17.22245409601546,
            "slater_b_init": 67.62655177444786
        },
        {
            "index": 10,
            "element": "H",
            "charge": 0.1779061971922542,
            "dipole": [
                0.0008264339206543677,
                -0.0010425163323254571,
                0.04413038433662351
            ],
            "quadrupole": [
                [
                    -0.4553861045935523,
                    -0.4526549953260323,
                    -2.241609304140048e-05
                ],
                [
                    -0.4526549953260323,
                    0.004728189645351109,
                    -0.4634581111865392
                ],
                [
                    -2.241609304140048e-05,
                    -0.4634581111865392,
                    5.435283557317593e-05
                ]
            ],
            "volume_eff": 2.535722409034997,
            "alpha_iso": 0.8092731092664883,
            "c6_ii": 0.21022218641886528,
            "c8_ii": 1.2818601199537552,
            "c10_ii": 10.788048223757801,
            "slater_b_init": 70.86510897734962
        },
        {
            "index": 11,
            "element": "H",
            "charge": 0.18557218644950635,
            "dipole": [
                0.019455678325129205,
                -0.03814354724304799,
                -0.01609058230213781
            ],
            "quadrupole": [
                [
                    -0.4462570077194441,
                    -0.44795630163636024,
                    -0.002343291161853139
                ],
                [
                    -0.44795630163636024,
                    0.004136709023792873,
                    -0.4494086144509532
                ],
                [
                    -0.002343291161853139,
                    -0.4494086144509532,
                    -0.0003532534902552671
                ]
            ],
            "volume_eff": 2.4662849368029183,
            "alpha_iso": 0.7871122138732718,
            "c6_ii": 0.19886650083877241,
            "c8_ii": 1.190377604929845,
            "c10_ii": 9.834403389582075,
            "slater_b_init": 71.52402485152022
        },
        {
            "index": 12,
            "element": "H",
            "charge": 0.18123184559824734,
            "dipole": [
                -0.042699959726295755,
                0.004552931632031781,
                -0.012439940212048266
            ],
            "quadrupole": [
                [
                    -0.4565123175404656,
                    -0.44681378868781574,
                    -0.0037611195583542424
                ],
                [
                    -0.44681378868781574,
                    0.0018329201193091477,
                    -0.4515686537989244
                ],
                [
                    -0.0037611195583542424,
                    -0.4515686537989244,
                    -0.0024040093708561764
                ]
            ],
            "volume_eff": 2.490693932197549,
            "alpha_iso": 0.7949023187864519,
            "c6_ii": 0.20282237168782752,
            "c8_ii": 1.2220539540526991,
            "c10_ii": 10.162605318355437,
            "slater_b_init": 71.2896104025774
        }
    ]
}