{
    "molecule": "Phos_770",
    "atoms": [
        {
            "index": 0,
            "element": "N",
            "charge": -0.3716314579128053,
            "dipole": [
                0.0721976089300675,
                -0.07273678606526043,
                0.02892427031410988
            ],
            "quadrupole": [
                [
                    -4.635466040829692,
                    -4.604713741703782,
                    0.04924503026062503
                ],
                [
                    -4.604713741703782,
                    0.1929623149088179,
                    -4.484169660697857
                ],
                [
                    0.04924503026062503,
                    -4.484169660697857,
                    -0.07627308127350946
                ]
            ],
            "volume_eff": 29.788776273998486,
            "alpha_iso": 8.67861985935389,
            "c6_ii": 33.28535997897656,
            "c8_ii": 1162.5120106196061,
            "c10_ii": 44228.597530763385,
            "slater_b_init": 34.1373275096511
        },
        {
            "index": 1,
            "element": "C",
            "charge": 0.2936829961878935,
            "dipole": [
                -0.07144155230992258,
                0.03419937744884876,
                -0.010776333570961406
            ],
            "quadrupole": [
                [
                    -3.696838419591217,
                    -3.706889434505066,
                    0.05762196024007713
                ],
                [
                    -3.706889434505066,
                    0.1796010182414462,
                    -3.5750261563504857
                ],
                [
                    0.05762196024007713,
                    -3.5750261563504857,
                    -0.07133470543197318
                ]
            ],
            "volume_eff": 25.073027900946112,
            "alpha_iso": 7.8763438432291455,
            "c6_ii": 20.075795297872585,
            "c8_ii": 439.2545052773224,
            "c10_ii": 12041.321446195387,
            "slater_b_init": 40.273580064857725
        },
        {
            "index": 2,
            "element": "C",
            "charge": 0.005854352811494934,
            "dipole": [
                -0.12239711366016774,
                -0.11865892254061422,
                0.06724383693362616
            ],
            "quadrupole": [
                [
                    -4.219782505561445,
                    -4.248836132654044,
                    0.014466821474355872
                ],
                [
                    -4.248836132654044,
                    0.10493814310917049,
                    -4.217569835205805
                ],
                [
                    0.014466821474355872,
                    -4.217569835205805,
                    -0.04154154572403854
                ]
            ],
            "volume_eff": 30.177572620568117,
            "alpha_iso": 9.479865744681083,
            "c6_ii": 29.08223625994783,
            "c8_ii": 719.9841634546149,
            "c10_ii": 22332.253516084336,
            "slater_b_init": 37.861201981948014
        },
        {
            "index": 3,
            "element": "O",
            "charge": -0.5330516009303317,
            "dipole": [
                0.1696497923902814,
                -0.11559822228606781,
                0.0179665459858106
            ],
            "quadrupole": [
                [
                    -4.173758042847567,
                    -4.208536877752596,
                    0.022555479004056037
                ],
                [
                    -4.208536877752596,
                    0.027792495774026066,
                    -4.180251580495349
                ],
                [
                    0.022555479004056037,
                    -4.180251580495349,
                    -0.021584926186150395
                ]
            ],
            "volume_eff": 23.849320531987573,
            "alpha_iso": 7.1152668990460155,
            "c6_ii": 27.084415620599945,
            "c8_ii": 1126.8175129080962,
            "c10_ii": 45143.7144802566,
            "slater_b_init": 33.74964783797028
        },
        {
            "index": 4,
            "element": "P",
            "charge": 1.7319849315531677,
            "dipole": [
                0.00432274084732834,
                -0.04047763707718441,
                0.10713415302563399
            ],
            "quadrupole": [
                [
                    -6.271229410146858,
                    -6.2476593692630455,
                    -0.009903874160140302
                ],
                [
                    -6.2476593692630455,
                    0.009968825382010708,
                    -6.232879867064624
                ],
                [
                    -0.009903874160140302,
                    -6.232879867064624,
                    0.015366988247025285
                ]
            ],
            "volume_eff": 49.579260255434036,
            "alpha_iso": 19.068946252090015,
            "c6_ii": 107.63291450486894,
            "c8_ii": 3399.8717581936876,
            "c10_ii": 60820.06486112494,
            "slater_b_init": 36.11755791754357
        },
        {
            "index": 5,
            "element": "O",
            "charge": -0.8149136535787704,
            "dipole": [
                -0.00831934172661344,
                0.15971235691985425,
                -0.31312483184359247
            ],
            "quadrupole": [
                [
                    -4.679675504134613,
                    -4.674540011851795,
                    0.010864556409038429
                ],
                [
                    -4.674540011851795,
                    -0.0023689162509357995,
                    -4.706030359406467
                ],
                [
                    0.010864556409038429,
                    -4.706030359406467,
                    0.004181134426204398
                ]
            ],
            "volume_eff": 27.78590925021915,
            "alpha_iso": 8.289718781833336,
            "c6_ii": 36.7634850726109,
            "c8_ii": 1693.4921767790938,
            "c10_ii": 75120.6433612433,
            "slater_b_init": 32.073994079660096
        },
        {
            "index": 6,
            "element": "O",
            "charge": -0.47912838141096614,
            "dipole": [
                0.04782030170059885,
                0.07331902269319805,
                0.15721764974332147
            ],
            "quadrupole": [
                [
                    -4.0394453605779,
                    -4.037079366352566,
                    -0.02968912474086142
                ],
                [
                    -4.037079366352566,
                    0.0023558081314476193,
                    -4.085716111148318
                ],
                [
                    -0.02968912474086142,
                    -4.085716111148318,
                    -0.00736038581155363
                ]
            ],
            "volume_eff": 22.70044447389693,
            "alpha_iso": 6.772508296079747,
            "c6_ii": 24.53783094922209,
            "c8_ii": 987.8155432637872,
            "c10_ii": 38293.50549430197,
            "slater_b_init": 34.30966377451036
        },
        {
            "index": 7,
            "element": "C",
            "charge": 0.5994516362657318,
            "dipole": [
                0.17204293039766366,
                -0.1232654455064753,
                0.018913576998849792
            ],
            "quadrupole": [
                [
                    -3.267043144599358,
                    -3.301495115700712,
                    -0.05463265149580923
                ],
                [
                    -3.301495115700712,
                    0.0967190363918423,
                    -3.2143996295241184
                ],
                [
                    -0.05463265149580923,
                    -3.2143996295241184,
                    0.03920718993079274
                ]
            ],
            "volume_eff": 21.94413544956478,
            "alpha_iso": 6.893445690962757,
            "c6_ii": 15.377868450223545,
            "c8_ii": 307.8558434935582,
            "c10_ii": 7721.70349619609,
            "slater_b_init": 42.10331974239289
        },
        {
            "index": 8,
            "element": "N",
            "charge": -0.4743920606737628,
            "dipole": [
                -0.14448788665442938,
                0.1387658495377427,
                0.016196836247604544
            ],
            "quadrupole": [
                [
                    -4.762973483200386,
                    -4.752374248629112,
                    -0.017292143485961052
                ],
                [
                    -4.752374248629112,
                    0.17444354559994862,
                    -4.571760701452986
                ],
                [
                    -0.017292143485961052,
                    -4.571760701452986,
                    0.04251247849971338
                ]
            ],
            "volume_eff": 30.59380882425012,
            "alpha_iso": 8.913156901553187,
            "c6_ii": 35.108722717882856,
            "c8_ii": 1248.1874473349203,
            "c10_ii": 48339.94155409466,
            "slater_b_init": 33.83523704723303
        },
        {
            "index": 9,
            "element": "O",
            "charge": -0.5239572655769678,
            "dipole": [
                -0.1588107484260412,
                -0.1372928059231101,
                0.013878936732332264
            ],
            "quadrupole": [
                [
                    -4.167504358360011,
                    -4.17332334211816,
                    0.025294861676173497
                ],
                [
                    -4.17332334211816,
                    -0.022969331078957576,
                    -4.157428866223089
                ],
                [
                    0.025294861676173497,
                    -4.157428866223089,
                    0.030228251172930046
                ]
            ],
            "volume_eff": 23.661972825173933,
            "alpha_iso": 7.059373108062942,
            "c6_ii": 26.660565136829177,
            "c8_ii": 1103.3672695823655,
            "c10_ii": 43972.42596679372,
            "slater_b_init": 33.83848664833253
        },
        {
            "index": 10,
            "element": "C",
            "charge": 0.011564696683045383,
            "dipole": [
                0.003814465620899209,
                0.06523675131676236,
                0.17646244182382353
            ],
            "quadrupole": [
                [
                    -4.266396154243813,
                    -4.2326922552487245,
                    0.07236380127927569
                ],
                [
                    -4.2326922552487245,
                    -0.060153751290851196,
                    -4.154988848743838
                ],
                [
                    0.07236380127927569,
                    -4.154988848743838,
                    0.03367462906293748
                ]
            ],
            "volume_eff": 30.086895114832924,
            "alpha_iso": 9.451380664345422,
            "c6_ii": 28.907726355181193,
            "c8_ii": 714.2295145819578,
            "c10_ii": 22109.356907965466,
            "slater_b_init": 37.89919987767122
        },
        {
            "index": 11,
            "element": "C",
            "charge": 0.29754814698924914,
            "dipole": [
                0.049224167104731965,
                0.06265063199027064,
                0.0011264448309540704
            ],
            "quadrupole": [
                [
                    -3.700839932911505,
                    -3.6894495654928123,
                    0.09321896845089055
                ],
                [
                    -3.6894495654928123,
                    -0.15232871064804318,
                    -3.5620001329179902
                ],
                [
                    0.09321896845089055,
                    -3.5620001329179902,
                    0.08417405939136004
                ]
            ],
            "volume_eff": 24.99061800335731,
            "alpha_iso": 7.850455917285018,
            "c6_ii": 19.944042138127553,
            "c8_ii": 435.41507083865554,
            "c10_ii": 11909.902075504315,
            "slater_b_init": 40.3178006607572
        },
        {
            "index": 12,
            "element": "N",
            "charge": -0.3722853733395173,
            "dipole": [
                -0.07081930066281987,
                -0.06906052335467093,
                0.03765784956253935
            ],
            "quadrupole": [
                [
                    -4.632748710561228,
                    -4.634146504918647,
                    0.09105571877186334
                ],
                [
                    -4.634146504918647,
                    -0.1673672917955221,
                    -4.461232488875746
                ],
                [
                    0.09105571877186334,
                    -4.461232488875746,
                    0.07505041728004538
                ]
            ],
            "volume_eff": 29.79970758709654,
            "alpha_iso": 8.68180457261868,
            "c6_ii": 33.3097933056766,
            "c8_ii": 1163.6499487492076,
            "c10_ii": 44282.72123418768,
            "slater_b_init": 34.1331528439261
        },
        {
            "index": 13,
            "element": "H",
            "charge": 0.14794018113706664,
            "dipole": [
                0.007885818289234422,
                0.05689580522269949,
                0.03712756173823847
            ],
            "quadrupole": [
                [
                    -0.4501404406502766,
                    -0.4629492934566007,
                    -0.0009858162206614032
                ],
                [
                    -0.4629492934566007,
                    0.002544486105262546,
                    -0.46442492231478616
                ],
                [
                    -0.0009858162206614032,
                    -0.46442492231478616,
                    -0.005220365166571401
                ]
            ],
            "volume_eff": 2.4890787788145223,
            "alpha_iso": 0.7943868443025072,
            "c6_ii": 0.20255940640028755,
            "c8_ii": 1.2199418378854952,
            "c10_ii": 10.140654606124441,
            "slater_b_init": 71.30502691730696
        },
        {
            "index": 14,
            "element": "H",
            "charge": 0.16029619072879497,
            "dipole": [
                -0.004852525793041631,
                0.005099807931914087,
                -0.06933264888967744
            ],
            "quadrupole": [
                [
                    -0.441395482694114,
                    -0.45442655786839303,
                    -0.001281261526999922
                ],
                [
                    -0.45442655786839303,
                    0.005822483088641626,
                    -0.45472294750148384
                ],
                [
                    -0.001281261526999922,
                    -0.45472294750148384,
                    -0.002039175206944632
                ]
            ],
            "volume_eff": 2.4357527224044935,
            "alpha_iso": 0.7773678901290937,
            "c6_ii": 0.19397310804565093,
            "c8_ii": 1.151484079117419,
            "c10_ii": 9.43440478217214,
            "slater_b_init": 71.82163651689977
        },
        {
            "index": 15,
            "element": "H",
            "charge": 0.1620561531626108,
            "dipole": [
                -0.029928004369245174,
                0.0464599287429742,
                -0.0421164206244341
            ],
            "quadrupole": [
                [
                    -0.452453574675929,
                    -0.44376821298774927,
                    0.007168331136696977
                ],
                [
                    -0.44376821298774927,
                    0.002461794565462081,
                    -0.4439602673077234
                ],
                [
                    0.007168331136696977,
                    -0.4439602673077234,
                    0.0036152018093586966
                ]
            ],
            "volume_eff": 2.407930568799937,
            "alpha_iso": 0.7684884794042351,
            "c6_ii": 0.1895671372518873,
            "c8_ii": 1.1167431751522314,
            "c10_ii": 9.07995544415939,
            "slater_b_init": 72.09719616668433
        },
        {
            "index": 16,
            "element": "H",
            "charge": 0.14933739951119285,
            "dipole": [
                0.05630006188075996,
                -0.03328741311681246,
                -0.020968260897993894
            ],
            "quadrupole": [
                [
                    -0.46240795103955823,
                    -0.46020766356286225,
                    0.007308455142188602
                ],
                [
                    -0.46020766356286225,
                    0.004029195562198209,
                    -0.456542826540186
                ],
                [
                    0.007308455142188602,
                    -0.456542826540186,
                    0.0034129862303718538
                ]
            ],
            "volume_eff": 2.49719167268907,
            "alpha_iso": 0.796976065751831,
            "c6_ii": 0.2038820010359622,
            "c8_ii": 1.23057405602392,
            "c10_ii": 10.251248869806517,
            "slater_b_init": 71.22772438540235
        }
    ]
}