{
    "molecule": "CCarb_1036",
    "atoms": [
        {
            "index": 0,
            "element": "C",
            "charge": -0.08776157648033944,
            "dipole": [
                -0.054402681770382426,
                -0.1151269615389505,
                0.09951979591870563
            ],
            "quadrupole": [
                [
                    -4.51194581171092,
                    -4.494231714153651,
                    -0.05281170776146079
                ],
                [
                    -4.494231714153651,
                    0.037519876353988665,
                    -4.497562127277119
                ],
                [
                    -0.05281170776146079,
                    -4.497562127277119,
                    -0.010720085895585619
                ]
            ],
            "volume_eff": 33.173501819657815,
            "alpha_iso": 10.420995336018162,
            "c6_ii": 35.14324236644689,
            "c8_ii": 926.7053062525694,
            "c10_ii": 30616.52748375896,
            "slater_b_init": 36.68529866974963
        },
        {
            "index": 1,
            "element": "O",
            "charge": -0.3609811069898061,
            "dipole": [
                -0.03720965173760963,
                0.08503409394696558,
                -0.028583855511871495
            ],
            "quadrupole": [
                [
                    -4.015494902779256,
                    -4.101134818972526,
                    -0.029112570983779125
                ],
                [
                    -4.101134818972526,
                    0.0223051532815723,
                    -4.040203765842799
                ],
                [
                    -0.029112570983779125,
                    -4.040203765842799,
                    -0.07100231938967294
                ]
            ],
            "volume_eff": 23.132882840018958,
            "alpha_iso": 6.9015230572432245,
            "c6_ii": 25.48161591051762,
            "c8_ii": 1038.795952905421,
            "c10_ii": 40779.61455385786,
            "slater_b_init": 34.09452646244729
        },
        {
            "index": 2,
            "element": "C",
            "charge": 0.08518304781451747,
            "dipole": [
                0.06623331652514657,
                -0.05500098898518138,
                -0.107097510557942
            ],
            "quadrupole": [
                [
                    -4.163016172196919,
                    -4.178308696446279,
                    -0.008964066009343978
                ],
                [
                    -4.178308696446279,
                    -0.04010441489797705,
                    -4.232609699131593
                ],
                [
                    -0.008964066009343978,
                    -4.232609699131593,
                    -0.05401175005177294
                ]
            ],
            "volume_eff": 30.433615727615077,
            "alpha_iso": 9.560298134329342,
            "c6_ii": 29.577829162808108,
            "c8_ii": 736.3895346834158,
            "c10_ii": 22970.126091193237,
            "slater_b_init": 37.75472527439772
        },
        {
            "index": 3,
            "element": "C",
            "charge": -0.36284095505574676,
            "dipole": [
                0.005761928426516161,
                0.020685102679527476,
                0.031643509104432116
            ],
            "quadrupole": [
                [
                    -4.913515703048132,
                    -4.8614864684634025,
                    -0.015954661742932176
                ],
                [
                    -4.8614864684634025,
                    -0.019474178233133348,
                    -4.974341102173959
                ],
                [
                    -0.015954661742932176,
                    -4.974341102173959,
                    -0.02009261680851218
                ]
            ],
            "volume_eff": 36.79981578782461,
            "alpha_iso": 11.560151556384694,
            "c6_ii": 43.2464517132416,
            "c8_ii": 1222.0430906696827,
            "c10_ii": 43265.031006561076,
            "slater_b_init": 35.43838732145903
        },
        {
            "index": 4,
            "element": "C",
            "charge": 0.14004097494164647,
            "dipole": [
                0.06378569862970399,
                0.1257812056710093,
                -0.0024647185977285813
            ],
            "quadrupole": [
                [
                    -4.134752857880106,
                    -3.98200688853663,
                    0.016393569549661008
                ],
                [
                    -3.98200688853663,
                    0.016741029977082763,
                    -4.0813312135866955
                ],
                [
                    0.016393569549661008,
                    -4.0813312135866955,
                    0.015637243973855495
                ]
            ],
            "volume_eff": 29.221931649953106,
            "alpha_iso": 9.179664392655425,
            "c6_ii": 27.26949102541127,
            "c8_ii": 660.777513977967,
            "c10_ii": 20060.785719777174,
            "slater_b_init": 38.26950619917041
        },
        {
            "index": 5,
            "element": "O",
            "charge": -0.4111809581492025,
            "dipole": [
                0.07018423952796128,
                -0.05390591704242409,
                -0.022815142219878785
            ],
            "quadrupole": [
                [
                    -4.07572241281629,
                    -4.043569632631678,
                    0.021260372622735182
                ],
                [
                    -4.043569632631678,
                    -0.05905659142608422,
                    -4.080593366281588
                ],
                [
                    0.021260372622735182,
                    -4.080593366281588,
                    -0.01772566403089663
                ]
            ],
            "volume_eff": 23.15238562357421,
            "alpha_iso": 6.907341567254185,
            "c6_ii": 25.52459991141265,
            "c8_ii": 1041.1330184536039,
            "c10_ii": 40894.328394866665,
            "slater_b_init": 34.084950415938636
        },
        {
            "index": 6,
            "element": "C",
            "charge": 0.9660644020480014,
            "dipole": [
                0.010998063130017504,
                -0.03150904864123022,
                -0.013065833018396722
            ],
            "quadrupole": [
                [
                    -2.929996274065092,
                    -2.9678722657421557,
                    -0.06495786366984965
                ],
                [
                    -2.9678722657421557,
                    0.026431499208378104,
                    -2.8345113520444323
                ],
                [
                    -0.06495786366984965,
                    -2.8345113520444323,
                    0.01225365424363156
                ]
            ],
            "volume_eff": 19.722930746084437,
            "alpha_iso": 6.195685051126,
            "c6_ii": 12.422302205402586,
            "c8_ii": 231.6089477301141,
            "c10_ii": 5410.321039839053,
            "slater_b_init": 43.628004447056746
        },
        {
            "index": 7,
            "element": "O",
            "charge": -0.6059961995181773,
            "dipole": [
                -0.06127170641815224,
                0.14909745091975396,
                0.06392144899265848
            ],
            "quadrupole": [
                [
                    -4.4514984242474185,
                    -4.3937049719324675,
                    -0.038478925298256667
                ],
                [
                    -4.3937049719324675,
                    -0.012689211533853403,
                    -4.326509368594731
                ],
                [
                    -0.038478925298256667,
                    -4.326509368594731,
                    -0.011956847801240296
                ]
            ],
            "volume_eff": 25.68819289110279,
            "alpha_iso": 7.663880752041717,
            "c6_ii": 31.42205293661323,
            "c8_ii": 1373.6424493808513,
            "c10_ii": 57825.90447052088,
            "slater_b_init": 32.92431371363312
        },
        {
            "index": 8,
            "element": "O",
            "charge": -0.4107775760635519,
            "dipole": [
                -0.02166198866395837,
                -0.0650232434881402,
                -0.054288401409030955
            ],
            "quadrupole": [
                [
                    -4.11525865579214,
                    -4.040758500196565,
                    0.03262890976966861
                ],
                [
                    -4.040758500196565,
                    -0.007023008104052681,
                    -4.046554102018379
                ],
                [
                    0.03262890976966861,
                    -4.046554102018379,
                    -0.002389461294466521
                ]
            ],
            "volume_eff": 23.14226591374586,
            "alpha_iso": 6.904322427305394,
            "c6_ii": 25.50229161903289,
            "c8_ii": 1039.9199395155185,
            "c10_ii": 40834.776901014244,
            "slater_b_init": 34.08991794366407
        },
        {
            "index": 9,
            "element": "C",
            "charge": 0.14973785164898779,
            "dipole": [
                -0.09663114747601208,
                0.08274573591880212,
                -0.013125962408911281
            ],
            "quadrupole": [
                [
                    -3.9991371706436194,
                    -4.036140545375969,
                    0.033052544796429585
                ],
                [
                    -4.036140545375969,
                    -0.04347743660952811,
                    -4.120997124137001
                ],
                [
                    0.033052544796429585,
                    -4.120997124137001,
                    -0.07232679435015257
                ]
            ],
            "volume_eff": 29.066420286394575,
            "alpha_iso": 9.130812655411908,
            "c6_ii": 26.980021335191182,
            "c8_ii": 651.4417642156276,
            "c10_ii": 19707.129335660018,
            "slater_b_init": 38.337634768488556
        },
        {
            "index": 10,
            "element": "C",
            "charge": -0.516610873983117,
            "dipole": [
                -0.0066550065887624864,
                -0.0012613381144632744,
                0.04754827806490043
            ],
            "quadrupole": [
                [
                    -5.213637886212001,
                    -5.1906063638703435,
                    0.019357951059804892
                ],
                [
                    -5.1906063638703435,
                    -0.014355658401161321,
                    -5.237109356334415
                ],
                [
                    0.019357951059804892,
                    -5.237109356334415,
                    -0.010063695769301722
                ]
            ],
            "volume_eff": 39.45584327296672,
            "alpha_iso": 12.394505740198966,
            "c6_ii": 49.71435972598786,
            "c8_ii": 1471.617736769909,
            "c10_ii": 54578.63078925917,
            "slater_b_init": 34.62464973275489
        },
        {
            "index": 11,
            "element": "H",
            "charge": 0.07457106144699877,
            "dipole": [
                -0.04520026784539914,
                0.0038292753036158877,
                -0.03697306402604732
            ],
            "quadrupole": [
                [
                    -0.5554795717716106,
                    -0.5503089883805322,
                    -0.008059063629735241
                ],
                [
                    -0.5503089883805322,
                    0.011682943993916632,
                    -0.5560812708943631
                ],
                [
                    -0.008059063629735241,
                    -0.5560812708943631,
                    -0.009660050682030123
                ]
            ],
            "volume_eff": 3.2028393050135473,
            "alpha_iso": 1.0221827569192172,
            "c6_ii": 0.33538638644589214,
            "c8_ii": 2.3896253233949527,
            "c10_ii": 23.499268775170762,
            "slater_b_init": 65.55733829354334
        },
        {
            "index": 12,
            "element": "H",
            "charge": 0.11137741405865698,
            "dipole": [
                0.04764858335677861,
                -0.031226242443327598,
                -0.021475405258836126
            ],
            "quadrupole": [
                [
                    -0.513642742561881,
                    -0.5012230334142618,
                    -0.011228811403381247
                ],
                [
                    -0.5012230334142618,
                    0.004124651903184255,
                    -0.5068668071789214
                ],
                [
                    -0.011228811403381247,
                    -0.5068668071789214,
                    -0.004376189343821294
                ]
            ],
            "volume_eff": 2.8483283391742886,
            "alpha_iso": 0.9090409593109432,
            "c6_ii": 0.26524990257196246,
            "c8_ii": 1.747737543772303,
            "c10_ii": 15.894151675877653,
            "slater_b_init": 68.17152541320522
        },
        {
            "index": 13,
            "element": "H",
            "charge": 0.07982301448017581,
            "dipole": [
                0.019929304063353526,
                0.042886528010553274,
                0.03703445544019184
            ],
            "quadrupole": [
                [
                    -0.557615871869332,
                    -0.5555823059032178,
                    -0.014492610194910577
                ],
                [
                    -0.5555823059032178,
                    0.00626065207850386,
                    -0.5423746141227497
                ],
                [
                    -0.014492610194910577,
                    -0.5423746141227497,
                    -0.003848655646383899
                ]
            ],
            "volume_eff": 3.197595502367731,
            "alpha_iso": 1.0205092028833185,
            "c6_ii": 0.3342890723754099,
            "c8_ii": 2.3792065400037807,
            "c10_ii": 23.37126742676481,
            "slater_b_init": 65.59315499773066
        },
        {
            "index": 14,
            "element": "H",
            "charge": 0.08480393904363726,
            "dipole": [
                0.001836862563839937,
                -0.043389381718314586,
                0.043713781510943454
            ],
            "quadrupole": [
                [
                    -0.5195583169562844,
                    -0.5341477986419362,
                    0.00520103831206246
                ],
                [
                    -0.5341477986419362,
                    -0.004911921271935058,
                    -0.5403064817642418
                ],
                [
                    0.00520103831206246,
                    -0.5403064817642418,
                    -0.0018974385523493971
                ]
            ],
            "volume_eff": 3.0217101802480015,
            "alpha_iso": 0.9643755894408517,
            "c6_ii": 0.29852502734869313,
            "c8_ii": 2.0460216924349495,
            "c10_ii": 19.354407290878648,
            "slater_b_init": 66.8418958897037
        },
        {
            "index": 15,
            "element": "H",
            "charge": 0.08744396901794582,
            "dipole": [
                0.00488208422811219,
                0.06090763897866357,
                0.009184862836760871
            ],
            "quadrupole": [
                [
                    -0.5162152198344437,
                    -0.5449723295837418,
                    0.0013198406690080164
                ],
                [
                    -0.5449723295837418,
                    -0.00533249153711036,
                    -0.5349118702662393
                ],
                [
                    0.0013198406690080164,
                    -0.5349118702662393,
                    -0.004098304577333913
                ]
            ],
            "volume_eff": 3.03521805978194,
            "alpha_iso": 0.9686866148240234,
            "c6_ii": 0.3011999716199984,
            "c8_ii": 2.070502727664938,
            "c10_ii": 19.644312868256737,
            "slater_b_init": 66.74259110761022
        },
        {
            "index": 16,
            "element": "H",
            "charge": 0.15325349148153045,
            "dipole": [
                0.005577653801751715,
                -0.046359723817634396,
                -0.009159745248214283
            ],
            "quadrupole": [
                [
                    -0.46544851094869155,
                    -0.4840936860221819,
                    -0.0038337152123372868
                ],
                [
                    -0.4840936860221819,
                    -0.0016377054366808115,
                    -0.4786533443631236
                ],
                [
                    -0.0038337152123372868,
                    -0.4786533443631236,
                    -0.000865489882264466
                ]
            ],
            "volume_eff": 2.6597090818427715,
            "alpha_iso": 0.8488433239923739,
            "c6_ii": 0.23128283587465406,
            "c8_ii": 1.455885128651824,
            "c10_ii": 12.648847921129637,
            "slater_b_init": 69.7463765476123
        },
        {
            "index": 17,
            "element": "H",
            "charge": 0.14854024215200345,
            "dipole": [
                0.004287215653425906,
                0.03129532030339495,
                -0.03299242398946978
            ],
            "quadrupole": [
                [
                    -0.46586845041823394,
                    -0.4828604682028528,
                    0.0037971293072571253
                ],
                [
                    -0.4828604682028528,
                    -0.002510048805447901,
                    -0.4850708413303653
                ],
                [
                    0.0037971293072571253,
                    -0.4850708413303653,
                    -0.00016394802091641852
                ]
            ],
            "volume_eff": 2.6701383014321123,
            "alpha_iso": 0.8521717983293976,
            "c6_ii": 0.23310019901934503,
            "c8_ii": 1.4711583822027898,
            "c10_ii": 12.814933943547706,
            "slater_b_init": 69.6554512472511
        },
        {
            "index": 18,
            "element": "H",
            "charge": 0.09027669199957522,
            "dipole": [
                0.007853627702141716,
                -0.024178928449972034,
                0.05410477650900091
            ],
            "quadrupole": [
                [
                    -0.5144702112473467,
                    -0.5084586449798111,
                    0.010334849320934484
                ],
                [
                    -0.5084586449798111,
                    -0.00019209718735711088,
                    -0.5304685720192348
                ],
                [
                    0.010334849320934484,
                    -0.5304685720192348,
                    -0.005014669343391749
                ]
            ],
            "volume_eff": 2.913023076886393,
            "alpha_iso": 0.9296882160275723,
            "c6_ii": 0.277436106846096,
            "c8_ii": 1.8556093275054668,
            "c10_ii": 17.129720125186882,
            "slater_b_init": 67.66307340549506
        },
        {
            "index": 19,
            "element": "H",
            "charge": 0.10779518471018334,
            "dipole": [
                -0.023450365864418964,
                -0.05730491921959276,
                0.004773694898799075
            ],
            "quadrupole": [
                [
                    -0.49114868982227383,
                    -0.5034170111592549,
                    0.006258475702580747
                ],
                [
                    -0.5034170111592549,
                    -0.00911824480753548,
                    -0.490941942145001
                ],
                [
                    0.006258475702580747,
                    -0.490941942145001,
                    -0.0022792776418231377
                ]
            ],
            "volume_eff": 2.7384664249549853,
            "alpha_iso": 0.8739786462622293,
            "c6_ii": 0.24518278428618928,
            "c8_ii": 1.5737021382802054,
            "c10_ii": 13.941042536485645,
            "slater_b_init": 69.0712351123739
        },
        {
            "index": 20,
            "element": "H",
            "charge": 0.15811833769720218,
            "dipole": [
                0.026376764704534386,
                -0.03191323632927358,
                -0.021617916015279248
            ],
            "quadrupole": [
                [
                    -0.4816201518534841,
                    -0.47926730191904804,
                    -0.004437035279554485
                ],
                [
                    -0.47926730191904804,
                    -1.0055615394540649e-05,
                    -0.47036075862124566
                ],
                [
                    -0.004437035279554485,
                    -0.47036075862124566,
                    0.0036988708760270213
                ]
            ],
            "volume_eff": 2.674961290876145,
            "alpha_iso": 0.8537110502796208,
            "c6_ii": 0.23394304310626993,
            "c8_ii": 1.4782552088831973,
            "c10_ii": 12.892254084565122,
            "slater_b_init": 69.61356283867201
        },
        {
            "index": 21,
            "element": "H",
            "charge": 0.16869513138112202,
            "dipole": [
                -0.046845787894939143,
                -0.0016882755496750918,
                -0.009036803205592699
            ],
            "quadrupole": [
                [
                    -0.46726071097805266,
                    -0.4648023061744606,
                    -0.002362426299854359
                ],
                [
                    -0.4648023061744606,
                    0.0008100977106719126,
                    -0.45631818966288673
                ],
                [
                    -0.002362426299854359,
                    -0.45631818966288673,
                    -0.004082240687954078
                ]
            ],
            "volume_eff": 2.5631972271325227,
            "alpha_iso": 0.8180416682337839,
            "c6_ii": 0.2148024252485743,
            "c8_ii": 1.3192329161173115,
            "c10_ii": 11.182629396803069,
            "slater_b_init": 70.61099869251818
        },
        {
            "index": 22,
            "element": "H",
            "charge": 0.1611977095908328,
            "dipole": [
                0.010057607657843358,
                0.045441727483935476,
                -0.005923400813644362
            ],
            "quadrupole": [
                [
                    -0.477502152487003,
                    -0.47578357270825006,
                    0.0011804266897766254
                ],
                [
                    -0.47578357270825006,
                    -0.002401314418517017,
                    -0.46362883527670795
                ],
                [
                    0.0011804266897766254,
                    -0.46362883527670795,
                    0.0021930271967964183
                ]
            ],
            "volume_eff": 2.6378677247889857,
            "alpha_iso": 0.8418726781241443,
            "c6_ii": 0.22749987358604815,
            "c8_ii": 1.4242212162675467,
            "c10_ii": 12.305914617345639,
            "slater_b_init": 69.93834603216995
        }
    ]
}