{
    "molecule": "SL",
    "atoms": [
        {
            "index": 0,
            "element": "C",
            "charge": -0.1921820401728116,
            "dipole": [
                0.056664042164691515,
                0.0009324041508512862,
                0.046454733161178915
            ],
            "quadrupole": [
                [
                    -4.630511547299754,
                    -4.619105550794423,
                    0.0275293333933389
                ],
                [
                    -4.619105550794423,
                    0.0022898545309938947,
                    -4.616477007434235
                ],
                [
                    0.0275293333933389,
                    -4.616477007434235,
                    -0.06267721081232903
                ]
            ],
            "volume_eff": 34.025190399181376,
            "alpha_iso": 10.688541486653834,
            "c6_ii": 36.9709252126075,
            "c8_ii": 991.5157982185988,
            "c10_ii": 33316.04326439915,
            "slater_b_init": 36.37661725902532
        },
        {
            "index": 1,
            "element": "C",
            "charge": -0.1747028072088126,
            "dipole": [
                0.06892943391061955,
                0.028154250346259988,
                -0.01724265981618941
            ],
            "quadrupole": [
                [
                    -4.610912944459065,
                    -4.596549944145892,
                    0.03939706759344928
                ],
                [
                    -4.596549944145892,
                    -0.03495694106959089,
                    -4.537619970810617
                ],
                [
                    0.03939706759344928,
                    -4.537619970810617,
                    0.02004708127263199
                ]
            ],
            "volume_eff": 33.633833497778156,
            "alpha_iso": 10.565602145898897,
            "c6_ii": 36.12533895606062,
            "c8_ii": 961.3948406327586,
            "c10_ii": 32055.761877684916,
            "slater_b_init": 36.51716400619374
        },
        {
            "index": 2,
            "element": "C",
            "charge": -0.5019506650008161,
            "dipole": [
                -0.08767978536190317,
                -0.04529822165470263,
                -0.012631990058739969
            ],
            "quadrupole": [
                [
                    -5.143521348608473,
                    -5.196511298341022,
                    -0.041687204020626485
                ],
                [
                    -5.196511298341022,
                    -0.019108025347415684,
                    -5.104310406009799
                ],
                [
                    -0.041687204020626485,
                    -5.104310406009799,
                    0.0008987016447473634
                ]
            ],
            "volume_eff": 38.612243086979994,
            "alpha_iso": 12.129500446171726,
            "c6_ii": 47.61121387523258,
            "c8_ii": 1389.200353590135,
            "c10_ii": 50784.94376457063,
            "slater_b_init": 34.8749950600341
        },
        {
            "index": 3,
            "element": "S",
            "charge": 1.280203083821224,
            "dipole": [
                0.12271151494677017,
                0.03135287839367418,
                0.02866463599991319
            ],
            "quadrupole": [
                [
                    -7.366079295542769,
                    -7.382314359120433,
                    0.011605691175206321
                ],
                [
                    -7.382314359120433,
                    -0.007088477787102403,
                    -7.425296542365131
                ],
                [
                    0.011605691175206321,
                    -7.425296542365131,
                    0.015161774519973035
                ]
            ],
            "volume_eff": 56.085188550440876,
            "alpha_iso": 14.617948079636186,
            "c6_ii": 74.53589757366164,
            "c8_ii": 1829.816647358424,
            "c10_ii": 45145.63072698322,
            "slater_b_init": 37.49172899868938
        },
        {
            "index": 4,
            "element": "O",
            "charge": -0.6289385771492917,
            "dipole": [
                0.1249135006336256,
                0.05273664767237227,
                -0.13101231505789332
            ],
            "quadrupole": [
                [
                    -4.3802084725998744,
                    -4.3716061603670795,
                    -0.0010194105769361433
                ],
                [
                    -4.3716061603670795,
                    -0.008376237904978184,
                    -4.368938277736171
                ],
                [
                    -0.0010194105769361433,
                    -4.368938277736171,
                    0.02387545531623114
                ]
            ],
            "volume_eff": 25.338260440422797,
            "alpha_iso": 7.5594810153747565,
            "c6_ii": 30.571802135125417,
            "c8_ii": 1324.3080393706641,
            "c10_ii": 55241.641446250054,
            "slater_b_init": 33.075187672765736
        },
        {
            "index": 5,
            "element": "O",
            "charge": -0.6294326823948673,
            "dipole": [
                0.06453925665321238,
                -0.008476480606254276,
                0.1781842055091718
            ],
            "quadrupole": [
                [
                    -4.369018147045783,
                    -4.36386076480017,
                    -0.006471394013928886
                ],
                [
                    -4.36386076480017,
                    0.010449846873898787,
                    -4.391650435446388
                ],
                [
                    -0.006471394013928886,
                    -4.391650435446388,
                    -0.02113596891734421
                ]
            ],
            "volume_eff": 25.350308456420674,
            "alpha_iso": 7.5630754510868305,
            "c6_ii": 30.600882042173637,
            "c8_ii": 1325.9878818376121,
            "c10_ii": 55329.24565314255,
            "slater_b_init": 33.06994705887513
        },
        {
            "index": 6,
            "element": "C",
            "charge": -0.4847586467863536,
            "dipole": [
                -0.08783948729423129,
                -0.004082814423640996,
                -0.03469564246842992
            ],
            "quadrupole": [
                [
                    -5.119729719835505,
                    -5.115277425962838,
                    -0.02465815413224316
                ],
                [
                    -5.115277425962838,
                    0.028389389289166712,
                    -5.0643602569933766
                ],
                [
                    -0.02465815413224316,
                    -5.0643602569933766,
                    -0.016665107584497598
                ]
            ],
            "volume_eff": 38.106992674639834,
            "alpha_iso": 11.970783039153872,
            "c6_ii": 46.3733578485071,
            "c8_ii": 1341.2526860971254,
            "c10_ii": 48603.45308922549,
            "slater_b_init": 35.02845157269154
        },
        {
            "index": 7,
            "element": "H",
            "charge": 0.13239240855761847,
            "dipole": [
                0.019375413587024975,
                -0.00039049951283949303,
                -0.04876151056240687
            ],
            "quadrupole": [
                [
                    -0.48511398283476337,
                    -0.4775423466944762,
                    0.0015927308232007375
                ],
                [
                    -0.4775423466944762,
                    0.0028513702329928184,
                    -0.49837098547026165
                ],
                [
                    0.0015927308232007375,
                    -0.49837098547026165,
                    0.0020686030041500545
                ]
            ],
            "volume_eff": 2.710132087296666,
            "alpha_iso": 0.8649357725414892,
            "c6_ii": 0.2401353229156853,
            "c8_ii": 1.5306549550830146,
            "c10_ii": 13.466003122398213,
            "slater_b_init": 69.31111353260535
        },
        {
            "index": 8,
            "element": "H",
            "charge": 0.1308692815301047,
            "dipole": [
                -0.04783550546175578,
                0.01531410714388613,
                0.0190398927278035
            ],
            "quadrupole": [
                [
                    -0.49901409542246267,
                    -0.48413829464675345,
                    0.0017719621642201414
                ],
                [
                    -0.48413829464675345,
                    0.007403353085413887,
                    -0.49302925328961267
                ],
                [
                    0.0017719621642201414,
                    -0.49302925328961267,
                    0.0008879671663342744
                ]
            ],
            "volume_eff": 2.748092939186832,
            "alpha_iso": 0.8770509380383507,
            "c6_ii": 0.2469095931575645,
            "c8_ii": 1.5884974548458226,
            "c10_ii": 14.1050697405506,
            "slater_b_init": 68.99048903962256
        },
        {
            "index": 9,
            "element": "H",
            "charge": 0.1283326653495641,
            "dipole": [
                -0.022939463189053554,
                -0.03237118659118733,
                -0.03724113720865136
            ],
            "quadrupole": [
                [
                    -0.4917578156277684,
                    -0.4947123056449247,
                    -0.0033678180043244825
                ],
                [
                    -0.4947123056449247,
                    -0.009685914408959469,
                    -0.49761475070404987
                ],
                [
                    -0.0033678180043244825,
                    -0.49761475070404987,
                    -0.0010249134866948076
                ]
            ],
            "volume_eff": 2.7663753880871442,
            "alpha_iso": 0.8828857621554715,
            "c6_ii": 0.2502057900547907,
            "c8_ii": 1.6168350385600732,
            "c10_ii": 14.420297623011752,
            "slater_b_init": 68.83817132452747
        },
        {
            "index": 10,
            "element": "H",
            "charge": 0.12986891308151405,
            "dipole": [
                -0.006418551521609773,
                0.0036267223696365533,
                0.05254944041225682
            ],
            "quadrupole": [
                [
                    -0.48478885850754794,
                    -0.48449435696199217,
                    -8.320419298680568e-05
                ],
                [
                    -0.48449435696199217,
                    -0.0052228547622171365,
                    -0.4997241517332926
                ],
                [
                    -8.320419298680568e-05,
                    -0.4997241517332926,
                    0.004637253268132665
                ]
            ],
            "volume_eff": 2.728795326814858,
            "alpha_iso": 0.8708921255792101,
            "c6_ii": 0.24345407968262645,
            "c8_ii": 1.558925329972619,
            "c10_ii": 13.777604881209351,
            "slater_b_init": 69.15273714520598
        },
        {
            "index": 11,
            "element": "H",
            "charge": 0.20753092696540398,
            "dipole": [
                0.008853833155841666,
                -0.03256132589645724,
                0.03305314616420747
            ],
            "quadrupole": [
                [
                    -0.40936510135656456,
                    -0.4217713270394914,
                    0.0029944359463655278
                ],
                [
                    -0.4217713270394914,
                    0.0038008909288608627,
                    -0.4161811882652967
                ],
                [
                    0.0029944359463655278,
                    -0.4161811882652967,
                    0.00011374953155992814
                ]
            ],
            "volume_eff": 2.2266904306867623,
            "alpha_iso": 0.7106458821340731,
            "c6_ii": 0.1621044051190986,
            "c8_ii": 0.9064189862418501,
            "c10_ii": 6.995251382605862,
            "slater_b_init": 74.00250392673159
        },
        {
            "index": 12,
            "element": "H",
            "charge": 0.20210169582424342,
            "dipole": [
                0.007829283822811579,
                -0.005347609966173013,
                -0.044735367353068434
            ],
            "quadrupole": [
                [
                    -0.41431333687363525,
                    -0.42216695076673466,
                    -0.003014583955302379
                ],
                [
                    -0.42216695076673466,
                    0.0015022615756273496,
                    -0.42807306564108805
                ],
                [
                    -0.003014583955302379,
                    -0.42807306564108805,
                    0.0020257612194587715
                ]
            ],
            "volume_eff": 2.2708286105994637,
            "alpha_iso": 0.7247325352977012,
            "c6_ii": 0.16859467210734413,
            "c8_ii": 0.9551268037712066,
            "c10_ii": 7.46824186939224,
            "slater_b_init": 73.51990035597464
        },
        {
            "index": 13,
            "element": "H",
            "charge": 0.20437329403125348,
            "dipole": [
                0.007638823572950196,
                0.03707179984626338,
                -0.029309124690699715
            ],
            "quadrupole": [
                [
                    -0.41266284673094333,
                    -0.4265628981666296,
                    0.002591648267241974
                ],
                [
                    -0.4265628981666296,
                    0.0015103617998766692,
                    -0.4183499299687146
                ],
                [
                    0.002591648267241974,
                    -0.4183499299687146,
                    0.002102783882141167
                ]
            ],
            "volume_eff": 2.250368282817871,
            "alpha_iso": 0.718202643452512,
            "c6_ii": 0.1655702588100812,
            "c8_ii": 0.9323500712854857,
            "c10_ii": 7.246292225661868,
            "slater_b_init": 73.74204255828865
        },
        {
            "index": 14,
            "element": "H",
            "charge": 0.1987006082881997,
            "dipole": [
                -0.016530022589529278,
                0.0032792918912324994,
                0.04348748708207462
            ],
            "quadrupole": [
                [
                    -0.4208391827575311,
                    -0.4249627401048208,
                    -0.001348892442009609
                ],
                [
                    -0.4249627401048208,
                    0.003240219191229594,
                    -0.4297649069559235
                ],
                [
                    -0.001348892442009609,
                    -0.4297649069559235,
                    0.005924101287849645
                ]
            ],
            "volume_eff": 2.29571255873243,
            "alpha_iso": 0.7326742208720523,
            "c6_ii": 0.17230986866903936,
            "c8_ii": 0.983292605898158,
            "c10_ii": 7.744538630275556,
            "slater_b_init": 73.25329968414866
        }
    ]
}