{
    "molecule": "EGDMC",
    "atoms": [
        {
            "index": 0,
            "element": "C",
            "charge": -0.11278548662109067,
            "dipole": [
                -0.15039389755793117,
                0.021447074568248063,
                0.07747385936126985
            ],
            "quadrupole": [
                [
                    -4.4412327305566635,
                    -4.54187076088867,
                    -0.002055965343356665
                ],
                [
                    -4.54187076088867,
                    -0.02463039596348304,
                    -4.53165488711104
                ],
                [
                    -0.002055965343356665,
                    -4.53165488711104,
                    -0.08124323014478824
                ]
            ],
            "volume_eff": 32.98030488952915,
            "alpha_iso": 10.360305200899209,
            "c6_ii": 34.735097581106324,
            "c8_ii": 912.3831245005764,
            "c10_ii": 30026.203546125453,
            "slater_b_init": 36.75679277906933
        },
        {
            "index": 1,
            "element": "O",
            "charge": -0.40804762831128905,
            "dipole": [
                0.1101113452887996,
                0.008548261440686928,
                0.010805902834206868
            ],
            "quadrupole": [
                [
                    -4.022705286715402,
                    -4.071313214480867,
                    -0.013767468159998082
                ],
                [
                    -4.071313214480867,
                    0.0027054580654052676,
                    -4.107566263300554
                ],
                [
                    -0.013767468159998082,
                    -4.107566263300554,
                    -0.00036282833864255626
                ]
            ],
            "volume_eff": 23.12211635082915,
            "alpha_iso": 6.8983109554959885,
            "c6_ii": 25.457902160629942,
            "c8_ii": 1037.5071845152527,
            "c10_ii": 40716.38350588098,
            "slater_b_init": 34.09981752065311
        },
        {
            "index": 2,
            "element": "C",
            "charge": 0.9996829884057998,
            "dipole": [
                -0.005611919000249163,
                0.014270624535676322,
                0.039691123448815736
            ],
            "quadrupole": [
                [
                    -2.8731461740283604,
                    -2.761048826146398,
                    -0.05686653891993591
                ],
                [
                    -2.761048826146398,
                    -0.0069829917475692435,
                    -2.8951043537813197
                ],
                [
                    -0.05686653891993591,
                    -2.8951043537813197,
                    0.0025600351462919052
                ]
            ],
            "volume_eff": 19.087594830335313,
            "alpha_iso": 5.996103088063449,
            "c6_ii": 11.634871906313025,
            "c8_ii": 212.24364134035517,
            "c10_ii": 4850.8989670857,
            "slater_b_init": 44.10678771811008
        },
        {
            "index": 3,
            "element": "O",
            "charge": -0.6447375311222636,
            "dipole": [
                0.027690163026183448,
                -0.05567415937194169,
                -0.15451309743341146
            ],
            "quadrupole": [
                [
                    -4.492052037497861,
                    -4.391371074105589,
                    -0.02718379632822081
                ],
                [
                    -4.391371074105589,
                    -0.007741405773721281,
                    -4.45244264425283
                ],
                [
                    -0.02718379632822081,
                    -4.45244264425283,
                    -0.005074906406961778
                ]
            ],
            "volume_eff": 26.121284216896946,
            "alpha_iso": 7.793090318853232,
            "c6_ii": 32.49050770911323,
            "c8_ii": 1436.2706720509718,
            "c10_ii": 61140.03329996821,
            "slater_b_init": 32.74133681391557
        },
        {
            "index": 4,
            "element": "O",
            "charge": -0.41609707003593144,
            "dipole": [
                -0.1043561328186393,
                -0.009449498870678487,
                -0.009478721558019414
            ],
            "quadrupole": [
                [
                    -4.019843740798754,
                    -4.0913405712465,
                    -0.008144665265955375
                ],
                [
                    -4.0913405712465,
                    0.010956368164494315,
                    -4.116178641255901
                ],
                [
                    -0.008144665265955375,
                    -4.116178641255901,
                    0.020591887870967315
                ]
            ],
            "volume_eff": 23.206288242473754,
            "alpha_iso": 6.923423011566755,
            "c6_ii": 25.643589323547197,
            "c8_ii": 1047.6093829215415,
            "c10_ii": 41212.55405134882,
            "slater_b_init": 34.05853957961426
        },
        {
            "index": 5,
            "element": "C",
            "charge": 0.01313637852170757,
            "dipole": [
                0.08378178968370334,
                0.04636942212057135,
                0.11673077344714815
            ],
            "quadrupole": [
                [
                    -4.252668311514988,
                    -4.280786392860395,
                    0.0019223425819322722
                ],
                [
                    -4.280786392860395,
                    0.04171555495193588,
                    -4.298425774888425
                ],
                [
                    0.0019223425819322722,
                    -4.298425774888425,
                    0.11039151277142063
                ]
            ],
            "volume_eff": 31.022962694446065,
            "alpha_iso": 9.745433307155832,
            "c6_ii": 30.73447026417192,
            "c8_ii": 775.0329899196164,
            "c10_ii": 24486.63488797951,
            "slater_b_init": 37.514118141886755
        },
        {
            "index": 6,
            "element": "C",
            "charge": 0.013135918262986657,
            "dipole": [
                -0.08378166304377777,
                -0.04636973805483437,
                -0.11673066641352756
            ],
            "quadrupole": [
                [
                    -4.252669218378821,
                    -4.280787327976289,
                    0.0019223466089107943
                ],
                [
                    -4.280787327976289,
                    0.04171566428507534,
                    -4.298426932584584
                ],
                [
                    0.0019223466089107943,
                    -4.298426932584584,
                    0.11039179280708959
                ]
            ],
            "volume_eff": 31.022972059530847,
            "alpha_iso": 9.745436249067282,
            "c6_ii": 30.73448882016646,
            "c8_ii": 775.0336138231902,
            "c10_ii": 24486.659527738004,
            "slater_b_init": 37.514114367018124
        },
        {
            "index": 7,
            "element": "O",
            "charge": -0.41609681553453726,
            "dipole": [
                0.10435615391648102,
                0.0094493702926878,
                0.009478684826585494
            ],
            "quadrupole": [
                [
                    -4.0198435683948235,
                    -4.0913400903646435,
                    -0.008144690618771004
                ],
                [
                    -4.0913400903646435,
                    0.01095637498729016,
                    -4.116178130601986
                ],
                [
                    -0.008144690618771004,
                    -4.116178130601986,
                    0.02059205646965962
                ]
            ],
            "volume_eff": 23.206285316849684,
            "alpha_iso": 6.923422138728635,
            "c6_ii": 25.643582857756837,
            "c8_ii": 1047.6090307283919,
            "c10_ii": 41212.53673241913,
            "slater_b_init": 34.058541010871316
        },
        {
            "index": 8,
            "element": "C",
            "charge": 0.9996827358969913,
            "dipole": [
                0.0056119496758021215,
                -0.0142706817782367,
                -0.039691039938654776
            ],
            "quadrupole": [
                [
                    -2.873146886604133,
                    -2.761049567205935,
                    -0.05686661180195008
                ],
                [
                    -2.761049567205935,
                    -0.00698302747075642,
                    -2.8951049059111797
                ],
                [
                    -0.05686661180195008,
                    -2.8951049059111797,
                    0.0025601953305185122
                ]
            ],
            "volume_eff": 19.087601143177825,
            "alpha_iso": 5.996105071155338,
            "c6_ii": 11.63487960231944,
            "c8_ii": 212.24382852804618,
            "c10_ii": 4850.9043148824085,
            "slater_b_init": 44.106782855630094
        },
        {
            "index": 9,
            "element": "O",
            "charge": -0.6447374815620179,
            "dipole": [
                -0.02769054489601941,
                0.055673950790606316,
                0.15451309552923206
            ],
            "quadrupole": [
                [
                    -4.492052445801904,
                    -4.3913714842679745,
                    -0.027183696955107917
                ],
                [
                    -4.3913714842679745,
                    -0.007741514559046257,
                    -4.452442680391365
                ],
                [
                    -0.027183696955107917,
                    -4.452442680391365,
                    -0.005074979642132765
                ]
            ],
            "volume_eff": 26.121286883101952,
            "alpha_iso": 7.79309111429561,
            "c6_ii": 32.49051434173956,
            "c8_ii": 1436.2710629855421,
            "c10_ii": 61140.054101891124,
            "slater_b_init": 32.74133569994392
        },
        {
            "index": 10,
            "element": "O",
            "charge": -0.40804774937508625,
            "dipole": [
                -0.11011133348593194,
                -0.008548348688674,
                -0.01080593701426145
            ],
            "quadrupole": [
                [
                    -4.022705617345328,
                    -4.071313749892261,
                    -0.013767386248092069
                ],
                [
                    -4.071313749892261,
                    0.002705456733611523,
                    -4.107566643150163
                ],
                [
                    -0.013767386248092069,
                    -4.107566643150163,
                    -0.00036265358763659704
                ]
            ],
            "volume_eff": 23.122119995229514,
            "alpha_iso": 6.898312042775657,
            "c6_ii": 25.45791018574269,
            "c8_ii": 1037.5076205874534,
            "c10_ii": 40716.40489764115,
            "slater_b_init": 34.099815729101785
        },
        {
            "index": 11,
            "element": "C",
            "charge": -0.1127852681211623,
            "dipole": [
                0.15039415414053325,
                -0.021447228434065085,
                -0.07747361241018953
            ],
            "quadrupole": [
                [
                    -4.441232133768258,
                    -4.541870438934922,
                    -0.0020559332940515893
                ],
                [
                    -4.541870438934922,
                    -0.024630635069862742,
                    -4.531655053960239
                ],
                [
                    -0.0020559332940515893,
                    -4.531655053960239,
                    -0.08124298869740554
                ]
            ],
            "volume_eff": 32.98030343831087,
            "alpha_iso": 10.360304745019121,
            "c6_ii": 34.735094524239045,
            "c8_ii": 912.3830174413663,
            "c10_ii": 30026.199142024943,
            "slater_b_init": 36.756793318200494
        },
        {
            "index": 12,
            "element": "H",
            "charge": 0.11434850471186309,
            "dipole": [
                0.006613834926110205,
                -0.06068597769699852,
                -0.012239197230953376
            ],
            "quadrupole": [
                [
                    -0.4957657770027157,
                    -0.513266926275595,
                    -0.0014095515694729503
                ],
                [
                    -0.513266926275595,
                    0.0022923945130005436,
                    -0.515962129671499
                ],
                [
                    -0.0014095515694729503,
                    -0.515962129671499,
                    -0.010752663831857598
                ]
            ],
            "volume_eff": 2.866888390890002,
            "alpha_iso": 0.9149643800712773,
            "c6_ii": 0.26871796588616836,
            "c8_ii": 1.7782719413841042,
            "c10_ii": 16.242011125590263,
            "slater_b_init": 68.02409410482548
        },
        {
            "index": 13,
            "element": "H",
            "charge": 0.11883795390991736,
            "dipole": [
                0.03575210088558285,
                0.018787852325321857,
                0.04651067419532372
            ],
            "quadrupole": [
                [
                    -0.4845247060452563,
                    -0.507593771118047,
                    0.002696364956860176
                ],
                [
                    -0.507593771118047,
                    -0.0024230639534193617,
                    -0.5002826714073442
                ],
                [
                    0.002696364956860176,
                    -0.5002826714073442,
                    -0.010524329817625954
                ]
            ],
            "volume_eff": 2.7730841512126028,
            "alpha_iso": 0.8850268567699796,
            "c6_ii": 0.25142081441120867,
            "c8_ii": 1.6273121859387212,
            "c10_ii": 14.537197121492365,
            "slater_b_init": 68.78261442122329
        },
        {
            "index": 14,
            "element": "H",
            "charge": 0.1138592793780332,
            "dipole": [
                0.001546206406193272,
                0.03925661543140216,
                -0.04899437694418473
            ],
            "quadrupole": [
                [
                    -0.49517452603363404,
                    -0.5156363343022098,
                    -0.0011073621866228734
                ],
                [
                    -0.5156363343022098,
                    -0.007248454836657046,
                    -0.516347352521404
                ],
                [
                    -0.0011073621866228734,
                    -0.516347352521404,
                    -0.007267681890229543
                ]
            ],
            "volume_eff": 2.8723857747927313,
            "alpha_iso": 0.9167188642955526,
            "c6_ii": 0.2697495108646731,
            "c8_ii": 1.787379582566625,
            "c10_ii": 16.346059463138566,
            "slater_b_init": 67.98066987951464
        },
        {
            "index": 15,
            "element": "H",
            "charge": 0.11079853139585438,
            "dipole": [
                -0.003952399440298257,
                0.04000826621692932,
                -0.048932114901361394
            ],
            "quadrupole": [
                [
                    -0.4947175065135551,
                    -0.5083440857195111,
                    0.003710948232431767
                ],
                [
                    -0.5083440857195111,
                    0.004951097630914162,
                    -0.5114138455783881
                ],
                [
                    0.003710948232431767,
                    -0.5114138455783881,
                    0.00712083510992021
                ]
            ],
            "volume_eff": 2.833271960378824,
            "alpha_iso": 0.9042357320357949,
            "c6_ii": 0.26245307081911184,
            "c8_ii": 1.7232096430476394,
            "c10_ii": 15.615817650149419,
            "slater_b_init": 68.29206961116786
        },
        {
            "index": 16,
            "element": "H",
            "charge": 0.11019224915605008,
            "dipole": [
                0.0012834989384714196,
                -0.06291744360889404,
                -0.011623329850872069
            ],
            "quadrupole": [
                [
                    -0.4954244489038015,
                    -0.5144300326483437,
                    -0.0018016103195533898
                ],
                [
                    -0.5144300326483437,
                    0.002298764424256355,
                    -0.5077420797986201
                ],
                [
                    -0.0018016103195533898,
                    -0.5077420797986201,
                    0.008379027682768795
                ]
            ],
            "volume_eff": 2.8420350740454086,
            "alpha_iso": 0.9070324704400241,
            "c6_ii": 0.26407907979315876,
            "c8_ii": 1.7374590150946656,
            "c10_ii": 15.77739485781944,
            "slater_b_init": 68.22180689500007
        },
        {
            "index": 17,
            "element": "H",
            "charge": 0.11019232252429667,
            "dipole": [
                -0.0012834716407096726,
                0.06291752518036271,
                0.011623072687410398
            ],
            "quadrupole": [
                [
                    -0.49542458188488425,
                    -0.5144301214302803,
                    -0.0018016455847781466
                ],
                [
                    -0.5144301214302803,
                    0.0022987722962934604,
                    -0.5077422043152504
                ],
                [
                    -0.0018016455847781466,
                    -0.5077422043152504,
                    0.008379040973534051
                ]
            ],
            "volume_eff": 2.8420361693695164,
            "alpha_iso": 0.9070328200115478,
            "c6_ii": 0.26407928334605707,
            "c8_ii": 1.7374608007459629,
            "c10_ii": 15.777415126591949,
            "slater_b_init": 68.22179813074388
        },
        {
            "index": 18,
            "element": "H",
            "charge": 0.11079892336457697,
            "dipole": [
                0.003952490421871869,
                -0.0400082109893751,
                0.04893214614486189
            ],
            "quadrupole": [
                [
                    -0.49471684740567373,
                    -0.5083433740294685,
                    0.0037109220953100573
                ],
                [
                    -0.5083433740294685,
                    0.00495109277448952,
                    -0.5114131272585307
                ],
                [
                    0.0037109220953100573,
                    -0.5114131272585307,
                    0.007120840012820948
                ]
            ],
            "volume_eff": 2.8332665935122776,
            "alpha_iso": 0.9042340192060461,
            "c6_ii": 0.26245207652750024,
            "c8_ii": 1.72320093865054,
            "c10_ii": 15.615719050573489,
            "slater_b_init": 68.29211273150032
        },
        {
            "index": 19,
            "element": "H",
            "charge": 0.11883784259351315,
            "dipole": [
                -0.03575207333243006,
                -0.018787867697121936,
                -0.04651070135075427
            ],
            "quadrupole": [
                [
                    -0.4845248365491009,
                    -0.5075939254840576,
                    0.0026963821209765025
                ],
                [
                    -0.5075939254840576,
                    -0.002423105790191274,
                    -0.500282902874514
                ],
                [
                    0.0026963821209765025,
                    -0.500282902874514,
                    -0.010524299329036868
                ]
            ],
            "volume_eff": 2.773085446738871,
            "alpha_iso": 0.8850272702358098,
            "c6_ii": 0.251421049328238,
            "c8_ii": 1.6273142132617437,
            "c10_ii": 14.537219759741541,
            "slater_b_init": 68.7826037099657
        },
        {
            "index": 20,
            "element": "H",
            "charge": 0.1143485094376987,
            "dipole": [
                -0.006613894750212481,
                0.06068596912493939,
                0.012239150792092486
            ],
            "quadrupole": [
                [
                    -0.4957656235825869,
                    -0.5132668152282549,
                    -0.0014095351277649416
                ],
                [
                    -0.5132668152282549,
                    0.002292363915589655,
                    -0.5159620686581209
                ],
                [
                    -0.0014095351277649416,
                    -0.5159620686581209,
                    -0.010752619371013893
                ]
            ],
            "volume_eff": 2.8668874857276143,
            "alpha_iso": 0.9149640911896642,
            "c6_ii": 0.26871779620160163,
            "c8_ii": 1.7782704441748343,
            "c10_ii": 16.241994031968012,
            "slater_b_init": 68.02410126390714
        },
        {
            "index": 21,
            "element": "H",
            "charge": 0.11385910960965351,
            "dipole": [
                -0.0015462319726303837,
                -0.039256675852157814,
                0.048994352788253884
            ],
            "quadrupole": [
                [
                    -0.49517480922276214,
                    -0.5156366204633431,
                    -0.0011073659549198913
                ],
                [
                    -0.5156366204633431,
                    -0.007248479869475552,
                    -0.5163477094857983
                ],
                [
                    -0.0011073659549198913,
                    -0.5163477094857983,
                    -0.007267635099734982
                ]
            ],
            "volume_eff": 2.8723881672850364,
            "alpha_iso": 0.9167196278569265,
            "c6_ii": 0.2697499602290332,
            "c8_ii": 1.7873835525949813,
            "c10_ii": 16.346104846851567,
            "slater_b_init": 67.98065100517671
        }
    ]
}