{
    "molecule": "Phos_822",
    "atoms": [
        {
            "index": 0,
            "element": "C",
            "charge": -0.3928797796383918,
            "dipole": [
                -0.04250084509523817,
                0.022487282306523537,
                -0.013511151032558982
            ],
            "quadrupole": [
                [
                    -5.196568454821651,
                    -5.102015436898357,
                    0.06678270884344815
                ],
                [
                    -5.102015436898357,
                    0.0230839490732974,
                    -5.055285133263957
                ],
                [
                    0.06678270884344815,
                    -5.055285133263957,
                    -0.04686690509819958
                ]
            ],
            "volume_eff": 38.91116843024512,
            "alpha_iso": 12.223403695364958,
            "c6_ii": 48.35125320926081,
            "c8_ii": 1418.0651788598273,
            "c10_ii": 52107.36481835307,
            "slater_b_init": 34.78545923878354
        },
        {
            "index": 1,
            "element": "C",
            "charge": -0.147603728488078,
            "dipole": [
                0.028739073049384254,
                -0.053606365069540585,
                0.022329549983658353
            ],
            "quadrupole": [
                [
                    -4.670638233723014,
                    -4.579453561171256,
                    0.11548111459305944
                ],
                [
                    -4.579453561171256,
                    0.004085707443621774,
                    -4.5644762639312635
                ],
                [
                    0.11548111459305944,
                    -4.5644762639312635,
                    -0.04761749101209293
                ]
            ],
            "volume_eff": 34.10383874279115,
            "alpha_iso": 10.713247772604548,
            "c6_ii": 37.14203741121029,
            "c8_ii": 997.6392113546318,
            "c10_ii": 33573.43344426519,
            "slater_b_init": 36.348632503418024
        },
        {
            "index": 2,
            "element": "C",
            "charge": 0.1012696074418109,
            "dipole": [
                0.09376549025745291,
                -0.0696138834347251,
                -0.11321466657407013
            ],
            "quadrupole": [
                [
                    -4.082614124394625,
                    -4.147057039779058,
                    0.08491317085068978
                ],
                [
                    -4.147057039779058,
                    -0.05190307028020723,
                    -4.162048810990301
                ],
                [
                    0.08491317085068978,
                    -4.162048810990301,
                    -0.007633506621929594
                ]
            ],
            "volume_eff": 29.748359508405237,
            "alpha_iso": 9.345034400546147,
            "c6_ii": 28.26085087741955,
            "c8_ii": 692.9993982453575,
            "c10_ii": 21290.945158286228,
            "slater_b_init": 38.04242194635224
        },
        {
            "index": 3,
            "element": "O",
            "charge": -0.5823956914843507,
            "dipole": [
                -0.00937256259337985,
                0.1909366475317277,
                -0.06941656819025475
            ],
            "quadrupole": [
                [
                    -4.27698950317322,
                    -4.281065860339946,
                    0.04086633634990527
                ],
                [
                    -4.281065860339946,
                    -0.022579335952438103,
                    -4.28836475144157
                ],
                [
                    0.04086633634990527,
                    -4.28836475144157,
                    0.00990834278219857
                ]
            ],
            "volume_eff": 24.708331173819605,
            "alpha_iso": 7.371546317051153,
            "c6_ii": 29.070618780147953,
            "c8_ii": 1238.3212625505678,
            "c10_ii": 50795.117333804395,
            "slater_b_init": 33.353911938404416
        },
        {
            "index": 4,
            "element": "P",
            "charge": 1.7567253450094054,
            "dipole": [
                -0.023446181834770763,
                -0.01967610381721972,
                -0.062073229725052616
            ],
            "quadrupole": [
                [
                    -6.312439524550338,
                    -6.255880006889683,
                    -0.01732436893045282
                ],
                [
                    -6.255880006889683,
                    0.005159471489550069,
                    -6.33072741179024
                ],
                [
                    -0.01732436893045282,
                    -6.33072741179024,
                    -0.030619707364398983
                ]
            ],
            "volume_eff": 50.79475453834638,
            "alpha_iso": 19.536444053210147,
            "c6_ii": 112.9751032882862,
            "c8_ii": 3626.709179661011,
            "c10_ii": 65934.03032069626,
            "slater_b_init": 35.82713691772547
        },
        {
            "index": 5,
            "element": "O",
            "charge": -0.8561680466967765,
            "dipole": [
                0.02188791753312393,
                -0.0020450632136045704,
                0.3275836182653337
            ],
            "quadrupole": [
                [
                    -4.753104291582265,
                    -4.765419887297872,
                    -0.0015809176610811016
                ],
                [
                    -4.765419887297872,
                    0.003809038432441146,
                    -4.79739769418371
                ],
                [
                    -0.0015809176610811016,
                    -4.79739769418371,
                    0.0018480888958501353
                ]
            ],
            "volume_eff": 28.554718175104295,
            "alpha_iso": 8.519087190362606,
            "c6_ii": 38.826049598395194,
            "c8_ii": 1821.3436754564189,
            "c10_ii": 82275.43418552674,
            "slater_b_init": 31.78351729100732
        },
        {
            "index": 6,
            "element": "O",
            "charge": -0.5601503464865054,
            "dipole": [
                0.15436090323445306,
                -0.10329695531417928,
                -0.07161788177447197
            ],
            "quadrupole": [
                [
                    -4.1999074935343,
                    -4.237394090560353,
                    -0.03483146185892059
                ],
                [
                    -4.237394090560353,
                    0.014094582500566468,
                    -4.265538270441518
                ],
                [
                    -0.03483146185892059,
                    -4.265538270441518,
                    0.026037658277583656
                ]
            ],
            "volume_eff": 24.281731989180937,
            "alpha_iso": 7.244273632131329,
            "c6_ii": 28.075452919486093,
            "c8_ii": 1182.1247862557307,
            "c10_ii": 47930.2241178157,
            "slater_b_init": 33.54810770272546
        },
        {
            "index": 7,
            "element": "C",
            "charge": 0.09704051059039998,
            "dipole": [
                -0.12470008785890656,
                -0.07430460579207208,
                -0.08194219955630606
            ],
            "quadrupole": [
                [
                    -4.069568928671489,
                    -4.139028315218584,
                    -0.05605534743958982
                ],
                [
                    -4.139028315218584,
                    0.0600633728889414,
                    -4.177176770149545
                ],
                [
                    -0.05605534743958982,
                    -4.177176770149545,
                    0.061459338097654866
                ]
            ],
            "volume_eff": 29.67532973330001,
            "alpha_iso": 9.322093109937175,
            "c6_ii": 28.12226506726221,
            "c8_ii": 688.4719901494772,
            "c10_ii": 21117.21854454262,
            "slater_b_init": 38.07360333078238
        },
        {
            "index": 8,
            "element": "C",
            "charge": -0.1621906823958028,
            "dipole": [
                -0.056805392518651875,
                0.02452562136962929,
                0.009634643808449922
            ],
            "quadrupole": [
                [
                    -4.584469770945922,
                    -4.642976717994999,
                    0.002286315723219013
                ],
                [
                    -4.642976717994999,
                    0.13607455770943763,
                    -4.670955270951368
                ],
                [
                    0.002286315723219013,
                    -4.670955270951368,
                    -0.005541236190851489
                ]
            ],
            "volume_eff": 34.34718766337844,
            "alpha_iso": 10.789692459700033,
            "c6_ii": 37.673984675490985,
            "c8_ii": 1016.7354245811292,
            "c10_ii": 34378.64960050437,
            "slater_b_init": 36.26258593490894
        },
        {
            "index": 9,
            "element": "C",
            "charge": -0.3726871363654807,
            "dipole": [
                0.02329554842179974,
                -0.03382791636539555,
                0.020217846426766543
            ],
            "quadrupole": [
                [
                    -5.037173745538055,
                    -5.054722001920371,
                    0.03565141222486797
                ],
                [
                    -5.054722001920371,
                    0.10525579209056062,
                    -5.085205271558115
                ],
                [
                    0.03565141222486797,
                    -5.085205271558115,
                    -0.027429495254531536
                ]
            ],
            "volume_eff": 38.263338296636825,
            "alpha_iso": 12.019896847111045,
            "c6_ii": 46.75466029186011,
            "c8_ii": 1355.9773047660733,
            "c10_ii": 49271.342457866,
            "slater_b_init": 34.98067719820105
        },
        {
            "index": 10,
            "element": "O",
            "charge": -0.5873955863731126,
            "dipole": [
                -0.15729730116534998,
                -0.06997444514747614,
                -0.07814659109151517
            ],
            "quadrupole": [
                [
                    -4.285197096143607,
                    -4.250817517857049,
                    -0.013687180206758381
                ],
                [
                    -4.250817517857049,
                    -0.02803961951328184,
                    -4.25332322343526
                ],
                [
                    -0.013687180206758381,
                    -4.25332322343526,
                    -0.027637198531421846
                ]
            ],
            "volume_eff": 24.48762295497022,
            "alpha_iso": 7.3056996661237115,
            "c6_ii": 28.553589257234623,
            "c8_ii": 1209.0434424785672,
            "c10_ii": 49298.38449382453,
            "slater_b_init": 33.45381922783996
        },
        {
            "index": 11,
            "element": "C",
            "charge": 0.5199556169616386,
            "dipole": [
                0.02602264172339268,
                0.03142767979130057,
                0.10485810886402497
            ],
            "quadrupole": [
                [
                    -3.5358934730317824,
                    -3.5233609965484707,
                    0.03480282608278585
                ],
                [
                    -3.5233609965484707,
                    0.004498790627643256,
                    -3.4150074846780947
                ],
                [
                    0.03480282608278585,
                    -3.4150074846780947,
                    0.021349659845048313
                ]
            ],
            "volume_eff": 24.338504294928573,
            "alpha_iso": 7.645603443433059,
            "c6_ii": 18.916769054606746,
            "c8_ii": 405.771769289926,
            "c10_ii": 10905.137734649454,
            "slater_b_init": 40.674716707613584
        },
        {
            "index": 12,
            "element": "C",
            "charge": -0.5410860464329232,
            "dipole": [
                0.025270972029154414,
                -0.0022586080571334053,
                0.006861838036463555
            ],
            "quadrupole": [
                [
                    -5.364824411790816,
                    -5.283693391288331,
                    0.002364634619992895
                ],
                [
                    -5.283693391288331,
                    0.008032834667057244,
                    -5.258296705580429
                ],
                [
                    0.002364634619992895,
                    -5.258296705580429,
                    0.012452439180858017
                ]
            ],
            "volume_eff": 40.52165414506584,
            "alpha_iso": 12.729315438240576,
            "c6_ii": 52.43647898001606,
            "c8_ii": 1580.024818382378,
            "c10_ii": 59649.767511258535,
            "slater_b_init": 34.31837984533314
        },
        {
            "index": 13,
            "element": "C",
            "charge": -0.5728646535687822,
            "dipole": [
                -0.012052810695883685,
                -0.021348539150759,
                0.01502659945459724
            ],
            "quadrupole": [
                [
                    -5.334156195363456,
                    -5.33441656081029,
                    0.033537471321575384
                ],
                [
                    -5.33441656081029,
                    -0.012451227238377726,
                    -5.351389649410917
                ],
                [
                    0.033537471321575384,
                    -5.351389649410917,
                    0.018097886127553704
                ]
            ],
            "volume_eff": 40.75339460092926,
            "alpha_iso": 12.80211348720291,
            "c6_ii": 53.03795495727622,
            "c8_ii": 1604.2359329102715,
            "c10_ii": 60794.48294149277,
            "slater_b_init": 34.253206711010115
        },
        {
            "index": 14,
            "element": "C",
            "charge": -0.5513537821627938,
            "dipole": [
                -0.011421418883462714,
                0.029068328181232797,
                0.005967743639573913
            ],
            "quadrupole": [
                [
                    -5.276810223589625,
                    -5.343215656951843,
                    -0.0028452293489109218
                ],
                [
                    -5.343215656951843,
                    0.011179051939077466,
                    -5.2500252223221535
                ],
                [
                    -0.0028452293489109218,
                    -5.2500252223221535,
                    0.013207339647247665
                ]
            ],
            "volume_eff": 40.25965015331645,
            "alpha_iso": 12.647010519366422,
            "c6_ii": 51.760585962406715,
            "c8_ii": 1552.9284931758687,
            "c10_ii": 58373.83047125423,
            "slater_b_init": 34.39266528538673
        },
        {
            "index": 15,
            "element": "H",
            "charge": 0.16992077207832523,
            "dipole": [
                -0.04453372167549795,
                -0.017278331338982905,
                0.008662600970191772
            ],
            "quadrupole": [
                [
                    -0.45943034756172857,
                    -0.45816848074031014,
                    -0.0044203264462896906
                ],
                [
                    -0.45816848074031014,
                    -0.004982790799380196,
                    -0.45875281918051647
                ],
                [
                    -0.0044203264462896906,
                    -0.45875281918051647,
                    0.003844129763580855
                ]
            ],
            "volume_eff": 2.5389077597588705,
            "alpha_iso": 0.8102897105613417,
            "c6_ii": 0.2107506764331007,
            "c8_ii": 1.2861586447558262,
            "c10_ii": 10.833287280892263,
            "slater_b_init": 70.83546044145952
        },
        {
            "index": 16,
            "element": "H",
            "charge": 0.17647703638611,
            "dipole": [
                0.01430096540234466,
                0.038216974279368106,
                -0.029305855195451987
            ],
            "quadrupole": [
                [
                    -0.43918994295976177,
                    -0.45199198505601773,
                    -0.0012016007055041372
                ],
                [
                    -0.45199198505601773,
                    -0.0002287513478419056,
                    -0.45215311467529384
                ],
                [
                    -0.0012016007055041372,
                    -0.45215311467529384,
                    0.0016500518177304567
                ]
            ],
            "volume_eff": 2.4488369681892235,
            "alpha_iso": 0.7815437132518799,
            "c6_ii": 0.19606265393595002,
            "c8_ii": 1.1680526190063303,
            "c10_ii": 9.604396770995416,
            "slater_b_init": 71.69349261028033
        },
        {
            "index": 17,
            "element": "H",
            "charge": 0.1487341122155148,
            "dipole": [
                0.0482723659900679,
                0.020116995981750523,
                -0.012078804729532018
            ],
            "quadrupole": [
                [
                    -0.47669637201594195,
                    -0.46686541797587894,
                    -0.010353297594455068
                ],
                [
                    -0.46686541797587894,
                    -0.003998187489621741,
                    -0.47150182989714884
                ],
                [
                    -0.010353297594455068,
                    -0.47150182989714884,
                    0.004330615160553424
                ]
            ],
            "volume_eff": 2.6097673446421226,
            "alpha_iso": 0.8329044716942945,
            "c6_ii": 0.22267872016268084,
            "c8_ii": 1.3841214325396654,
            "c10_ii": 11.874349449759759,
            "slater_b_init": 70.18846823978788
        },
        {
            "index": 18,
            "element": "H",
            "charge": 0.09981712068874726,
            "dipole": [
                -0.06135964233066557,
                -0.017832465647597287,
                -0.0029317630416273673
            ],
            "quadrupole": [
                [
                    -0.5217495254002034,
                    -0.5029344271415105,
                    0.001449706564418149
                ],
                [
                    -0.5029344271415105,
                    -0.006741378045481653,
                    -0.5157374004012187
                ],
                [
                    0.001449706564418149,
                    -0.5157374004012187,
                    -0.00465582595829477
                ]
            ],
            "volume_eff": 2.887897981756319,
            "alpha_iso": 0.9216695686456338,
            "c6_ii": 0.27267092145621163,
            "c8_ii": 1.8132360261207916,
            "c10_ii": 16.642172055958852,
            "slater_b_init": 67.85873297803613
        },
        {
            "index": 19,
            "element": "H",
            "charge": 0.10838369009633375,
            "dipole": [
                0.0340655299502292,
                0.01713405855579269,
                0.05551418524525928
            ],
            "quadrupole": [
                [
                    -0.5019665986757703,
                    -0.49752331747949136,
                    0.002642531775325029
                ],
                [
                    -0.49752331747949136,
                    -0.00870373910020456,
                    -0.5100291796045134
                ],
                [
                    0.002642531775325029,
                    -0.5100291796045134,
                    -0.00431103273902043
                ]
            ],
            "volume_eff": 2.8079592939380973,
            "alpha_iso": 0.8961572214696055,
            "c6_ii": 0.2577844679678421,
            "c8_ii": 1.6824605912716681,
            "c10_ii": 15.15560260710145,
            "slater_b_init": 68.49666491491526
        },
        {
            "index": 20,
            "element": "H",
            "charge": 0.11547685684687203,
            "dipole": [
                0.0033003402212226926,
                -0.02784844941934472,
                0.05926061641223284
            ],
            "quadrupole": [
                [
                    -0.4835094657907169,
                    -0.5005033595450262,
                    0.0031072694441915557
                ],
                [
                    -0.5005033595450262,
                    0.0022901632551938366,
                    -0.5026085125786487
                ],
                [
                    0.0031072694441915557,
                    -0.5026085125786487,
                    -0.001513683643167201
                ]
            ],
            "volume_eff": 2.7585227586355505,
            "alpha_iso": 0.8803796038198566,
            "c6_ii": 0.24878733848607654,
            "c8_ii": 1.6046251824323066,
            "c10_ii": 14.284304125692586,
            "slater_b_init": 68.9034295048644
        },
        {
            "index": 21,
            "element": "H",
            "charge": 0.09769870191684926,
            "dipole": [
                0.016726747863417726,
                0.060822488519191496,
                -0.017803563878116276
            ],
            "quadrupole": [
                [
                    -0.5013832779614971,
                    -0.5235845157283878,
                    0.0017516305312268048
                ],
                [
                    -0.5235845157283878,
                    -0.0012377823757462848,
                    -0.5182354318988628
                ],
                [
                    0.0017516305312268048,
                    -0.5182354318988628,
                    0.0032986190098056416
                ]
            ],
            "volume_eff": 2.8867762498358562,
            "alpha_iso": 0.9213115690965499,
            "c6_ii": 0.2724591381620965,
            "c8_ii": 1.8113584838802983,
            "c10_ii": 16.62063436368187,
            "slater_b_init": 67.86752126446436
        },
        {
            "index": 22,
            "element": "H",
            "charge": 0.14656593903180903,
            "dipole": [
                -0.0026431887955210703,
                0.00488266495979322,
                -0.0524263201162513
            ],
            "quadrupole": [
                [
                    -0.4741798814140723,
                    -0.4718402125050031,
                    0.003551593107163993
                ],
                [
                    -0.4718402125050031,
                    -0.010627313778534708,
                    -0.47951181306726326
                ],
                [
                    0.003551593107163993,
                    -0.47951181306726326,
                    -0.004964982866699735
                ]
            ],
            "volume_eff": 2.638143541219302,
            "alpha_iso": 0.8419607046444582,
            "c6_ii": 0.22754745101605192,
            "c8_ii": 1.42461836313695,
            "c10_ii": 12.310204177273473,
            "slater_b_init": 69.93590860891626
        },
        {
            "index": 23,
            "element": "H",
            "charge": 0.17307938412543833,
            "dipole": [
                0.02349872581743973,
                -0.024246490576323686,
                -0.038183036889699394
            ],
            "quadrupole": [
                [
                    -0.4541350880555365,
                    -0.45274672118345666,
                    -0.004258077437166604
                ],
                [
                    -0.45274672118345666,
                    -0.0032407114195657206,
                    -0.4471967982291743
                ],
                [
                    -0.004258077437166604,
                    -0.4471967982291743,
                    0.0035612787959497178
                ]
            ],
            "volume_eff": 2.4741363692654015,
            "alpha_iso": 0.7896179901910856,
            "c6_ii": 0.2001347016206005,
            "c8_ii": 1.2005099638423162,
            "c10_ii": 9.939151140694877,
            "slater_b_init": 71.44828648718699
        },
        {
            "index": 24,
            "element": "H",
            "charge": 0.1721009220644818,
            "dipole": [
                0.0021574656656877856,
                -0.00781960794395133,
                0.04859244651187602
            ],
            "quadrupole": [
                [
                    -0.45273891097579677,
                    -0.45284600181789814,
                    -0.0004536245720391666
                ],
                [
                    -0.45284600181789814,
                    -0.005986895745149991,
                    -0.45893523340791353
                ],
                [
                    -0.0004536245720391666,
                    -0.45893523340791353,
                    3.175269259748226e-05
                ]
            ],
            "volume_eff": 2.505768168481714,
            "alpha_iso": 0.7997132452601216,
            "c6_ii": 0.20528485358958465,
            "c8_ii": 1.2418766110321449,
            "c10_ii": 10.3690780489592,
            "slater_b_init": 71.14636775491203
        },
        {
            "index": 25,
            "element": "H",
            "charge": 0.15802920640227858,
            "dipole": [
                -0.011042652524276822,
                -0.013571391153781613,
                -0.039997958263488356
            ],
            "quadrupole": [
                [
                    -0.468730470979685,
                    -0.4785287573076248,
                    -0.0016303954575332194
                ],
                [
                    -0.4785287573076248,
                    -0.002177781963532562,
                    -0.4833771792246084
                ],
                [
                    -0.0016303954575332194,
                    -0.4833771792246084,
                    -0.003497329198136859
                ]
            ],
            "volume_eff": 2.6762032690813133,
            "alpha_iso": 0.8541074263025469,
            "c6_ii": 0.2341603319419034,
            "c8_ii": 1.4800861848462137,
            "c10_ii": 12.912217705182075,
            "slater_b_init": 69.60279236807055
        },
        {
            "index": 26,
            "element": "H",
            "charge": 0.14803888814553212,
            "dipole": [
                -0.0076138580337723125,
                0.04139113127315658,
                0.010027779826457948
            ],
            "quadrupole": [
                [
                    -0.48154305010895576,
                    -0.4981566927343619,
                    -0.0008716608328197906
                ],
                [
                    -0.4981566927343619,
                    0.004491549717102046,
                    -0.4902738946147106
                ],
                [
                    -0.0008716608328197906,
                    -0.4902738946147106,
                    0.001070451774373475
                ]
            ],
            "volume_eff": 2.773882969901897,
            "alpha_iso": 0.8852817989048607,
            "c6_ii": 0.2515656845713319,
            "c8_ii": 1.6285625285278647,
            "c10_ii": 14.551160500986175,
            "slater_b_init": 68.77601114900533
        },
        {
            "index": 27,
            "element": "H",
            "charge": 0.15923801590066677,
            "dipole": [
                -0.013156860561301196,
                -0.024568454033293916,
                0.03483434512153383
            ],
            "quadrupole": [
                [
                    -0.4695053717931731,
                    -0.47804841459528935,
                    0.0021121644906630095
                ],
                [
                    -0.47804841459528935,
                    -0.004808934499831079,
                    -0.47767065240648654
                ],
                [
                    0.0021121644906630095,
                    -0.47767065240648654,
                    0.005153749099063042
                ]
            ],
            "volume_eff": 2.661545630820647,
            "alpha_iso": 0.8494294566448873,
            "c6_ii": 0.2316023512002067,
            "c8_ii": 1.458567470283331,
            "c10_ii": 12.67798512854144,
            "slater_b_init": 69.73033046909752
        },
        {
            "index": 28,
            "element": "H",
            "charge": 0.16727318145369052,
            "dipole": [
                0.04548905041760209,
                -0.0031376106145998596,
                0.0058482770886426364
            ],
            "quadrupole": [
                [
                    -0.46855143295277185,
                    -0.4620521138521083,
                    -0.003593229786484817
                ],
                [
                    -0.4620521138521083,
                    0.0025700211467925556,
                    -0.4619916724831861
                ],
                [
                    -0.003593229786484817,
                    -0.4619916724831861,
                    0.001454925276421861
                ]
            ],
            "volume_eff": 2.578007338716267,
            "alpha_iso": 0.8227682995902981,
            "c6_ii": 0.21729184623553666,
            "c8_ii": 1.3396575975613212,
            "c10_ii": 11.39946180951746,
            "slater_b_init": 70.47552380837234
        },
        {
            "index": 29,
            "element": "H",
            "charge": 0.17080971794869781,
            "dipole": [
                -0.010256413060886115,
                0.042665751323425545,
                0.013233318966993621
            ],
            "quadrupole": [
                [
                    -0.46138048417682015,
                    -0.4620328551979617,
                    0.0023487002619462034
                ],
                [
                    -0.4620328551979617,
                    0.004448173659376639,
                    -0.45467676545308194
                ],
                [
                    0.0023487002619462034,
                    -0.45467676545308194,
                    -0.003995902250642629
                ]
            ],
            "volume_eff": 2.541453003425145,
            "alpha_iso": 0.8111020223697272,
            "c6_ii": 0.21117344145677525,
            "c8_ii": 1.2895998332359722,
            "c10_ii": 10.869530713123982,
            "slater_b_init": 70.81180550498858
        },
        {
            "index": 30,
            "element": "H",
            "charge": 0.16375483215943176,
            "dipole": [
                -0.01461659913204409,
                -0.014478680552395456,
                -0.03759430371789094
            ],
            "quadrupole": [
                [
                    -0.47106319757983695,
                    -0.46862324699460806,
                    -0.005671757969452923
                ],
                [
                    -0.46862324699460806,
                    0.002612065464896532,
                    -0.47474991933194843
                ],
                [
                    -0.005671757969452923,
                    -0.47474991933194843,
                    -0.004911267988313249
                ]
            ],
            "volume_eff": 2.638109364017253,
            "alpha_iso": 0.8419497970267829,
            "c6_ii": 0.2275415552907341,
            "c8_ii": 1.4245691477769953,
            "c10_ii": 12.309672588841519,
            "slater_b_init": 69.93621061855364
        },
        {
            "index": 31,
            "element": "H",
            "charge": 0.15501948561988088,
            "dipole": [
                -0.01630486324296614,
                -0.011897640591217992,
                -0.03793972174800943
            ],
            "quadrupole": [
                [
                    -0.48244156361218865,
                    -0.4740107539952813,
                    -0.0028278234371875055
                ],
                [
                    -0.4740107539952813,
                    -0.00439999487019265,
                    -0.4877404704234996
                ],
                [
                    -0.0028278234371875055,
                    -0.4877404704234996,
                    -0.0018400167968733172
                ]
            ],
            "volume_eff": 2.7103434607391907,
            "alpha_iso": 0.8650032321508055,
            "c6_ii": 0.24017278249894877,
            "c8_ii": 1.5309733266118069,
            "c10_ii": 13.469504322526717,
            "slater_b_init": 69.30931168107435
        },
        {
            "index": 32,
            "element": "H",
            "charge": 0.16734763391048135,
            "dipole": [
                0.0474220279015874,
                0.0005352921797249136,
                0.004413375100554089
            ],
            "quadrupole": [
                [
                    -0.4688502830915776,
                    -0.45855595894453804,
                    0.0006014101300587744
                ],
                [
                    -0.45855595894453804,
                    0.001235849401518338,
                    -0.46609411383105537
                ],
                [
                    0.0006014101300587744,
                    -0.46609411383105537,
                    0.001470398142735425
                ]
            ],
            "volume_eff": 2.57959407473466,
            "alpha_iso": 0.823274704702551,
            "c6_ii": 0.21755941017876407,
            "c8_ii": 1.3418575120548288,
            "c10_ii": 11.422866098488424,
            "slater_b_init": 70.46107076070821
        },
        {
            "index": 33,
            "element": "H",
            "charge": 0.15875325474313162,
            "dipole": [
                -0.015198625107435393,
                -0.01957155644667273,
                0.03708543907019797
            ],
            "quadrupole": [
                [
                    -0.47840301082627,
                    -0.4735287515365342,
                    0.00557634570097242
                ],
                [
                    -0.4735287515365342,
                    -0.005321815539184651,
                    -0.47879158125408366
                ],
                [
                    0.00557634570097242,
                    -0.47879158125408366,
                    0.0009678735750060694
                ]
            ],
            "volume_eff": 2.675395408684732,
            "alpha_iso": 0.8538495985164037,
            "c6_ii": 0.23401898221052123,
            "c8_ii": 1.4788950423954241,
            "c10_ii": 12.89922965820933,
            "slater_b_init": 69.60979739874827
        }
    ]
}