{
    "molecule": "DBC",
    "atoms": [
        {
            "index": 0,
            "element": "C",
            "charge": -0.42084257232759814,
            "dipole": [
                0.04348573914888025,
                0.04165954942760481,
                -0.05343999999105034
            ],
            "quadrupole": [
                [
                    -5.068429893900597,
                    -5.079326212281214,
                    0.04790034234478848
                ],
                [
                    -5.079326212281214,
                    -0.016570234883271612,
                    -5.115099022079719
                ],
                [
                    0.04790034234478848,
                    -5.115099022079719,
                    0.01707974172862857
                ]
            ],
            "volume_eff": 38.51071097707852,
            "alpha_iso": 12.097605542537753,
            "c6_ii": 47.36115270561356,
            "c8_ii": 1379.4804971394499,
            "c10_ii": 50341.172383026744,
            "slater_b_init": 34.90561705622494
        },
        {
            "index": 1,
            "element": "C",
            "charge": -0.14530452072245215,
            "dipole": [
                0.033481365615218854,
                -0.033163573038372876,
                0.06323217474078982
            ],
            "quadrupole": [
                [
                    -4.562379500421011,
                    -4.514931715863317,
                    0.06037922225382771
                ],
                [
                    -4.514931715863317,
                    -0.004865215271965045,
                    -4.581876980309683
                ],
                [
                    0.06037922225382771,
                    -4.581876980309683,
                    -0.030465101833373594
                ]
            ],
            "volume_eff": 33.54439448015073,
            "alpha_iso": 10.537506119419076,
            "c6_ii": 35.93346556321266,
            "c8_ii": 954.5925015582416,
            "c10_ii": 31772.50031439475,
            "slater_b_init": 36.54959029645147
        },
        {
            "index": 2,
            "element": "C",
            "charge": -0.30196970042640814,
            "dipole": [
                -0.04359376167475885,
                0.0028517537014343904,
                -0.018138439331650148
            ],
            "quadrupole": [
                [
                    -4.843048488876142,
                    -4.803898129312528,
                    0.0461282108532457
                ],
                [
                    -4.803898129312528,
                    0.01597903365608561,
                    -4.869323294724048
                ],
                [
                    0.0461282108532457,
                    -4.869323294724048,
                    -0.03852131241310952
                ]
            ],
            "volume_eff": 36.18775649500384,
            "alpha_iso": 11.367881621467173,
            "c6_ii": 41.81985373112227,
            "c8_ii": 1168.5910583197756,
            "c10_ii": 40912.598889096174,
            "slater_b_init": 35.6370663431043
        },
        {
            "index": 3,
            "element": "C",
            "charge": 0.07156254988875155,
            "dipole": [
                0.1275567545180211,
                -0.0008910452774185449,
                0.07481667152488089
            ],
            "quadrupole": [
                [
                    -4.131825509181168,
                    -4.240657026171747,
                    0.059585245808033316
                ],
                [
                    -4.240657026171747,
                    0.03044266227752193,
                    -4.288246416083296
                ],
                [
                    0.059585245808033316,
                    -4.288246416083296,
                    0.020442106995877906
                ]
            ],
            "volume_eff": 30.70860505541845,
            "alpha_iso": 9.646682216361816,
            "c6_ii": 30.114757393817797,
            "c8_ii": 754.2668796855655,
            "c10_ii": 23669.286521644655,
            "slater_b_init": 37.641691901403405
        },
        {
            "index": 4,
            "element": "O",
            "charge": -0.426746812527222,
            "dipole": [
                -0.10337055468937546,
                0.017762136526922778,
                0.014341659105220778
            ],
            "quadrupole": [
                [
                    -4.042949394971802,
                    -4.12616682535285,
                    -0.015238933729347062
                ],
                [
                    -4.12616682535285,
                    -0.010698812966653566,
                    -4.112868268273019
                ],
                [
                    -0.015238933729347062,
                    -4.112868268273019,
                    -0.012050161564823577
                ]
            ],
            "volume_eff": 23.362576854459732,
            "alpha_iso": 6.970050553264229,
            "c6_ii": 25.990158901060354,
            "c8_ii": 1066.5295062613766,
            "c10_ii": 42145.03308229305,
            "slater_b_init": 33.982422464437136
        },
        {
            "index": 5,
            "element": "C",
            "charge": 1.0016811796931364,
            "dipole": [
                0.00904640721430889,
                0.03290021961886741,
                0.020809853093330825
            ],
            "quadrupole": [
                [
                    -2.876145167527263,
                    -2.8781073478435237,
                    -0.06839821339721616
                ],
                [
                    -2.8781073478435237,
                    -0.0011400834056645218,
                    -2.7964079763333736
                ],
                [
                    -0.06839821339721616,
                    -2.7964079763333736,
                    -0.017772030942523446
                ]
            ],
            "volume_eff": 19.19595055562758,
            "alpha_iso": 6.030141535799238,
            "c6_ii": 11.76734363532318,
            "c8_ii": 215.4718106074353,
            "c10_ii": 4943.299748514459,
            "slater_b_init": 44.02364095023241
        },
        {
            "index": 6,
            "element": "O",
            "charge": -0.6583203935895767,
            "dipole": [
                -0.05064359180958766,
                -0.1340015708078992,
                -0.07782263000213778
            ],
            "quadrupole": [
                [
                    -4.508416703488574,
                    -4.473484569440113,
                    -0.03028554200135595
                ],
                [
                    -4.473484569440113,
                    0.012599040787044881,
                    -4.429713976771113
                ],
                [
                    -0.03028554200135595,
                    -4.429713976771113,
                    -0.011559834850609877
                ]
            ],
            "volume_eff": 26.34620682965221,
            "alpha_iso": 7.860194302769168,
            "c6_ii": 33.0524488973129,
            "c8_ii": 1469.4872375720995,
            "c10_ii": 62912.59201117964,
            "slater_b_init": 32.64789738317387
        },
        {
            "index": 7,
            "element": "O",
            "charge": -0.41846770726505866,
            "dipole": [
                0.10321336823385194,
                -0.027126653525849993,
                -0.0007227088891831529
            ],
            "quadrupole": [
                [
                    -4.027229999803855,
                    -4.115422692110886,
                    -0.01813290142335709
                ],
                [
                    -4.115422692110886,
                    -0.02879185323032509,
                    -4.107483370599883
                ],
                [
                    -0.01813290142335709,
                    -4.107483370599883,
                    -0.0048713683641656135
                ]
            ],
            "volume_eff": 23.29414310857231,
            "alpha_iso": 6.949633855596159,
            "c6_ii": 25.838120964980583,
            "c8_ii": 1058.2189430183764,
            "c10_ii": 41734.93291086018,
            "slater_b_init": 34.015667886217116
        },
        {
            "index": 8,
            "element": "C",
            "charge": 0.055202809477926884,
            "dipole": [
                -0.05720801098398252,
                0.1287702949379994,
                0.07419081297233489
            ],
            "quadrupole": [
                [
                    -4.302191468273376,
                    -4.23216528728944,
                    -0.0030747270737319114
                ],
                [
                    -4.23216528728944,
                    -0.09311814076413374,
                    -4.25219465964031
                ],
                [
                    -0.0030747270737319114,
                    -4.25219465964031,
                    -0.04879309402443241
                ]
            ],
            "volume_eff": 31.112173364361393,
            "alpha_iso": 9.773457601370069,
            "c6_ii": 30.911486558592177,
            "c8_ii": 780.9904699616308,
            "c10_ii": 24722.13863193609,
            "slater_b_init": 37.47822797331757
        },
        {
            "index": 9,
            "element": "C",
            "charge": -0.2969456502266823,
            "dipole": [
                -0.020341762895128394,
                0.00718736106187264,
                0.05787682553264142
            ],
            "quadrupole": [
                [
                    -4.823718005051991,
                    -4.7757371094210015,
                    0.01032441433958272
                ],
                [
                    -4.7757371094210015,
                    -0.05194077812868357,
                    -4.893330299624492
                ],
                [
                    0.01032441433958272,
                    -4.893330299624492,
                    0.02460484658406997
                ]
            ],
            "volume_eff": 36.08159984121335,
            "alpha_iso": 11.334533981532989,
            "c6_ii": 41.57485682610635,
            "c8_ii": 1159.4719037143018,
            "c10_ii": 40513.90972296854,
            "slater_b_init": 35.67198171687795
        },
        {
            "index": 10,
            "element": "C",
            "charge": -0.15690267820573567,
            "dipole": [
                0.05636267981376428,
                0.017055643526993656,
                -0.042345422126342
            ],
            "quadrupole": [
                [
                    -4.5906578605747255,
                    -4.506125538011232,
                    0.00021142960064893227
                ],
                [
                    -4.506125538011232,
                    -0.03386919742360246,
                    -4.597294610662646
                ],
                [
                    0.00021142960064893227,
                    -4.597294610662646,
                    0.035180701581095916
                ]
            ],
            "volume_eff": 33.589348004609775,
            "alpha_iso": 10.551627645427153,
            "c6_ii": 36.02984043122781,
            "c8_ii": 958.0076958870395,
            "c10_ii": 31914.65226057097,
            "slater_b_init": 36.53327791850903
        },
        {
            "index": 11,
            "element": "C",
            "charge": -0.4263186815216464,
            "dipole": [
                -0.06906062564939355,
                -0.021013201197303856,
                -0.029002236098589228
            ],
            "quadrupole": [
                [
                    -5.163214160793857,
                    -5.071642392672592,
                    -0.005686450547127878
                ],
                [
                    -5.071642392672592,
                    -0.033124334105997875,
                    -5.081618271108752
                ],
                [
                    -0.005686450547127878,
                    -5.081618271108752,
                    -0.015617547860081994
                ]
            ],
            "volume_eff": 38.700352668489,
            "alpha_iso": 12.15717884874,
            "c6_ii": 47.82875059935908,
            "c8_ii": 1397.669842583473,
            "c10_ii": 51172.261738505105,
            "slater_b_init": 34.84850816832342
        },
        {
            "index": 12,
            "element": "H",
            "charge": 0.13039430081895198,
            "dipole": [
                0.010160470305280408,
                0.028062904343230877,
                0.03657907949967898
            ],
            "quadrupole": [
                [
                    -0.5054732263802398,
                    -0.501177792582821,
                    -0.006945582849260798
                ],
                [
                    -0.501177792582821,
                    0.0031241478918485983,
                    -0.5126478453802995
                ],
                [
                    -0.006945582849260798,
                    -0.5126478453802995,
                    -0.004581337448983338
                ]
            ],
            "volume_eff": 2.8855320499097297,
            "alpha_iso": 0.9209144840137435,
            "c6_ii": 0.27222432911757766,
            "c8_ii": 1.8092773779233644,
            "c10_ii": 16.596768069047144,
            "slater_b_init": 67.87727436254609
        },
        {
            "index": 13,
            "element": "H",
            "charge": 0.1335383658920264,
            "dipole": [
                0.024731994698860303,
                -0.040031497634935305,
                -0.006604559166131168
            ],
            "quadrupole": [
                [
                    -0.501941177139215,
                    -0.5087986422016025,
                    -0.0008513178816090564
                ],
                [
                    -0.5087986422016025,
                    0.005346614157332729,
                    -0.49599020940367095
                ],
                [
                    -0.0008513178816090564,
                    -0.49599020940367095,
                    -0.005894652162349077
                ]
            ],
            "volume_eff": 2.8534950114327584,
            "alpha_iso": 0.910689897265774,
            "c6_ii": 0.2662130655991432,
            "c8_ii": 1.7562043976096668,
            "c10_ii": 15.990458221700848,
            "slater_b_init": 68.13035569865691
        },
        {
            "index": 14,
            "element": "H",
            "charge": 0.13049960002820915,
            "dipole": [
                -0.04568635735459873,
                0.00124297220473929,
                -0.01743873825364098
            ],
            "quadrupole": [
                [
                    -0.5126816185415248,
                    -0.5030046345616702,
                    -0.004488691964002815
                ],
                [
                    -0.5030046345616702,
                    -0.0006957142809998872,
                    -0.49853654119280827
                ],
                [
                    -0.004488691964002815,
                    -0.49853654119280827,
                    -0.00039162851448136657
                ]
            ],
            "volume_eff": 2.8650527297406705,
            "alpha_iso": 0.9143785307682991,
            "c6_ii": 0.26837395723184976,
            "c8_ii": 1.7752372336012945,
            "c10_ii": 16.207371289639536,
            "slater_b_init": 68.03861885530628
        },
        {
            "index": 15,
            "element": "H",
            "charge": 0.10651913615298902,
            "dipole": [
                -0.0026060896307740587,
                -0.035517910686179946,
                -0.03877588896355076
            ],
            "quadrupole": [
                [
                    -0.5086971578447311,
                    -0.5175010028395681,
                    -0.005236583900513647
                ],
                [
                    -0.5175010028395681,
                    0.004088962264672363,
                    -0.5324793443065029
                ],
                [
                    -0.005236583900513647,
                    -0.5324793443065029,
                    -0.006128251131121243
                ]
            ],
            "volume_eff": 2.954427977396832,
            "alpha_iso": 0.9429025459777124,
            "c6_ii": 0.2853789566850932,
            "c8_ii": 1.9267786823388338,
            "c10_ii": 17.95485385539244,
            "slater_b_init": 67.34549661111727
        },
        {
            "index": 16,
            "element": "H",
            "charge": 0.1001043334753341,
            "dipole": [
                -0.020530389785708602,
                0.04550945856477753,
                0.012846357657667031
            ],
            "quadrupole": [
                [
                    -0.5184450181777892,
                    -0.5389950448859079,
                    0.0015713571102437738
                ],
                [
                    -0.5389950448859079,
                    0.010074521505538819,
                    -0.5264010041117948
                ],
                [
                    0.0015713571102437738,
                    -0.5264010041117948,
                    -0.005572063322701527
                ]
            ],
            "volume_eff": 3.018819110129984,
            "alpha_iso": 0.9634529074882928,
            "c6_ii": 0.29795406331652796,
            "c8_ii": 2.04080568197477,
            "c10_ii": 19.29275068655282,
            "slater_b_init": 66.86322685219827
        },
        {
            "index": 17,
            "element": "H",
            "charge": 0.12724344999593828,
            "dipole": [
                0.001826941043800434,
                0.024948705638960494,
                0.03919917995442499
            ],
            "quadrupole": [
                [
                    -0.4926551183997202,
                    -0.4995229325564071,
                    -0.006504269547068532
                ],
                [
                    -0.4995229325564071,
                    0.004079595684125927,
                    -0.5134639187640152
                ],
                [
                    -0.006504269547068532,
                    -0.5134639187640152,
                    -0.006825696057247789
                ]
            ],
            "volume_eff": 2.8410654688051866,
            "alpha_iso": 0.9067230219591021,
            "c6_ii": 0.2638989210162569,
            "c8_ii": 1.7358787667593252,
            "c10_ii": 15.759459638508975,
            "slater_b_init": 68.2295669763902
        },
        {
            "index": 18,
            "element": "H",
            "charge": 0.13847909313914042,
            "dipole": [
                0.015832511154354714,
                -0.04512338528334553,
                -0.004575787366691302
            ],
            "quadrupole": [
                [
                    -0.48087611353383364,
                    -0.4958426006999521,
                    0.0004126785807833901
                ],
                [
                    -0.4958426006999521,
                    0.009036222547165107,
                    -0.4887439899527139
                ],
                [
                    0.0004126785807833901,
                    -0.4887439899527139,
                    -0.0037247933499046032
                ]
            ],
            "volume_eff": 2.742275575698785,
            "alpha_iso": 0.8751943326698249,
            "c6_ii": 0.24586534714039365,
            "c8_ii": 1.5795462065752195,
            "c10_ii": 14.005786514184217,
            "slater_b_init": 69.03923922013516
        },
        {
            "index": 19,
            "element": "H",
            "charge": 0.0941885891009987,
            "dipole": [
                -0.02487006319036539,
                0.056251656366047655,
                0.009853123487918577
            ],
            "quadrupole": [
                [
                    -0.5066732356977164,
                    -0.5295624130328885,
                    -0.00014155176896710862
                ],
                [
                    -0.5295624130328885,
                    0.008681730279543992,
                    -0.524616147383226
                ],
                [
                    -0.00014155176896710862,
                    -0.524616147383226,
                    -0.0005205190751234626
                ]
            ],
            "volume_eff": 2.941446006465888,
            "alpha_iso": 0.9387593637657089,
            "c6_ii": 0.2828765150555897,
            "c8_ii": 1.9042841917514217,
            "c10_ii": 17.693216282159494,
            "slater_b_init": 67.44442689056096
        },
        {
            "index": 20,
            "element": "H",
            "charge": 0.09879882407675344,
            "dipole": [
                -0.00793253739119568,
                -0.036413136304532266,
                -0.05526572957795596
            ],
            "quadrupole": [
                [
                    -0.5111460541696846,
                    -0.5304271372457435,
                    -0.0034002709631129635
                ],
                [
                    -0.5304271372457435,
                    0.007347796422120777,
                    -0.530793557944357
                ],
                [
                    -0.0034002709631129635,
                    -0.530793557944357,
                    -0.003384562487335721
                ]
            ],
            "volume_eff": 2.9862759370723415,
            "alpha_iso": 0.953066788427343,
            "c6_ii": 0.29156473929979576,
            "c8_ii": 1.9826645405940149,
            "c10_ii": 18.60816862532069,
            "slater_b_init": 67.10523227445347
        },
        {
            "index": 21,
            "element": "H",
            "charge": 0.09673893163218072,
            "dipole": [
                -0.008841712263864522,
                -0.05324250345297655,
                0.03252207969344192
            ],
            "quadrupole": [
                [
                    -0.513023530476289,
                    -0.525992490174684,
                    0.007656024990756463
                ],
                [
                    -0.525992490174684,
                    -0.010367031327668553,
                    -0.5288513886899265
                ],
                [
                    0.007656024990756463,
                    -0.5288513886899265,
                    -0.0038557575119143213
                ]
            ],
            "volume_eff": 2.969828646532885,
            "alpha_iso": 0.9478176531487932,
            "c6_ii": 0.28836192461892146,
            "c8_ii": 1.9536786273141877,
            "c10_ii": 18.26873560495803,
            "slater_b_init": 67.22888340643809
        },
        {
            "index": 22,
            "element": "H",
            "charge": 0.09439729209419223,
            "dipole": [
                0.005358062362146944,
                0.005464519447855607,
                -0.06420878387152489
            ],
            "quadrupole": [
                [
                    -0.5147503550114134,
                    -0.5187455996954281,
                    0.00013802654447574452
                ],
                [
                    -0.5187455996954281,
                    -0.009994034705924559,
                    -0.5319543739039827
                ],
                [
                    0.00013802654447574452,
                    -0.5319543739039827,
                    -0.003678621062726983
                ]
            ],
            "volume_eff": 2.952554720246561,
            "alpha_iso": 0.9423046979510302,
            "c6_ii": 0.28501718195426096,
            "c8_ii": 1.9235226024058958,
            "c10_ii": 17.91693429233542,
            "slater_b_init": 67.35973611718562
        },
        {
            "index": 23,
            "element": "H",
            "charge": 0.13422983198132854,
            "dipole": [
                0.032588718167636366,
                -0.03356288815326435,
                -0.007293749053794913
            ],
            "quadrupole": [
                [
                    -0.49672909981387026,
                    -0.4968931145075387,
                    -0.0005937152109075475
                ],
                [
                    -0.4968931145075387,
                    0.007112826553263305,
                    -0.48862361156578654
                ],
                [
                    -0.0005937152109075475,
                    -0.48862361156578654,
                    0.009739310631017486
                ]
            ],
            "volume_eff": 2.7831082873028876,
            "alpha_iso": 0.8882260491392194,
            "c6_ii": 0.2532417700445203,
            "c8_ii": 1.6430458848072749,
            "c10_ii": 14.713100404050957,
            "slater_b_init": 68.69993519249321
        },
        {
            "index": 24,
            "element": "H",
            "charge": 0.13265115018926954,
            "dipole": [
                0.0006137021982718717,
                0.047427615139697524,
                -0.007331995045079176
            ],
            "quadrupole": [
                [
                    -0.4911893552181899,
                    -0.5059099151034432,
                    0.007144403321143737
                ],
                [
                    -0.5059099151034432,
                    -0.0027160003570405196,
                    -0.48854973265822527
                ],
                [
                    0.007144403321143737,
                    -0.48854973265822527,
                    0.007891955944750648
                ]
            ],
            "volume_eff": 2.791943526989664,
            "alpha_iso": 0.891045806486063,
            "c6_ii": 0.2548522019835353,
            "c8_ii": 1.65699205210273,
            "c10_ii": 14.869371608370962,
            "slater_b_init": 68.62739053092895
        },
        {
            "index": 25,
            "element": "H",
            "charge": 0.09984092203084294,
            "dipole": [
                0.00232209060036452,
                -0.048360301609472585,
                0.015608823786383622
            ],
            "quadrupole": [
                [
                    -0.5258262414951037,
                    -0.540814078612147,
                    0.006986512975879329
                ],
                [
                    -0.540814078612147,
                    -0.004641080536108546,
                    -0.5212858024749567
                ],
                [
                    0.006986512975879329,
                    -0.5212858024749567,
                    0.008967778641105251
                ]
            ],
            "volume_eff": 3.0300403089363654,
            "alpha_iso": 0.9670341411499039,
            "c6_ii": 0.30017321955417087,
            "c8_ii": 2.0610973074754337,
            "c10_ii": 19.532831498020244,
            "slater_b_init": 66.78058618555453
        },
        {
            "index": 26,
            "element": "H",
            "charge": 0.12010038944144141,
            "dipole": [
                -0.028482887202635313,
                0.04243089191778008,
                0.012779396245772703
            ],
            "quadrupole": [
                [
                    -0.5073134605657923,
                    -0.5059348834578873,
                    0.0007197261564185547
                ],
                [
                    -0.5059348834578873,
                    0.006681158273213148,
                    -0.4969507638290158
                ],
                [
                    0.0007197261564185547,
                    -0.4969507638290158,
                    0.00947158126392074
                ]
            ],
            "volume_eff": 2.8351621207742856,
            "alpha_iso": 0.9048389747151976,
            "c6_ii": 0.2628033682006778,
            "c8_ii": 1.7262769600016616,
            "c10_ii": 15.650570614732938,
            "slater_b_init": 68.27688980176839
        },
        {
            "index": 27,
            "element": "H",
            "charge": 0.12813787913644048,
            "dipole": [
                0.023594980950140794,
                -0.035241596457034,
                -0.018592474151669477
            ],
            "quadrupole": [
                [
                    -0.5087927875404422,
                    -0.5085909016384023,
                    9.427080695944607e-05
                ],
                [
                    -0.5085909016384023,
                    0.008550380603099534,
                    -0.5099665452323763
                ],
                [
                    9.427080695944607e-05,
                    -0.5099665452323763,
                    0.0063365296421073304
                ]
            ],
            "volume_eff": 2.9056507149254074,
            "alpha_iso": 0.927335334550662,
            "c6_ii": 0.27603359741186284,
            "c8_ii": 1.8431124470500264,
            "c10_ii": 16.985638375355364,
            "slater_b_init": 67.72025111656336
        },
        {
            "index": 28,
            "element": "H",
            "charge": 0.13208234508804284,
            "dipole": [
                -0.00849975098023578,
                -0.001801646875857551,
                0.047899617099668446
            ],
            "quadrupole": [
                [
                    -0.49535823742769736,
                    -0.5028822459160208,
                    -0.0006452170006458662
                ],
                [
                    -0.5028822459160208,
                    0.0024283268014175883,
                    -0.5107636018360121
                ],
                [
                    -0.0006452170006458662,
                    -0.5107636018360121,
                    -0.002632579864141607
                ]
            ],
            "volume_eff": 2.8527355546380995,
            "alpha_iso": 0.9104475174376914,
            "c6_ii": 0.26607137941012143,
            "c8_ii": 1.7549582387222444,
            "c10_ii": 15.976276441444748,
            "slater_b_init": 68.13640106220899
        },
        {
            "index": 29,
            "element": "H",
            "charge": 0.13141794172747867,
            "dipole": [
                7.923926015704274e-06,
                0.04263019748728463,
                -0.02036259890947495
            ],
            "quadrupole": [
                [
                    -0.49713420220363325,
                    -0.5123405526496861,
                    0.004202697638586443
                ],
                [
                    -0.5123405526496861,
                    -0.0031163398162772546,
                    -0.5069465794800819
                ],
                [
                    0.004202697638586443,
                    -0.5069465794800819,
                    0.0054751137875463365
                ]
            ],
            "volume_eff": 2.8789347721672494,
            "alpha_iso": 0.9188089698406114,
            "c6_ii": 0.27098096295739144,
            "c8_ii": 1.7982674384188126,
            "c10_ii": 16.470619497305044,
            "slater_b_init": 67.92908329452116
        }
    ]
}