{
    "molecule": "PEO",
    "atoms": [
        {
            "index": 0,
            "element": "C",
            "charge": -0.5017191220443298,
            "dipole": [
                0.05049877854477974,
                -0.005351351511523635,
                0.00633075870536036
            ],
            "quadrupole": [
                [
                    -5.253027489895565,
                    -5.189520992711475,
                    -0.0021056158779982842
                ],
                [
                    -5.189520992711475,
                    -0.014884365077287574,
                    -5.197229528896744
                ],
                [
                    -0.0021056158779982842,
                    -5.197229528896744,
                    -0.042471268698198554
                ]
            ],
            "volume_eff": 39.548899067430334,
            "alpha_iso": 12.423737926941463,
            "c6_ii": 49.94913684724506,
            "c8_ii": 1480.8913506214524,
            "c10_ii": 55008.88791186099,
            "slater_b_init": 34.597471945766856
        },
        {
            "index": 1,
            "element": "C",
            "charge": 0.11512154998245538,
            "dipole": [
                0.026190581181549346,
                -0.05809988479210341,
                -0.12504892515505345
            ],
            "quadrupole": [
                [
                    -4.189273551081365,
                    -4.127406149303492,
                    -0.010022234366540294
                ],
                [
                    -4.127406149303492,
                    -0.019218514263325916,
                    -4.170704331755976
                ],
                [
                    -0.010022234366540294,
                    -4.170704331755976,
                    -0.0852390955854864
                ]
            ],
            "volume_eff": 30.245173662149053,
            "alpha_iso": 9.501101673973524,
            "c6_ii": 29.212676935374336,
            "c8_ii": 724.2931102267834,
            "c10_ii": 22499.445340323786,
            "slater_b_init": 37.83297305996616
        },
        {
            "index": 2,
            "element": "O",
            "charge": -0.35159272601447,
            "dipole": [
                0.022553027996190245,
                0.03419038874521759,
                0.0725638793906439
            ],
            "quadrupole": [
                [
                    -3.932028384194805,
                    -4.083106917992738,
                    0.01407786418657743
                ],
                [
                    -4.083106917992738,
                    -0.030814255600919622,
                    -4.086527601922654
                ],
                [
                    0.01407786418657743,
                    -4.086527601922654,
                    -0.034086352824279686
                ]
            ],
            "volume_eff": 22.99086558860717,
            "alpha_iso": 6.8591532695292114,
            "c6_ii": 25.16970314706224,
            "c8_ii": 1021.876519199323,
            "c10_ii": 39951.06217233728,
            "slater_b_init": 34.164584360052935
        },
        {
            "index": 3,
            "element": "C",
            "charge": -0.03677265053144296,
            "dipole": [
                -0.13292727391545223,
                0.015005382006614242,
                -0.044829608893009854
            ],
            "quadrupole": [
                [
                    -4.414180664093845,
                    -4.54347384914136,
                    0.0327665977043201
                ],
                [
                    -4.54347384914136,
                    0.0011196708810032694,
                    -4.4405009933994775
                ],
                [
                    0.0327665977043201,
                    -4.4405009933994775,
                    0.034715984257163955
                ]
            ],
            "volume_eff": 33.15996233285378,
            "alpha_iso": 10.416742094090191,
            "c6_ii": 35.11456138078637,
            "c8_ii": 925.6970439174993,
            "c10_ii": 30574.89438332516,
            "slater_b_init": 36.6902909606066
        },
        {
            "index": 4,
            "element": "C",
            "charge": 0.01911371318176336,
            "dipole": [
                0.136373591001725,
                -0.011894659845473993,
                0.059410382122000845
            ],
            "quadrupole": [
                [
                    -4.271596694112707,
                    -4.447755183484105,
                    0.02603790898086579
                ],
                [
                    -4.447755183484105,
                    0.01821854607694599,
                    -4.304961633439527
                ],
                [
                    0.02603790898086579,
                    -4.304961633439527,
                    0.06060487856382585
                ]
            ],
            "volume_eff": 31.917208077418433,
            "alpha_iso": 10.02634808714715,
            "c6_ii": 32.531866444112445,
            "c8_ii": 836.0479516104889,
            "c10_ii": 26919.553571181794,
            "slater_b_init": 37.1604416583156
        },
        {
            "index": 5,
            "element": "O",
            "charge": -0.6106675863431477,
            "dipole": [
                -0.109123702420619,
                0.048443292845126926,
                0.051250557648117145
            ],
            "quadrupole": [
                [
                    -4.349520255938322,
                    -4.477884021478026,
                    0.07075986526559462
                ],
                [
                    -4.477884021478026,
                    -0.045390908675105784,
                    -4.438043685675072
                ],
                [
                    0.07075986526559462,
                    -4.438043685675072,
                    -0.029585661424209427
                ]
            ],
            "volume_eff": 26.040726914167504,
            "alpha_iso": 7.769056648425664,
            "c6_ii": 32.29041710632967,
            "c8_ii": 1424.489225416038,
            "c10_ii": 60513.777787106206,
            "slater_b_init": 32.775063966088275
        },
        {
            "index": 6,
            "element": "H",
            "charge": 0.1524377745737273,
            "dipole": [
                -0.0026165596737935722,
                -0.04423268490279543,
                -0.009388092578596201
            ],
            "quadrupole": [
                [
                    -0.47615772050455496,
                    -0.48810496997700104,
                    -0.003189999610882506
                ],
                [
                    -0.48810496997700104,
                    -0.004998503363127117,
                    -0.48250749591734177
                ],
                [
                    -0.003189999610882506,
                    -0.48250749591734177,
                    0.0030264509796675094
                ]
            ],
            "volume_eff": 2.7104128062700235,
            "alpha_iso": 0.865025363703199,
            "c6_ii": 0.2401850725443969,
            "c8_ii": 1.5310777841446346,
            "c10_ii": 13.4706531041262,
            "slater_b_init": 69.30872058636618
        },
        {
            "index": 7,
            "element": "H",
            "charge": 0.15168043288536381,
            "dipole": [
                0.005960119334829115,
                0.021661668626494872,
                -0.03955395416060269
            ],
            "quadrupole": [
                [
                    -0.47498576137085546,
                    -0.48448071213622473,
                    0.003090068674075596
                ],
                [
                    -0.48448071213622473,
                    0.003235691309491036,
                    -0.4902998535147504
                ],
                [
                    0.003090068674075596,
                    -0.4902998535147504,
                    0.00030522317102045623
                ]
            ],
            "volume_eff": 2.7184550981959896,
            "alpha_iso": 0.8675920526157415,
            "c6_ii": 0.2416125335038504,
            "c8_ii": 1.5432223954689843,
            "c10_ii": 13.60434792194662,
            "slater_b_init": 69.2403053135153
        },
        {
            "index": 8,
            "element": "H",
            "charge": 0.14866954089953222,
            "dipole": [
                -0.02543169741254954,
                0.01824671019067805,
                0.03353841265746524
            ],
            "quadrupole": [
                [
                    -0.48471456966779086,
                    -0.4894353540283502,
                    -0.0003244389071313659
                ],
                [
                    -0.4894353540283502,
                    0.0028976600301518613,
                    -0.4869544363235205
                ],
                [
                    -0.0003244389071313659,
                    -0.4869544363235205,
                    0.007701241803310372
                ]
            ],
            "volume_eff": 2.7417094927317085,
            "alpha_iso": 0.8750136678930984,
            "c6_ii": 0.24576385054312436,
            "c8_ii": 1.5786768551964283,
            "c10_ii": 13.99615153803128,
            "slater_b_init": 69.04399042226346
        },
        {
            "index": 9,
            "element": "H",
            "charge": 0.06165953756757947,
            "dipole": [
                -0.00805725026155056,
                -0.04450513090848858,
                0.04219604727742964
            ],
            "quadrupole": [
                [
                    -0.5513658876744599,
                    -0.5616318403488908,
                    0.010113914341297924
                ],
                [
                    -0.5616318403488908,
                    -0.0035060973755081416,
                    -0.5717931943544622
                ],
                [
                    0.010113914341297924,
                    -0.5717931943544622,
                    -0.01294626002462365
                ]
            ],
            "volume_eff": 3.2537727993448726,
            "alpha_iso": 1.0384381274504912,
            "c6_ii": 0.3461382389890735,
            "c8_ii": 2.4923097202428957,
            "c10_ii": 24.768208660782225,
            "slater_b_init": 65.2134666798846
        },
        {
            "index": 10,
            "element": "H",
            "charge": 0.0643991219563369,
            "dipole": [
                0.009963829652108583,
                0.06015492516874261,
                -0.005777804601092423
            ],
            "quadrupole": [
                [
                    -0.5383310796212083,
                    -0.5631061277858821,
                    -0.0020325993748810944
                ],
                [
                    -0.5631061277858821,
                    -0.007949445593842199,
                    -0.5506250863163656
                ],
                [
                    -0.0020325993748810944,
                    -0.5506250863163656,
                    -0.009643527675870168
                ]
            ],
            "volume_eff": 3.1527711600718216,
            "alpha_iso": 1.0062035617250495,
            "c6_ii": 0.3249825407201551,
            "c8_ii": 2.2913034608077054,
            "c10_ii": 22.296944225585396,
            "slater_b_init": 65.90254896783682
        },
        {
            "index": 11,
            "element": "H",
            "charge": 0.08704738543304924,
            "dipole": [
                0.002328818693885644,
                -0.014971045254891869,
                0.05321266765003287
            ],
            "quadrupole": [
                [
                    -0.5279524976710158,
                    -0.5413541425810496,
                    0.006181423057143412
                ],
                [
                    -0.5413541425810496,
                    0.0071043441077576226,
                    -0.557207515621028
                ],
                [
                    0.006181423057143412,
                    -0.557207515621028,
                    0.006164844979395853
                ]
            ],
            "volume_eff": 3.136786586895837,
            "alpha_iso": 1.001102102200799,
            "c6_ii": 0.32169556660249804,
            "c8_ii": 2.260455729372575,
            "c10_ii": 21.92234918347378,
            "slater_b_init": 66.01430237900772
        },
        {
            "index": 12,
            "element": "H",
            "charge": 0.09224796142418779,
            "dipole": [
                0.017141897716840233,
                -0.035124371600159014,
                -0.03978041165820964
            ],
            "quadrupole": [
                [
                    -0.520735873671309,
                    -0.5339468551987888,
                    -0.0036626016288535475
                ],
                [
                    -0.5339468551987888,
                    0.009008751043543452,
                    -0.53177822359712
                ],
                [
                    -0.0036626016288535475,
                    -0.53177822359712,
                    0.008331553916317094
                ]
            ],
            "volume_eff": 3.020308392555607,
            "alpha_iso": 0.9639282103900875,
            "c6_ii": 0.2982481168448365,
            "c8_ii": 2.043491576086116,
            "c10_ii": 19.324494771645274,
            "slater_b_init": 66.85223519315711
        },
        {
            "index": 13,
            "element": "H",
            "charge": 0.09942334871472969,
            "dipole": [
                -0.01487244369542954,
                0.03484516927766592,
                0.043277417267738205
            ],
            "quadrupole": [
                [
                    -0.498782573356156,
                    -0.5219620876125318,
                    -0.0033882449756761834
                ],
                [
                    -0.5219620876125318,
                    0.006022166200403211,
                    -0.5203917582557768
                ],
                [
                    -0.0033882449756761834,
                    -0.5203917582557768,
                    0.008459165027594504
                ]
            ],
            "volume_eff": 2.8928792533117007,
            "alpha_iso": 0.9232593361633088,
            "c6_ii": 0.2736123808287723,
            "c8_ii": 1.8215883146222704,
            "c10_ii": 16.738050476302387,
            "slater_b_init": 67.81976177238991
        },
        {
            "index": 14,
            "element": "H",
            "charge": 0.07610009083406688,
            "dipole": [
                -0.0003252705519858442,
                0.016476292435613032,
                -0.05798192017462933
            ],
            "quadrupole": [
                [
                    -0.5327089811814637,
                    -0.5479741911886561,
                    0.00545848231148608
                ],
                [
                    -0.5479741911886561,
                    0.0068735610867335754,
                    -0.5557195454877822
                ],
                [
                    0.00545848231148608,
                    -0.5557195454877822,
                    0.0013184882453496222
                ]
            ],
            "volume_eff": 3.1342905109650023,
            "alpha_iso": 1.0003054822228732,
            "c6_ii": 0.3211837963196728,
            "c8_ii": 2.255662264767945,
            "c10_ii": 21.864254628740397,
            "slater_b_init": 66.03182181321255
        },
        {
            "index": 15,
            "element": "H",
            "charge": 0.4285967600911168,
            "dipole": [
                0.01110086397299645,
                -0.011541585563275223,
                -0.015225961304701267
            ],
            "quadrupole": [
                [
                    -0.2642968482716539,
                    -0.2788391234626852,
                    0.0030068671416931176
                ],
                [
                    -0.2788391234626852,
                    0.0008116248415129343,
                    -0.27159267653286506
                ],
                [
                    0.0030068671416931176,
                    -0.27159267653286506,
                    0.005297776145318116
                ]
            ],
            "volume_eff": 1.4089198104197727,
            "alpha_iso": 0.4496552586446083,
            "c6_ii": 0.06490044620117888,
            "c8_ii": 0.26746450072828387,
            "c10_ii": 1.5213346928297267,
            "slater_b_init": 86.19940544692156
        }
    ]
}