{
    "molecule": "DME",
    "atoms": [
        {
            "index": 0,
            "element": "C",
            "charge": -0.09187197601740316,
            "dipole": [
                -0.14022603555659835,
                -0.05998474033618304,
                0.04566512282999074
            ],
            "quadrupole": [
                [
                    -4.469598000853162,
                    -4.53948776264282,
                    0.0027550074593609007
                ],
                [
                    -4.53948776264282,
                    0.04333281871713149,
                    -4.556229892443696
                ],
                [
                    0.0027550074593609007,
                    -4.556229892443696,
                    -0.035713851970726164
                ]
            ],
            "volume_eff": 33.44471232798107,
            "alpha_iso": 10.506192354339603,
            "c6_ii": 35.720219616982575,
            "c8_ii": 947.0466526853144,
            "c10_ii": 31458.86764063884,
            "slater_b_init": 36.585866366051306
        },
        {
            "index": 1,
            "element": "O",
            "charge": -0.3497875398311052,
            "dipole": [
                0.017829959010568754,
                0.05584661447203455,
                -0.06930097968690192
            ],
            "quadrupole": [
                [
                    -3.932234007816627,
                    -4.098885115216852,
                    -0.002957988170463796
                ],
                [
                    -4.098885115216852,
                    0.002844890444343744,
                    -4.0902919959942725
                ],
                [
                    -0.002957988170463796,
                    -4.0902919959942725,
                    0.03638178591672588
                ]
            ],
            "volume_eff": 23.05514998761331,
            "alpha_iso": 6.878332040503418,
            "c6_ii": 25.31065315112785,
            "c8_ii": 1029.5136249550899,
            "c10_ii": 40324.633470911744,
            "slater_b_init": 34.13280123421548
        },
        {
            "index": 2,
            "element": "C",
            "charge": 0.019252949829200006,
            "dipole": [
                0.0671085208150004,
                -0.0574258307219961,
                0.09469005947119809
            ],
            "quadrupole": [
                [
                    -4.3223987221938485,
                    -4.339374136434944,
                    0.023069876871817736
                ],
                [
                    -4.339374136434944,
                    -0.06251387658639157,
                    -4.324240147410829
                ],
                [
                    0.023069876871817736,
                    -4.324240147410829,
                    0.07955065551082778
                ]
            ],
            "volume_eff": 31.804550838991,
            "alpha_iso": 9.990958378740626,
            "c6_ii": 32.302618184575714,
            "c8_ii": 828.2018158566773,
            "c10_ii": 26604.131901674402,
            "slater_b_init": 37.20426619865531
        },
        {
            "index": 3,
            "element": "C",
            "charge": 0.0192524319050289,
            "dipole": [
                -0.06711433852970838,
                0.05743653332387872,
                -0.09468055419659377
            ],
            "quadrupole": [
                [
                    -4.322385335165666,
                    -4.339381760038567,
                    0.023070015514707595
                ],
                [
                    -4.339381760038567,
                    -0.0625201531005572,
                    -4.324239952767747
                ],
                [
                    0.023070015514707595,
                    -4.324239952767747,
                    0.07954263080062589
                ]
            ],
            "volume_eff": 31.804506609705957,
            "alpha_iso": 9.990944484724384,
            "c6_ii": 32.30252834078443,
            "c8_ii": 828.1987445367337,
            "c10_ii": 26604.008577622448,
            "slater_b_init": 37.204283444820575
        },
        {
            "index": 4,
            "element": "O",
            "charge": -0.349778578373364,
            "dipole": [
                -0.017827568637919178,
                -0.05584414924684952,
                0.0693094541779071
            ],
            "quadrupole": [
                [
                    -3.9321972259843143,
                    -4.09887676329605,
                    -0.0029661261498638747
                ],
                [
                    -4.09887676329605,
                    0.0028085458886204233,
                    -4.0902841840074355
                ],
                [
                    -0.0029661261498638747,
                    -4.0902841840074355,
                    0.03636660165051581
                ]
            ],
            "volume_eff": 23.054993664585016,
            "alpha_iso": 6.878285402693872,
            "c6_ii": 25.310309919829248,
            "c8_ii": 1029.4950103689619,
            "c10_ii": 40323.72208828392,
            "slater_b_init": 34.1328783791914
        },
        {
            "index": 5,
            "element": "C",
            "charge": -0.09189660513785292,
            "dipole": [
                0.14022377011699008,
                0.0599530613129779,
                -0.045690272642806916
            ],
            "quadrupole": [
                [
                    -4.4696694512174675,
                    -4.539560344063014,
                    0.002754504273456576
                ],
                [
                    -4.539560344063014,
                    0.043315715979898736,
                    -4.5562754187454075
                ],
                [
                    0.002754504273456576,
                    -4.5562754187454075,
                    -0.035738966168062956
                ]
            ],
            "volume_eff": 33.44535469811052,
            "alpha_iso": 10.506394146003304,
            "c6_ii": 35.7215917814211,
            "c8_ii": 947.095159742744,
            "c10_ii": 31460.881779626605,
            "slater_b_init": 36.58563213503588
        },
        {
            "index": 6,
            "element": "H",
            "charge": 0.07773478877924234,
            "dipole": [
                0.008499893756933236,
                -0.025730576172448224,
                -0.05164663621858059
            ],
            "quadrupole": [
                [
                    -0.5408227538872634,
                    -0.5557190203773359,
                    -0.0010624061964962935
                ],
                [
                    -0.5557190203773359,
                    0.01135210964563122,
                    -0.5707900317795677
                ],
                [
                    -0.0010624061964962935,
                    -0.5707900317795677,
                    -0.0026523346553180742
                ]
            ],
            "volume_eff": 3.2344318551110858,
            "alpha_iso": 1.0322654856737508,
            "c6_ii": 0.34203546735487506,
            "c8_ii": 2.4529993222831767,
            "c10_ii": 24.280849044414786,
            "slater_b_init": 65.3431941818088
        },
        {
            "index": 7,
            "element": "H",
            "charge": 0.10996842680121699,
            "dipole": [
                0.03248943048996784,
                -0.026540238827842958,
                0.04349594951970092
            ],
            "quadrupole": [
                [
                    -0.49994144814111824,
                    -0.5124934219184033,
                    -0.004106878310786154
                ],
                [
                    -0.5124934219184033,
                    0.008497317177770065,
                    -0.5137435601297579
                ],
                [
                    -0.004106878310786154,
                    -0.5137435601297579,
                    -0.007317935480339837
                ]
            ],
            "volume_eff": 2.85902921076335,
            "alpha_iso": 0.9124561310946862,
            "c6_ii": 0.2672466786478933,
            "c8_ii": 1.7653019196560058,
            "c10_ii": 16.094067760811694,
            "slater_b_init": 68.08636751417353
        },
        {
            "index": 8,
            "element": "H",
            "charge": 0.0780421339338222,
            "dipole": [
                -0.006717543437583517,
                0.056764887453319944,
                0.01004704928621221
            ],
            "quadrupole": [
                [
                    -0.5376191974847981,
                    -0.5682955785060565,
                    0.0015198526060289706
                ],
                [
                    -0.5682955785060565,
                    0.006331335616248151,
                    -0.5592103263772601
                ],
                [
                    0.0015198526060289706,
                    -0.5592103263772601,
                    -0.00874378317551653
                ]
            ],
            "volume_eff": 3.22766541892757,
            "alpha_iso": 1.030105984764118,
            "c6_ii": 0.3406058868644221,
            "c8_ii": 2.4393386926648635,
            "c10_ii": 24.111943338057287,
            "slater_b_init": 65.3888238541912
        },
        {
            "index": 9,
            "element": "H",
            "charge": 0.07888948089490655,
            "dipole": [
                0.008041508588720141,
                -0.026983944266473575,
                -0.049902562196391914
            ],
            "quadrupole": [
                [
                    -0.5342864896242144,
                    -0.545084115012163,
                    -0.004547607290423113
                ],
                [
                    -0.545084115012163,
                    -0.0031854503004188437,
                    -0.558179601479386
                ],
                [
                    -0.004547607290423113,
                    -0.558179601479386,
                    0.012841163183592416
                ]
            ],
            "volume_eff": 3.151697076178211,
            "alpha_iso": 1.0058607689930459,
            "c6_ii": 0.32476114878495466,
            "c8_ii": 2.289222452594653,
            "c10_ii": 22.271633929521993,
            "slater_b_init": 65.9100345462573
        },
        {
            "index": 10,
            "element": "H",
            "charge": 0.07891237528526474,
            "dipole": [
                -0.00686846596512865,
                0.05567017183790355,
                0.011714325323787703
            ],
            "quadrupole": [
                [
                    -0.5326499295874063,
                    -0.5637043910385674,
                    0.00035683890073448857
                ],
                [
                    -0.5637043910385674,
                    -0.004813378919133984,
                    -0.5407640944366142
                ],
                [
                    0.00035683890073448857,
                    -0.5407640944366142,
                    0.008240939432394614
                ]
            ],
            "volume_eff": 3.1503256049517785,
            "alpha_iso": 1.0054230654101421,
            "c6_ii": 0.3244785685423074,
            "c8_ii": 2.2865669822226096,
            "c10_ii": 22.239345080730892,
            "slater_b_init": 65.9195976425849
        },
        {
            "index": 11,
            "element": "H",
            "charge": 0.0789079351474673,
            "dipole": [
                0.006864891695149942,
                -0.05566995664708501,
                -0.011722459216948257
            ],
            "quadrupole": [
                [
                    -0.5326515913050743,
                    -0.5637062436528452,
                    0.00035617157333818754
                ],
                [
                    -0.5637062436528452,
                    -0.004816679889891102,
                    -0.5407693905904947
                ],
                [
                    0.00035617157333818754,
                    -0.5407693905904947,
                    0.008241517813083792
                ]
            ],
            "volume_eff": 3.150338993981944,
            "alpha_iso": 1.0054273385048758,
            "c6_ii": 0.32448132664614754,
            "c8_ii": 2.286592897023443,
            "c10_ii": 22.239660143125406,
            "slater_b_init": 65.91950425573211
        },
        {
            "index": 12,
            "element": "H",
            "charge": 0.07889332410747996,
            "dipole": [
                -0.008036192914374652,
                0.026975011509614927,
                0.04990529202527762
            ],
            "quadrupole": [
                [
                    -0.534285832815481,
                    -0.545081627531803,
                    -0.004547959899036976
                ],
                [
                    -0.545081627531803,
                    -0.003186492171067799,
                    -0.5581814185591031
                ],
                [
                    -0.004547959899036976,
                    -0.5581814185591031,
                    0.012837073802369283
                ]
            ],
            "volume_eff": 3.151706036278427,
            "alpha_iso": 1.005863628599498,
            "c6_ii": 0.32476299534349473,
            "c8_ii": 2.2892398076561253,
            "c10_ii": 22.271844986960833,
            "slater_b_init": 65.90997208684985
        },
        {
            "index": 13,
            "element": "H",
            "charge": 0.0780487477471341,
            "dipole": [
                0.006704436836116493,
                -0.05676508338717634,
                -0.010045514269400615
            ],
            "quadrupole": [
                [
                    -0.5376099131630729,
                    -0.5682885996741964,
                    0.0015194870038905933
                ],
                [
                    -0.5682885996741964,
                    0.006325430783394285,
                    -0.559197801797599
                ],
                [
                    0.0015194870038905933,
                    -0.559197801797599,
                    -0.008746357950042685
                ]
            ],
            "volume_eff": 3.227590402206476,
            "alpha_iso": 1.0300820432573858,
            "c6_ii": 0.3405900544675814,
            "c8_ii": 2.4391875100008824,
            "c10_ii": 24.110075372982614,
            "slater_b_init": 65.38933044647294
        },
        {
            "index": 14,
            "element": "H",
            "charge": 0.10997436280678019,
            "dipole": [
                -0.03248952526679092,
                0.02654664616260297,
                -0.0434895335414535
            ],
            "quadrupole": [
                [
                    -0.49993222288217815,
                    -0.5124901920520835,
                    -0.004106176505260238
                ],
                [
                    -0.5124901920520835,
                    0.008493671259459688,
                    -0.5137334236244003
                ],
                [
                    -0.004106176505260238,
                    -0.5137334236244003,
                    -0.007321004038137642
                ]
            ],
            "volume_eff": 2.8589721484693333,
            "alpha_iso": 0.9124379197242554,
            "c6_ii": 0.2672360110014678,
            "c8_ii": 1.7652079665510858,
            "c10_ii": 16.092997067492615,
            "slater_b_init": 68.08682049030995
        },
        {
            "index": 15,
            "element": "H",
            "charge": 0.0777375062408231,
            "dipole": [
                -0.008487279757994652,
                0.025733462030716418,
                0.051647089359534985
            ],
            "quadrupole": [
                [
                    -0.5408170739370898,
                    -0.5557211395643524,
                    -0.0010641846860888423
                ],
                [
                    -0.5557211395643524,
                    0.01134864475675718,
                    -0.5707893716378505
                ],
                [
                    -0.0010641846860888423,
                    -0.5707893716378505,
                    -0.002657930467513399
                ]
            ],
            "volume_eff": 3.234424847277195,
            "alpha_iso": 1.0322632491310197,
            "c6_ii": 0.34203398522431816,
            "c8_ii": 2.4529851496296637,
            "c10_ii": 24.28067368571776,
            "slater_b_init": 65.34324137349837
        }
    ]
}