{
    "molecule": "TMP",
    "atoms": [
        {
            "index": 0,
            "element": "C",
            "charge": -0.06593581028456086,
            "dipole": [
                0.1786545069588664,
                -0.016643919372407667,
                -0.06326471377484037
            ],
            "quadrupole": [
                [
                    -4.329981516935374,
                    -4.4715768734458115,
                    -0.004405126751973176
                ],
                [
                    -4.4715768734458115,
                    -0.04340656676006168,
                    -4.425174709805569
                ],
                [
                    -0.004405126751973176,
                    -4.425174709805569,
                    -0.048121023209474985
                ]
            ],
            "volume_eff": 32.06116336142779,
            "alpha_iso": 10.071569642333337,
            "c6_ii": 32.82598334592544,
            "c8_ii": 846.1412596177603,
            "c10_ii": 27326.40245804186,
            "slater_b_init": 37.10474115994717
        },
        {
            "index": 1,
            "element": "O",
            "charge": -0.5582595386464799,
            "dipole": [
                -0.12773217622825522,
                -0.15632399721595272,
                -0.016305348364100157
            ],
            "quadrupole": [
                [
                    -4.216658414626453,
                    -4.281882890711232,
                    -0.02447542474220481
                ],
                [
                    -4.281882890711232,
                    -0.011799356764731473,
                    -4.231576746919227
                ],
                [
                    -0.02447542474220481,
                    -4.231576746919227,
                    -0.007787012554283439
                ]
            ],
            "volume_eff": 24.340189029310544,
            "alpha_iso": 7.26171385404845,
            "c6_ii": 28.21079610185306,
            "c8_ii": 1189.7291011665968,
            "c10_ii": 48315.93754411955,
            "slater_b_init": 33.52122904040944
        },
        {
            "index": 2,
            "element": "P",
            "charge": 1.7752559997557427,
            "dipole": [
                0.008469489750584895,
                -0.027089737455900965,
                -0.0766859869641351
            ],
            "quadrupole": [
                [
                    -6.20185941778412,
                    -6.18765694903358,
                    -0.015285011994696632
                ],
                [
                    -6.18765694903358,
                    -3.068846516675515e-05,
                    -6.2258298193514925
                ],
                [
                    -0.015285011994696632,
                    -6.2258298193514925,
                    -0.0024332999054542917
                ]
            ],
            "volume_eff": 49.51220022071025,
            "alpha_iso": 19.043153931042404,
            "c6_ii": 107.3419466458472,
            "c8_ii": 3387.622625060973,
            "c10_ii": 60546.283483390485,
            "slater_b_init": 36.13385660766653
        },
        {
            "index": 3,
            "element": "O",
            "charge": -0.8680559351377646,
            "dipole": [
                -0.01869857630751787,
                0.11823155990030225,
                0.3007718159120774
            ],
            "quadrupole": [
                [
                    -4.7784173692834795,
                    -4.782447155044812,
                    -0.012281927647126841
                ],
                [
                    -4.782447155044812,
                    7.781876248397405e-05,
                    -4.811200520958036
                ],
                [
                    -0.012281927647126841,
                    -4.811200520958036,
                    0.0003422949011993718
                ]
            ],
            "volume_eff": 28.707086811176055,
            "alpha_iso": 8.564545236483465,
            "c6_ii": 39.241508493869574,
            "c8_ii": 1847.3756736260016,
            "c10_ii": 83747.97812862926,
            "slater_b_init": 31.727185038389326
        },
        {
            "index": 4,
            "element": "O",
            "charge": -0.5601895957763254,
            "dipole": [
                0.1895054764230775,
                -0.059149813648806164,
                -0.03614396857183132
            ],
            "quadrupole": [
                [
                    -4.267089042074291,
                    -4.2289407650564215,
                    -0.0024020702350965608
                ],
                [
                    -4.2289407650564215,
                    0.00764855588493857,
                    -4.253042324888926
                ],
                [
                    -0.0024020702350965608,
                    -4.253042324888926,
                    0.03685798815215136
                ]
            ],
            "volume_eff": 24.402206786629193,
            "alpha_iso": 7.280216389381085,
            "c6_ii": 28.35473904488759,
            "c8_ii": 1197.8299514774649,
            "c10_ii": 48727.515210999176,
            "slater_b_init": 33.49280708758646
        },
        {
            "index": 5,
            "element": "C",
            "charge": -0.07182880925326529,
            "dipole": [
                -0.08688270678249958,
                0.10577163818030079,
                -0.12700259452523197
            ],
            "quadrupole": [
                [
                    -4.473151244601891,
                    -4.406775217352209,
                    -0.05962723003335534
                ],
                [
                    -4.406775217352209,
                    -0.01681821624523378,
                    -4.390519616729471
                ],
                [
                    -0.05962723003335534,
                    -4.390519616729471,
                    0.05337764540769816
                ]
            ],
            "volume_eff": 32.19965132475957,
            "alpha_iso": 10.115073714584158,
            "c6_ii": 33.1101790091567,
            "c8_ii": 855.9227790201431,
            "c10_ii": 27721.843033992103,
            "slater_b_init": 37.05146993587022
        },
        {
            "index": 6,
            "element": "O",
            "charge": -0.5570845694846298,
            "dipole": [
                -0.05064927019954095,
                0.14664572597887104,
                -0.12998442929154355
            ],
            "quadrupole": [
                [
                    -4.235285985052388,
                    -4.218348985860624,
                    0.015291857958874167
                ],
                [
                    -4.218348985860624,
                    0.005579188109422563,
                    -4.270038265552676
                ],
                [
                    0.015291857958874167,
                    -4.270038265552676,
                    -0.02599577698909946
                ]
            ],
            "volume_eff": 24.31806249337979,
            "alpha_iso": 7.255112567085684,
            "c6_ii": 28.159529164366255,
            "c8_ii": 1186.8472122155592,
            "c10_ii": 48169.68683432728,
            "slater_b_init": 33.53139273165989
        },
        {
            "index": 7,
            "element": "C",
            "charge": -0.07511456781665071,
            "dipole": [
                -0.07545183874558191,
                -0.1698093444413965,
                -0.01884194320712537
            ],
            "quadrupole": [
                [
                    -4.432715375300119,
                    -4.376048731328117,
                    0.04317285414147278
                ],
                [
                    -4.376048731328117,
                    0.06491613069424272,
                    -4.489158616350785
                ],
                [
                    0.04317285414147278,
                    -4.489158616350785,
                    -0.005898481383098455
                ]
            ],
            "volume_eff": 32.301817574704934,
            "alpha_iso": 10.14716782451464,
            "c6_ii": 33.32062286404941,
            "c8_ii": 863.1839590244351,
            "c10_ii": 28016.125275292252,
            "slater_b_init": 37.0123657619455
        },
        {
            "index": 8,
            "element": "H",
            "charge": 0.10987490110283149,
            "dipole": [
                0.005183080754598393,
                0.010300279317803647,
                0.06510857344133088
            ],
            "quadrupole": [
                [
                    -0.4945164087978444,
                    -0.5219269076377984,
                    0.0017147643551846752
                ],
                [
                    -0.5219269076377984,
                    -0.00044507826612952067,
                    -0.5158153215112053
                ],
                [
                    0.0017147643551846752,
                    -0.5158153215112053,
                    -0.0017345145622378803
                ]
            ],
            "volume_eff": 2.8778444994092838,
            "alpha_iso": 0.9184610104497715,
            "c6_ii": 0.2707757570447752,
            "c8_ii": 1.7964519675709043,
            "c10_ii": 16.449836885627068,
            "slater_b_init": 67.93766053329162
        },
        {
            "index": 9,
            "element": "H",
            "charge": 0.10223204292111998,
            "dipole": [
                -0.02728473562874113,
                0.046074877881025954,
                -0.03650848800380152
            ],
            "quadrupole": [
                [
                    -0.5064343596306526,
                    -0.5239392676782213,
                    -0.003275098104253074
                ],
                [
                    -0.5239392676782213,
                    0.0023980868498816206,
                    -0.5225905154502688
                ],
                [
                    -0.003275098104253074,
                    -0.5225905154502688,
                    -0.010107830185884382
                ]
            ],
            "volume_eff": 2.9232509375288425,
            "alpha_iso": 0.9329524268709072,
            "c6_ii": 0.2793877284063235,
            "c8_ii": 1.8730340548701936,
            "c10_ii": 17.331022085928225,
            "slater_b_init": 67.58406808059434
        },
        {
            "index": 10,
            "element": "H",
            "charge": 0.10962861922953726,
            "dipole": [
                -0.013675766996141767,
                -0.05868392689104092,
                -0.01660258725421921
            ],
            "quadrupole": [
                [
                    -0.489954747845391,
                    -0.5153683742522597,
                    0.0013984655104556452
                ],
                [
                    -0.5153683742522597,
                    -0.0016799670235549684,
                    -0.5154932748086761
                ],
                [
                    0.0013984655104556452,
                    -0.5154932748086761,
                    -0.008935909867254824
                ]
            ],
            "volume_eff": 2.839276801365921,
            "alpha_iso": 0.9061521706486982,
            "c6_ii": 0.26356673661302515,
            "c8_ii": 1.7329659805911035,
            "c10_ii": 15.726411316960862,
            "slater_b_init": 68.24389156149276
        },
        {
            "index": 11,
            "element": "H",
            "charge": 0.10321950083707154,
            "dipole": [
                -0.03351031277060144,
                -0.055337105616117335,
                0.0030479961310869745
            ],
            "quadrupole": [
                [
                    -0.5127723994442724,
                    -0.5210847953262107,
                    -0.007458860564669866
                ],
                [
                    -0.5210847953262107,
                    -0.005124403152063435,
                    -0.5159913371527123
                ],
                [
                    -0.007458860564669866,
                    -0.5159913371527123,
                    0.010666283071594135
                ]
            ],
            "volume_eff": 2.9158519213503915,
            "alpha_iso": 0.9305910387288484,
            "c6_ii": 0.2779752063632514,
            "c8_ii": 1.8604185161296514,
            "c10_ii": 17.185232029517454,
            "slater_b_init": 67.64118497767609
        },
        {
            "index": 12,
            "element": "H",
            "charge": 0.11113834867681305,
            "dipole": [
                0.05163300195560792,
                -0.002098088719334764,
                -0.03418229744257413
            ],
            "quadrupole": [
                [
                    -0.5074368839611041,
                    -0.5058327248517612,
                    -0.011949821891846964
                ],
                [
                    -0.5058327248517612,
                    -0.008875444965000964,
                    -0.5021019187216058
                ],
                [
                    -0.011949821891846964,
                    -0.5021019187216058,
                    0.008380033456072652
                ]
            ],
            "volume_eff": 2.8262646078687284,
            "alpha_iso": 0.9019993429368282,
            "c6_ii": 0.26115645902617546,
            "c8_ii": 1.7118679725563717,
            "c10_ii": 15.4874499932727,
            "slater_b_init": 68.34846344045233
        },
        {
            "index": 13,
            "element": "H",
            "charge": 0.11077761445878886,
            "dipole": [
                0.003875080953320174,
                0.03716828278829432,
                0.054590911947031126
            ],
            "quadrupole": [
                [
                    -0.5142739654750602,
                    -0.5039963387016123,
                    -0.006426604241536065
                ],
                [
                    -0.5039963387016123,
                    -0.010041021629950226,
                    -0.511021884093412
                ],
                [
                    -0.006426604241536065,
                    -0.511021884093412,
                    0.0063329692445708765
                ]
            ],
            "volume_eff": 2.8702821938910867,
            "alpha_iso": 0.9160475086886447,
            "c6_ii": 0.26935455546347514,
            "c8_ii": 1.7838910972914515,
            "c10_ii": 16.306190295300357,
            "slater_b_init": 67.9972731155518
        },
        {
            "index": 14,
            "element": "H",
            "charge": 0.11204672478053679,
            "dipole": [
                -0.03141120039105865,
                0.02084507198471448,
                -0.048609893905089595
            ],
            "quadrupole": [
                [
                    -0.5091325219941253,
                    -0.4885507741042989,
                    0.0006726887663011655
                ],
                [
                    -0.4885507741042989,
                    0.010837109063008927,
                    -0.513808052828679
                ],
                [
                    0.0006726887663011655,
                    -0.513808052828679,
                    0.002009709503341319
                ]
            ],
            "volume_eff": 2.8161271856970584,
            "alpha_iso": 0.8987639954352314,
            "c6_ii": 0.25928635440442244,
            "c8_ii": 1.6955429166444134,
            "c10_ii": 15.30305246712013,
            "slater_b_init": 68.43037824060457
        },
        {
            "index": 15,
            "element": "H",
            "charge": 0.10402095788582932,
            "dipole": [
                0.06336607988400535,
                -0.007637819121464172,
                -0.009206486682156562
            ],
            "quadrupole": [
                [
                    -0.5216202250702915,
                    -0.4994141248421782,
                    0.0012992208037325044
                ],
                [
                    -0.4994141248421782,
                    0.0031856069264709123,
                    -0.5257309142610278
                ],
                [
                    0.0012992208037325044,
                    -0.5257309142610278,
                    0.0006690804997257411
                ]
            ],
            "volume_eff": 2.9082822366104963,
            "alpha_iso": 0.9281751818969669,
            "c6_ii": 0.2765338071052612,
            "c8_ii": 1.8475670789297776,
            "c10_ii": 17.036969760391553,
            "slater_b_init": 67.6998196875852
        },
        {
            "index": 16,
            "element": "H",
            "charge": 0.11156688317466368,
            "dipole": [
                -0.020465446843084246,
                0.022290142320617018,
                0.058422159666650916
            ],
            "quadrupole": [
                [
                    -0.5135078451416082,
                    -0.49903932809909346,
                    -0.0020250474594770826
                ],
                [
                    -0.49903932809909346,
                    0.010927667378827725,
                    -0.5139413765458103
                ],
                [
                    -0.0020250474594770826,
                    -0.5139413765458103,
                    -0.003639688306549898
                ]
            ],
            "volume_eff": 2.86377446576604,
            "alpha_iso": 0.9139705741806511,
            "c6_ii": 0.2681345366934671,
            "c8_ii": 1.7731259256817133,
            "c10_ii": 16.183280380753295,
            "slater_b_init": 68.04874050647527
        }
    ]
}