{
    "molecule": "Phos_567",
    "atoms": [
        {
            "index": 0,
            "element": "C",
            "charge": -0.4866902721461468,
            "dipole": [
                0.043691437218749615,
                0.02518060004448572,
                -0.023420803271749623
            ],
            "quadrupole": [
                [
                    -5.185135820514896,
                    -5.095768002736194,
                    -0.007849819466739282
                ],
                [
                    -5.095768002736194,
                    0.024624799527118976,
                    -5.155020449728083
                ],
                [
                    -0.007849819466739282,
                    -5.155020449728083,
                    0.03759518982040908
                ]
            ],
            "volume_eff": 38.752010782837296,
            "alpha_iso": 12.173406528639987,
            "c6_ii": 47.95652163498274,
            "c8_ii": 1402.6504225403794,
            "c10_ii": 51400.30286774622,
            "slater_b_init": 34.83301642398147
        },
        {
            "index": 1,
            "element": "C",
            "charge": 0.14106244443535765,
            "dipole": [
                -0.028360334805222074,
                0.16062708321680422,
                0.06025439350097002
            ],
            "quadrupole": [
                [
                    -4.150013834975527,
                    -3.976884170769325,
                    -0.0023730209504714554
                ],
                [
                    -3.976884170769325,
                    0.011249139350622706,
                    -4.08930419440691
                ],
                [
                    -0.0023730209504714554,
                    -4.08930419440691,
                    0.07222012443155724
                ]
            ],
            "volume_eff": 29.210756359156886,
            "alpha_iso": 9.176153830101638,
            "c6_ii": 27.24863776873546,
            "c8_ii": 660.1038621624606,
            "c10_ii": 20035.224426764416,
            "slater_b_init": 38.27438588946694
        },
        {
            "index": 2,
            "element": "O",
            "charge": -0.5768253526128433,
            "dipole": [
                -0.17530307155206334,
                -0.07830255371491296,
                0.06921351588379779
            ],
            "quadrupole": [
                [
                    -4.285262684707836,
                    -4.25951767995408,
                    -0.01397689930397802
                ],
                [
                    -4.25951767995408,
                    0.010062726841288897,
                    -4.276663344637528
                ],
                [
                    -0.01397689930397802,
                    -4.276663344637528,
                    0.037748261882139825
                ]
            ],
            "volume_eff": 24.622836899189377,
            "alpha_iso": 7.346039737879703,
            "c6_ii": 28.869790032781896,
            "c8_ii": 1226.9281451838162,
            "c10_ii": 50211.61806435074,
            "slater_b_init": 33.392470648612246
        },
        {
            "index": 3,
            "element": "P",
            "charge": 1.756708164595853,
            "dipole": [
                -0.022869167996750414,
                0.03237301821473948,
                0.04140451415384185
            ],
            "quadrupole": [
                [
                    -6.2749654432224835,
                    -6.2869253270920336,
                    -0.07146133869615817
                ],
                [
                    -6.2869253270920336,
                    -0.010220326872998642,
                    -6.322085520866771
                ],
                [
                    -0.07146133869615817,
                    -6.322085520866771,
                    0.00825374313689781
                ]
            ],
            "volume_eff": 50.662120557658724,
            "alpha_iso": 19.485430983714895,
            "c6_ii": 112.38587810385044,
            "c8_ii": 3601.5108411244137,
            "c10_ii": 65361.89230496969,
            "slater_b_init": 35.85837495064119
        },
        {
            "index": 4,
            "element": "O",
            "charge": -0.8489222964214704,
            "dipole": [
                0.04429313142972257,
                -0.09752057736278412,
                -0.31659862649107445
            ],
            "quadrupole": [
                [
                    -4.751233603285554,
                    -4.737760410635186,
                    -0.01650508648474495
                ],
                [
                    -4.737760410635186,
                    0.0029771276104334564,
                    -4.780115608259999
                ],
                [
                    -0.01650508648474495,
                    -4.780115608259999,
                    0.009527287794516087
                ]
            ],
            "volume_eff": 28.405468993772747,
            "alpha_iso": 8.474559810296842,
            "c6_ii": 38.421239988390106,
            "c8_ii": 1796.0680939749084,
            "c10_ii": 80850.70343075016,
            "slater_b_init": 31.839086167380966
        },
        {
            "index": 5,
            "element": "O",
            "charge": -0.5659894877956475,
            "dipole": [
                -0.0010767333593849741,
                0.20047250713290332,
                0.04304145029092989
            ],
            "quadrupole": [
                [
                    -4.237827426752464,
                    -4.282675163637059,
                    0.012204399397669742
                ],
                [
                    -4.282675163637059,
                    0.0014202928654923747,
                    -4.230564282983602
                ],
                [
                    0.012204399397669742,
                    -4.230564282983602,
                    0.004637840263673422
                ]
            ],
            "volume_eff": 24.400072726020593,
            "alpha_iso": 7.279579708315536,
            "c6_ii": 28.34977981425312,
            "c8_ii": 1197.5506264205185,
            "c10_ii": 48713.312006301196,
            "slater_b_init": 33.49378349993022
        },
        {
            "index": 6,
            "element": "C",
            "charge": 0.14622806891458318,
            "dipole": [
                0.06154831661863764,
                0.0126570880336766,
                -0.15940079493333398
            ],
            "quadrupole": [
                [
                    -4.051828235800271,
                    -4.148025011339272,
                    0.038573717878298726
                ],
                [
                    -4.148025011339272,
                    -0.050860847173157885,
                    -3.9736128914428406
                ],
                [
                    0.038573717878298726,
                    -3.9736128914428406,
                    0.0041727944361437085
                ]
            ],
            "volume_eff": 29.053547313308037,
            "alpha_iso": 9.126768789520849,
            "c6_ii": 26.95612873501062,
            "c8_ii": 650.6726845219584,
            "c10_ii": 19678.05130347444,
            "slater_b_init": 38.34329611354551
        },
        {
            "index": 7,
            "element": "C",
            "charge": -0.49330966230929274,
            "dipole": [
                -0.007969401414188735,
                -0.04659081716095566,
                -0.020565682742287403
            ],
            "quadrupole": [
                [
                    -5.156843207247464,
                    -5.202288323462293,
                    0.029883312286890163
                ],
                [
                    -5.202288323462293,
                    -0.026695993899400694,
                    -5.110095098956794
                ],
                [
                    0.029883312286890163,
                    -5.110095098956794,
                    -0.0033134188248727034
                ]
            ],
            "volume_eff": 38.832394972149274,
            "alpha_iso": 12.198658106434326,
            "c6_ii": 48.15568261980346,
            "c8_ii": 1410.4226408878278,
            "c10_ii": 51756.56652823212,
            "slater_b_init": 34.80896470069641
        },
        {
            "index": 8,
            "element": "O",
            "charge": -0.5903689769222495,
            "dipole": [
                0.1595316653487079,
                -0.061894306256996545,
                0.10408419031106145
            ],
            "quadrupole": [
                [
                    -4.278762208475989,
                    -4.305291866674066,
                    0.016066444831874523
                ],
                [
                    -4.305291866674066,
                    0.009868764499681604,
                    -4.348229758321711
                ],
                [
                    0.016066444831874523,
                    -4.348229758321711,
                    -0.02133457128419662
                ]
            ],
            "volume_eff": 24.968488800973,
            "alpha_iso": 7.449162404710177,
            "c6_ii": 29.68601921451512,
            "c8_ii": 1273.3962921819204,
            "c10_ii": 52599.88341195295,
            "slater_b_init": 33.237664244870196
        },
        {
            "index": 9,
            "element": "C",
            "charge": 0.03326787855098701,
            "dipole": [
                -0.14241005337994905,
                -0.022694859325517076,
                0.07689935926374314
            ],
            "quadrupole": [
                [
                    -4.180599487979145,
                    -4.252201663563329,
                    0.016806784753792037
                ],
                [
                    -4.252201663563329,
                    0.030713995462889703,
                    -4.354634015766582
                ],
                [
                    0.016806784753792037,
                    -4.354634015766582,
                    -0.07802729491318369
                ]
            ],
            "volume_eff": 30.961400049767022,
            "alpha_iso": 9.726094256471315,
            "c6_ii": 30.61261098636539,
            "c8_ii": 770.9384561646707,
            "c10_ii": 24325.036839739238,
            "slater_b_init": 37.538965632847344
        },
        {
            "index": 10,
            "element": "C",
            "charge": 0.013740037608899414,
            "dipole": [
                0.12297532192676416,
                0.007427145859436393,
                -0.05116007623774368
            ],
            "quadrupole": [
                [
                    -4.219726146128809,
                    -4.310221573110222,
                    0.026290629358883516
                ],
                [
                    -4.310221573110222,
                    0.007497728312172774,
                    -4.392698498900711
                ],
                [
                    0.026290629358883516,
                    -4.392698498900711,
                    -0.03281403773340482
                ]
            ],
            "volume_eff": 31.434651686541077,
            "alpha_iso": 9.874759692107144,
            "c6_ii": 31.555603891124036,
            "c8_ii": 802.7639736447345,
            "c10_ii": 25586.66670234849,
            "slater_b_init": 37.349628045716436
        },
        {
            "index": 11,
            "element": "O",
            "charge": -0.34493761835091874,
            "dipole": [
                -0.04674381899575625,
                0.08269684490409467,
                0.005364277418189001
            ],
            "quadrupole": [
                [
                    -3.9695623062339234,
                    -4.0394689951324905,
                    -0.014760494873006251
                ],
                [
                    -4.0394689951324905,
                    0.06023515771455675,
                    -4.081577680248246
                ],
                [
                    -0.014760494873006251,
                    -4.081577680248246,
                    -0.008543035945828316
                ]
            ],
            "volume_eff": 22.955057206509768,
            "alpha_iso": 6.848470105809544,
            "c6_ii": 25.09136034041855,
            "c8_ii": 1017.6378192135846,
            "c10_ii": 39744.025570937265,
            "slater_b_init": 34.18233996688413
        },
        {
            "index": 12,
            "element": "C",
            "charge": -0.10197239553337134,
            "dipole": [
                -0.05350051247323516,
                -0.14898168489105232,
                0.0028112239752945225
            ],
            "quadrupole": [
                [
                    -4.556870642321767,
                    -4.480244149586699,
                    -0.0022820082260698016
                ],
                [
                    -4.480244149586699,
                    0.03995753053739232,
                    -4.546826381434815
                ],
                [
                    -0.0022820082260698016,
                    -4.546826381434815,
                    0.016648804736917024
                ]
            ],
            "volume_eff": 33.41051678330031,
            "alpha_iso": 10.495450298418945,
            "c6_ii": 35.647212685019,
            "c8_ii": 944.4666981301153,
            "c10_ii": 31351.778417731057,
            "slater_b_init": 36.59834394464844
        },
        {
            "index": 13,
            "element": "H",
            "charge": 0.14650999804622344,
            "dipole": [
                0.012869366989873465,
                0.01567404252883092,
                0.04152042317004733
            ],
            "quadrupole": [
                [
                    -0.4791625539620296,
                    -0.48994832622224205,
                    -0.0027401182871151894
                ],
                [
                    -0.48994832622224205,
                    0.0027143493158479975,
                    -0.49584692592498464
                ],
                [
                    -0.0027401182871151894,
                    -0.49584692592498464,
                    -0.001484587397089693
                ]
            ],
            "volume_eff": 2.75202057346814,
            "alpha_iso": 0.8783044383408957,
            "c6_ii": 0.24761587464990398,
            "c8_ii": 1.5945588415250513,
            "c10_ii": 14.172379434936133,
            "slater_b_init": 68.9576527517072
        },
        {
            "index": 14,
            "element": "H",
            "charge": 0.15095996600477513,
            "dipole": [
                -0.0267487934431578,
                0.032461874838915265,
                -0.020488769694192645
            ],
            "quadrupole": [
                [
                    -0.4833902625223975,
                    -0.4853619606020387,
                    -0.0022668662197930386
                ],
                [
                    -0.4853619606020387,
                    0.006114340607781983,
                    -0.47922809024709545
                ],
                [
                    -0.0022668662197930386,
                    -0.47922809024709545,
                    -0.006075335020665233
                ]
            ],
            "volume_eff": 2.7086297483230486,
            "alpha_iso": 0.8644563026562921,
            "c6_ii": 0.23986916270687478,
            "c8_ii": 1.5283933182673,
            "c10_ii": 13.441136658118086,
            "slater_b_init": 69.32392561240502
        },
        {
            "index": 15,
            "element": "H",
            "charge": 0.15328903083655654,
            "dipole": [
                -0.011152822535714594,
                -0.04586639913351067,
                -0.005352328212319834
            ],
            "quadrupole": [
                [
                    -0.4772238468249882,
                    -0.48728605532629443,
                    0.001314059001976477
                ],
                [
                    -0.48728605532629443,
                    -0.0031898939630322096,
                    -0.4800492875615544
                ],
                [
                    0.001314059001976477,
                    -0.4800492875615544,
                    -0.004871167706290774
                ]
            ],
            "volume_eff": 2.7007687675512826,
            "alpha_iso": 0.8619474790057284,
            "c6_ii": 0.23847888729225433,
            "c8_ii": 1.5165933722863283,
            "c10_ii": 13.311546875078905,
            "slater_b_init": 69.39111958860471
        },
        {
            "index": 16,
            "element": "H",
            "charge": 0.09768648958671877,
            "dipole": [
                -0.019496957405194214,
                -0.006105640695961604,
                -0.06549896451913836
            ],
            "quadrupole": [
                [
                    -0.5134708438959565,
                    -0.5002674720399257,
                    -0.003286545544365153
                ],
                [
                    -0.5002674720399257,
                    0.0062250574000561965,
                    -0.5192587218013908
                ],
                [
                    -0.003286545544365153,
                    -0.5192587218013908,
                    -0.0013852727073130231
                ]
            ],
            "volume_eff": 2.856275997755653,
            "alpha_iso": 0.9115774460922297,
            "c6_ii": 0.2667322153805535,
            "c8_ii": 1.7607723143225982,
            "c10_ii": 16.042464422058206,
            "slater_b_init": 68.10823702471855
        },
        {
            "index": 17,
            "element": "H",
            "charge": 0.08414773091710204,
            "dipole": [
                0.04350158846464276,
                -0.035704261988075074,
                0.037097109118589947
            ],
            "quadrupole": [
                [
                    -0.5280424373448909,
                    -0.5180564805383079,
                    0.001698129781474724
                ],
                [
                    -0.5180564805383079,
                    0.010754264007853629,
                    -0.5316468827315057
                ],
                [
                    0.001698129781474724,
                    -0.5316468827315057,
                    -0.0029832243804419315
                ]
            ],
            "volume_eff": 2.9627734829597654,
            "alpha_iso": 0.9455660051999251,
            "c6_ii": 0.28699347932016495,
            "c8_ii": 1.9413266241955245,
            "c10_ii": 18.124471307287315,
            "slater_b_init": 67.28220447895563
        },
        {
            "index": 18,
            "element": "H",
            "charge": 0.07943385011070081,
            "dipole": [
                0.04189385328524885,
                -0.026753088589624077,
                0.04612453692561798
            ],
            "quadrupole": [
                [
                    -0.5374032062215445,
                    -0.5320109311128159,
                    0.011100685111727413
                ],
                [
                    -0.5320109311128159,
                    -0.000514121784391086,
                    -0.5297898441825756
                ],
                [
                    0.011100685111727413,
                    -0.5297898441825756,
                    -0.005269637318962304
                ]
            ],
            "volume_eff": 3.018656585679642,
            "alpha_iso": 0.9634010379828645,
            "c6_ii": 0.2979219822178763,
            "c8_ii": 2.0405127056559413,
            "c10_ii": 19.28928868518968,
            "slater_b_init": 66.86442680255863
        },
        {
            "index": 19,
            "element": "H",
            "charge": 0.08758989258442185,
            "dipole": [
                -0.06744322215603346,
                0.005776098654294236,
                -0.003531335460804444
            ],
            "quadrupole": [
                [
                    -0.5318887648850046,
                    -0.5195678097579894,
                    0.009783620942780907
                ],
                [
                    -0.5195678097579894,
                    -0.0011394238978406157,
                    -0.5125136641932869
                ],
                [
                    0.009783620942780907,
                    -0.5125136641932869,
                    -0.0003580870403324585
                ]
            ],
            "volume_eff": 2.927881902876815,
            "alpha_iso": 0.9344303945351538,
            "c6_ii": 0.2802736323211012,
            "c8_ii": 1.8809571158427336,
            "c10_ii": 17.422709737068168,
            "slater_b_init": 67.54841720807805
        },
        {
            "index": 20,
            "element": "H",
            "charge": 0.15161121737402383,
            "dipole": [
                -0.012914514404184221,
                0.016472620050396267,
                0.042242883842477874
            ],
            "quadrupole": [
                [
                    -0.4843161593039183,
                    -0.47802396436025274,
                    -0.004231402369287516
                ],
                [
                    -0.47802396436025274,
                    0.004195033141618365,
                    -0.4886205936324961
                ],
                [
                    -0.004231402369287516,
                    -0.4886205936324961,
                    -0.0004654657453813386
                ]
            ],
            "volume_eff": 2.716268532804317,
            "alpha_iso": 0.8668942125971225,
            "c6_ii": 0.24122401199622234,
            "c8_ii": 1.539914540886672,
            "c10_ii": 13.567907013524287,
            "slater_b_init": 69.25887955080165
        },
        {
            "index": 21,
            "element": "H",
            "charge": 0.1558461868405988,
            "dipole": [
                -0.02144699617233353,
                0.0158531529538161,
                -0.038520743000179415
            ],
            "quadrupole": [
                [
                    -0.47622152659232964,
                    -0.4727460319268291,
                    0.00581608930973834
                ],
                [
                    -0.4727460319268291,
                    0.0055912034699156935,
                    -0.48021540281662206
                ],
                [
                    0.00581608930973834,
                    -0.48021540281662206,
                    2.974698291166484e-05
                ]
            ],
            "volume_eff": 2.6614086092550306,
            "alpha_iso": 0.8493857263579886,
            "c6_ii": 0.23157850513157885,
            "c8_ii": 1.4583672391374327,
            "c10_ii": 12.675809634452825,
            "slater_b_init": 69.73152712802121
        },
        {
            "index": 22,
            "element": "H",
            "charge": 0.14664734471032936,
            "dipole": [
                0.04432381941510906,
                -0.004045615794526809,
                -0.01064851575594714
            ],
            "quadrupole": [
                [
                    -0.4972186585855325,
                    -0.4789700534709424,
                    0.001048133951042808
                ],
                [
                    -0.4789700534709424,
                    -0.0008994508696240341,
                    -0.4897718615131719
                ],
                [
                    0.001048133951042808,
                    -0.4897718615131719,
                    0.001282458160870451
                ]
            ],
            "volume_eff": 2.755652204366359,
            "alpha_iso": 0.8794634694786253,
            "c6_ii": 0.24826982528187533,
            "c8_ii": 1.6001762599392626,
            "c10_ii": 14.234816149561256,
            "slater_b_init": 68.9273466975226
        },
        {
            "index": 23,
            "element": "H",
            "charge": 0.11533840602915268,
            "dipole": [
                0.007998362030123331,
                -0.04829602493098515,
                -0.0422452673426043
            ],
            "quadrupole": [
                [
                    -0.4848565100870673,
                    -0.5022374555656828,
                    -0.001982638669130828
                ],
                [
                    -0.5022374555656828,
                    0.0035654087344841353,
                    -0.5036933194612199
                ],
                [
                    -0.001982638669130828,
                    -0.5036933194612199,
                    0.00023268766888555743
                ]
            ],
            "volume_eff": 2.770216744519756,
            "alpha_iso": 0.8841117269743902,
            "c6_ii": 0.25090113814956305,
            "c8_ii": 1.6228289503875974,
            "c10_ii": 14.487152007302939,
            "slater_b_init": 68.80633816285909
        },
        {
            "index": 24,
            "element": "H",
            "charge": 0.09121329821509172,
            "dipole": [
                0.010090310211586424,
                0.05986270383628505,
                -0.016965849812821295
            ],
            "quadrupole": [
                [
                    -0.5094266740504081,
                    -0.5330383899938401,
                    0.0005782769880043867
                ],
                [
                    -0.5330383899938401,
                    -0.004359298871670744,
                    -0.526082000969265
                ],
                [
                    0.0005782769880043867,
                    -0.526082000969265,
                    -0.0012579134930043008
                ]
            ],
            "volume_eff": 2.9541641623345654,
            "alpha_iso": 0.9428183496812442,
            "c6_ii": 0.28532799324552205,
            "c8_ii": 1.9263199129545565,
            "c10_ii": 17.94951016169961,
            "slater_b_init": 67.34750126472466
        },
        {
            "index": 25,
            "element": "H",
            "charge": 0.1052656201192943,
            "dipole": [
                -0.009510916902543113,
                -0.05833107861716032,
                0.011839088989509802
            ],
            "quadrupole": [
                [
                    -0.49290673919185524,
                    -0.518538862655025,
                    0.004058784067224301
                ],
                [
                    -0.518538862655025,
                    -0.003085174560314159,
                    -0.5133756619066709
                ],
                [
                    0.004058784067224301,
                    -0.5133756619066709,
                    0.0022932349813798688
                ]
            ],
            "volume_eff": 2.8535150578017494,
            "alpha_iso": 0.9106962950431116,
            "c6_ii": 0.2662168060115617,
            "c8_ii": 1.7562372982944685,
            "c10_ii": 15.990832678582466,
            "slater_b_init": 68.13019615631231
        },
        {
            "index": 26,
            "element": "H",
            "charge": 0.07385425948300728,
            "dipole": [
                -0.009422221055937057,
                0.037570437028349134,
                0.04102780622488387
            ],
            "quadrupole": [
                [
                    -0.5349053173105238,
                    -0.5661758069685658,
                    -0.007896880356724766
                ],
                [
                    -0.5661758069685658,
                    0.000256514919723795,
                    -0.5621684919023288
                ],
                [
                    -0.007896880356724766,
                    -0.5621684919023288,
                    0.004507847396594276
                ]
            ],
            "volume_eff": 3.2153137280175867,
            "alpha_iso": 1.0261639557502937,
            "c6_ii": 0.33800400081615256,
            "c8_ii": 2.4145249233819617,
            "c10_ii": 23.805740737182653,
            "slater_b_init": 65.47244768210095
        },
        {
            "index": 27,
            "element": "H",
            "charge": 0.11563866170353909,
            "dipole": [
                0.057994786914247115,
                -0.014269831512676922,
                -0.010090745274063912
            ],
            "quadrupole": [
                [
                    -0.508457585753952,
                    -0.48739708841484464,
                    -0.00028725284967119
                ],
                [
                    -0.48739708841484464,
                    0.005381497857107798,
                    -0.5107429653769152
                ],
                [
                    -0.00028725284967119,
                    -0.5107429653769152,
                    -0.00033712687027769267
                ]
            ],
            "volume_eff": 2.8109173708050714,
            "alpha_iso": 0.89710128855481,
            "c6_ii": 0.25832788605054585,
            "c8_ii": 1.6871911611540487,
            "c10_ii": 15.208887523458625,
            "slater_b_init": 68.47262892830261
        },
        {
            "index": 28,
            "element": "H",
            "charge": 0.07829197601277293,
            "dipole": [
                -0.0060948732674547925,
                0.018221405094098354,
                0.054857331745253944
            ],
            "quadrupole": [
                [
                    -0.5609636939469116,
                    -0.5412129139032459,
                    -0.008502613538594692
                ],
                [
                    -0.5412129139032459,
                    0.012580025019466017,
                    -0.5631760666739326
                ],
                [
                    -0.008502613538594692,
                    -0.5631760666739326,
                    0.001228611666907354
                ]
            ],
            "volume_eff": 3.2264448047694088,
            "alpha_iso": 1.0297164270540666,
            "c6_ii": 0.340348320046541,
            "c8_ii": 2.4368794926345734,
            "c10_ii": 24.081561836648397,
            "slater_b_init": 65.39706868362434
        },
        {
            "index": 29,
            "element": "H",
            "charge": 0.08234542961463365,
            "dipole": [
                -0.026819012260152167,
                0.01988555754617551,
                -0.048710481302173696
            ],
            "quadrupole": [
                [
                    -0.5447881358224789,
                    -0.5339582456658445,
                    0.0047736179834936155
                ],
                [
                    -0.5339582456658445,
                    0.013491254374436185,
                    -0.5498833325782618
                ],
                [
                    0.0047736179834936155,
                    -0.5498833325782618,
                    0.0019873504652835458
                ]
            ],
            "volume_eff": 3.1162158802428546,
            "alpha_iso": 0.9945369830562302,
            "c6_ii": 0.3174901120658185,
            "c8_ii": 2.221141246495289,
            "c10_ii": 21.44679027620671,
            "slater_b_init": 66.15924138651732
        }
    ]
}