{
    "molecule": "Sulf_480",
    "atoms": [
        {
            "index": 0,
            "element": "C",
            "charge": -0.43702218404984006,
            "dipole": [
                -0.06769904397905013,
                0.0021503345490567717,
                0.02441169284776105
            ],
            "quadrupole": [
                [
                    -5.176138359412773,
                    -5.075859128521458,
                    0.001431632929452307
                ],
                [
                    -5.075859128521458,
                    0.005945481167231014,
                    -5.119633294754428
                ],
                [
                    0.001431632929452307,
                    -5.119633294754428,
                    0.04225337053337833
                ]
            ],
            "volume_eff": 38.82198347785104,
            "alpha_iso": 12.195387479953208,
            "c6_ii": 48.12986369192287,
            "c8_ii": 1409.4144567647909,
            "c10_ii": 51710.32552577516,
            "slater_b_init": 34.81207617613607
        },
        {
            "index": 1,
            "element": "C",
            "charge": -0.20171145337229923,
            "dipole": [
                0.019402519574458956,
                0.003676612379011374,
                -0.05767954279297072
            ],
            "quadrupole": [
                [
                    -4.637558710267845,
                    -4.564035047271587,
                    0.0038161463024068325
                ],
                [
                    -4.564035047271587,
                    0.01390669067213583,
                    -4.688461194404505
                ],
                [
                    0.0038161463024068325,
                    -4.688461194404505,
                    0.013898633507570984
                ]
            ],
            "volume_eff": 34.071037240028936,
            "alpha_iso": 10.702943635611183,
            "c6_ii": 37.07062440948235,
            "c8_ii": 995.08248316011,
            "c10_ii": 33465.91633381802,
            "slater_b_init": 36.360293505933186
        },
        {
            "index": 2,
            "element": "C",
            "charge": -0.1450505933365971,
            "dipole": [
                -0.03482022981103387,
                0.0057557185757049,
                0.07698593420985561
            ],
            "quadrupole": [
                [
                    -4.507737043091776,
                    -4.458138946939093,
                    -0.00670202696238752
                ],
                [
                    -4.458138946939093,
                    0.012665928884728282,
                    -4.589607605908654
                ],
                [
                    -0.00670202696238752,
                    -4.589607605908654,
                    -0.017481458886846876
                ]
            ],
            "volume_eff": 33.06614246444395,
            "alpha_iso": 10.387269884118517,
            "c6_ii": 34.916142396396,
            "c8_ii": 918.7292728277581,
            "c10_ii": 30287.491982407573,
            "slater_b_init": 36.72495912869298
        },
        {
            "index": 3,
            "element": "C",
            "charge": -0.48390558840491504,
            "dipole": [
                0.12021792645442139,
                0.005949754280934472,
                -0.030828587684813037
            ],
            "quadrupole": [
                [
                    -5.249486905515335,
                    -5.155584481695255,
                    0.014383323903237693
                ],
                [
                    -5.155584481695255,
                    -0.009469821566255785,
                    -5.120224194604382
                ],
                [
                    0.014383323903237693,
                    -5.120224194604382,
                    0.08305751996313972
                ]
            ],
            "volume_eff": 39.15731585753906,
            "alpha_iso": 12.300727494514888,
            "c6_ii": 48.96491663385455,
            "c8_ii": 1442.1128239255388,
            "c10_ii": 53214.2466090264,
            "slater_b_init": 34.71241749811995
        },
        {
            "index": 4,
            "element": "S",
            "charge": 0.9731140679898473,
            "dipole": [
                0.16618233588213357,
                -0.16722280290500954,
                0.029159737240992623
            ],
            "quadrupole": [
                [
                    -8.188314265079846,
                    -8.175503902784097,
                    -0.019908400490894835
                ],
                [
                    -8.175503902784097,
                    0.05401935696181853,
                    -8.184062643044387
                ],
                [
                    -0.019908400490894835,
                    -8.184062643044387,
                    -0.027082270223437892
                ]
            ],
            "volume_eff": 64.37248067960138,
            "alpha_iso": 16.777933794151423,
            "c6_ii": 98.1905309291035,
            "c8_ii": 2642.4882889752053,
            "c10_ii": 71469.80480454801,
            "slater_b_init": 35.8083889399163
        },
        {
            "index": 5,
            "element": "O",
            "charge": -0.5301642325492608,
            "dipole": [
                0.09212237956564821,
                -0.022661853835809643,
                0.13968186822510995
            ],
            "quadrupole": [
                [
                    -4.228114722270112,
                    -4.216586144009107,
                    0.008277426075351675
                ],
                [
                    -4.216586144009107,
                    0.00860689808583358,
                    -4.243176471101312
                ],
                [
                    0.008277426075351675,
                    -4.243176471101312,
                    -0.013000469228222292
                ]
            ],
            "volume_eff": 24.235622289736696,
            "alpha_iso": 7.230517147214263,
            "c6_ii": 27.968926617698482,
            "c8_ii": 1176.1481451068987,
            "c10_ii": 47627.505989608195,
            "slater_b_init": 33.569369974733604
        },
        {
            "index": 6,
            "element": "O",
            "charge": -0.5279725928813122,
            "dipole": [
                0.03800574496125342,
                -0.13365611011764364,
                -0.10242667274161872
            ],
            "quadrupole": [
                [
                    -4.214326608841459,
                    -4.2346243461803414,
                    -0.02187200708768333
                ],
                [
                    -4.2346243461803414,
                    0.004814076157989436,
                    -4.225932044532545
                ],
                [
                    -0.02187200708768333,
                    -4.225932044532545,
                    0.007739044564009728
                ]
            ],
            "volume_eff": 24.18029793838607,
            "alpha_iso": 7.214011539628992,
            "c6_ii": 27.841379111963104,
            "c8_ii": 1169.0020895755522,
            "c10_ii": 47266.06138394424,
            "slater_b_init": 33.59495263433773
        },
        {
            "index": 7,
            "element": "C",
            "charge": 0.5744510561848859,
            "dipole": [
                -0.2048585115299387,
                0.05853305166832769,
                0.023275872908663425
            ],
            "quadrupole": [
                [
                    -3.8377136310667854,
                    -3.623315585285865,
                    -0.005681549981182052
                ],
                [
                    -3.623315585285865,
                    0.0644370829882536,
                    -3.605690773473458
                ],
                [
                    -0.005681549981182052,
                    -3.605690773473458,
                    0.028166529500946842
                ]
            ],
            "volume_eff": 26.78205345041616,
            "alpha_iso": 8.413210507984134,
            "c6_ii": 22.90587760421602,
            "c8_ii": 523.6990594676803,
            "c10_ii": 15001.376529173567,
            "slater_b_init": 39.398033139877334
        },
        {
            "index": 8,
            "element": "F",
            "charge": -0.1966635995922843,
            "dipole": [
                -0.02677599855951697,
                0.0011851512059626696,
                -0.031977465036673085
            ],
            "quadrupole": [
                [
                    -3.5075832968522414,
                    -3.5172028487993976,
                    -0.008364488712404953
                ],
                [
                    -3.5172028487993976,
                    -0.006602552460907033,
                    -3.4549159597420007
                ],
                [
                    -0.008364488712404953,
                    -3.4549159597420007,
                    0.02543500513278013
                ]
            ],
            "volume_eff": 17.508394701672387,
            "alpha_iso": 5.49850412118637,
            "c6_ii": 19.890491822831248,
            "c8_ii": 857.1283642067357,
            "c10_ii": 34266.50894208427,
            "slater_b_init": 33.5966991606602
        },
        {
            "index": 9,
            "element": "F",
            "charge": -0.1813826436842927,
            "dipole": [
                -0.02615373080846953,
                -0.028689060546329234,
                0.02101600651562146
            ],
            "quadrupole": [
                [
                    -3.470868939413171,
                    -3.4514017306638296,
                    -0.02448645032348286
                ],
                [
                    -3.4514017306638296,
                    0.024007758638980747,
                    -3.4783643407076204
                ],
                [
                    -0.02448645032348286,
                    -3.4783643407076204,
                    -0.016654777549126552
                ]
            ],
            "volume_eff": 17.286792654095564,
            "alpha_iso": 5.428910089715962,
            "c6_ii": 19.390174185670904,
            "c8_ii": 828.5030633307986,
            "c10_ii": 32842.043747529395,
            "slater_b_init": 33.73965046536543
        },
        {
            "index": 10,
            "element": "F",
            "charge": -0.19405362132954274,
            "dipole": [
                -0.009839653111351042,
                0.030044179708648464,
                0.024365831772146303
            ],
            "quadrupole": [
                [
                    -3.5105514537840703,
                    -3.4616253603486626,
                    0.03390655091159854
                ],
                [
                    -3.4616253603486626,
                    -0.0007361664481955059,
                    -3.491566771648933
                ],
                [
                    0.03390655091159854,
                    -3.491566771648933,
                    -0.0010893856744658339
                ]
            ],
            "volume_eff": 17.464412310419224,
            "alpha_iso": 5.4846914693878555,
            "c6_ii": 19.790684548931523,
            "c8_ii": 851.3985899214681,
            "c10_ii": 33980.41552743937,
            "slater_b_init": 33.62487883683578
        },
        {
            "index": 11,
            "element": "H",
            "charge": 0.129094880763725,
            "dipole": [
                0.001327013175691731,
                0.041044587200163477,
                -0.02082209859197089
            ],
            "quadrupole": [
                [
                    -0.49965917324954146,
                    -0.5119334625782206,
                    0.006165861257744029
                ],
                [
                    -0.5119334625782206,
                    -0.00460140508975299,
                    -0.5132742279776974
                ],
                [
                    0.006165861257744029,
                    -0.5132742279776974,
                    -0.0022759749432616403
                ]
            ],
            "volume_eff": 2.899424311989347,
            "alpha_iso": 0.9253481846774512,
            "c6_ii": 0.2748518621608915,
            "c8_ii": 1.8325991598307363,
            "c10_ii": 16.864615247399225,
            "slater_b_init": 67.76869200876696
        },
        {
            "index": 12,
            "element": "H",
            "charge": 0.1419424845244317,
            "dipole": [
                0.024184270558429533,
                -0.003367687243096217,
                0.04231855271484488
            ],
            "quadrupole": [
                [
                    -0.49098239282453443,
                    -0.49177220777639774,
                    0.00038390931300565984
                ],
                [
                    -0.49177220777639774,
                    0.0003718396777763207,
                    -0.4892879427897932
                ],
                [
                    0.00038390931300565984,
                    -0.4892879427897932,
                    -0.0084781027305158
                ]
            ],
            "volume_eff": 2.759625769299181,
            "alpha_iso": 0.8807316284997386,
            "c6_ii": 0.24898633626462768,
            "c8_ii": 1.6063367347420296,
            "c10_ii": 14.303351870303466,
            "slater_b_init": 68.89424814576047
        },
        {
            "index": 13,
            "element": "H",
            "charge": 0.13809438431776222,
            "dipole": [
                -0.0037929268409159786,
                -0.039747796928774136,
                -0.024323011286675886
            ],
            "quadrupole": [
                [
                    -0.4877976325707086,
                    -0.4997400008440904,
                    -0.005159647544584461
                ],
                [
                    -0.4997400008440904,
                    0.003535635805280725,
                    -0.501892622299704
                ],
                [
                    -0.005159647544584461,
                    -0.501892622299704,
                    -0.001969835232804075
                ]
            ],
            "volume_eff": 2.809818682159368,
            "alpha_iso": 0.8967506432423515,
            "c6_ii": 0.2581259829635167,
            "c8_ii": 1.685433164227811,
            "c10_ii": 15.189081162137676,
            "slater_b_init": 68.48155243371363
        },
        {
            "index": 14,
            "element": "H",
            "charge": 0.14550589170964023,
            "dipole": [
                -0.006094164002746691,
                -0.048357189293458114,
                0.021818761717094133
            ],
            "quadrupole": [
                [
                    -0.4567016107651702,
                    -0.4732748527335159,
                    0.002974254797460828
                ],
                [
                    -0.4732748527335159,
                    -0.00039289472234046877,
                    -0.4735242349226517
                ],
                [
                    0.002974254797460828,
                    -0.4735242349226517,
                    0.0027972385135427466
                ]
            ],
            "volume_eff": 2.561082799252336,
            "alpha_iso": 0.8173668508252138,
            "c6_ii": 0.21444818258674206,
            "c8_ii": 1.3163328862718695,
            "c10_ii": 11.151909799757046,
            "slater_b_init": 70.63042547498813
        },
        {
            "index": 15,
            "element": "H",
            "charge": 0.11427203927188301,
            "dipole": [
                0.0030822035908190937,
                0.043106205861270015,
                0.022516204692571623
            ],
            "quadrupole": [
                [
                    -0.4965515841463146,
                    -0.5177484127592128,
                    -0.00744513296373168
                ],
                [
                    -0.5177484127592128,
                    0.0020265983750571265,
                    -0.5156062027332377
                ],
                [
                    -0.00744513296373168,
                    -0.5156062027332377,
                    0.00528643864708403
                ]
            ],
            "volume_eff": 2.881203281039213,
            "alpha_iso": 0.9195329620337913,
            "c6_ii": 0.2714081799374394,
            "c8_ii": 1.8020485265582673,
            "c10_ii": 16.513920358902034,
            "slater_b_init": 67.91125067696352
        },
        {
            "index": 16,
            "element": "H",
            "charge": 0.1262433701965231,
            "dipole": [
                0.01655796818249104,
                0.045062814136138836,
                -0.021364280298395846
            ],
            "quadrupole": [
                [
                    -0.4854538859769073,
                    -0.5051650949455683,
                    0.005048214830406502
                ],
                [
                    -0.5051650949455683,
                    -0.005271533443259574,
                    -0.5053911869110159
                ],
                [
                    0.005048214830406502,
                    -0.5053911869110159,
                    0.004138097121511742
                ]
            ],
            "volume_eff": 2.804772256708327,
            "alpha_iso": 0.8951400819281894,
            "c6_ii": 0.2571996286806734,
            "c8_ii": 1.6773731536125553,
            "c10_ii": 15.098339736697783,
            "slater_b_init": 68.52259914043555
        },
        {
            "index": 17,
            "element": "H",
            "charge": 0.13999790936157286,
            "dipole": [
                0.0015425924604652056,
                -0.051496757807234,
                -0.019698891963276954
            ],
            "quadrupole": [
                [
                    -0.46938636841194065,
                    -0.4875057910514171,
                    -0.002897186057177536
                ],
                [
                    -0.4875057910514171,
                    -0.0012582117258280855,
                    -0.48745795215440363
                ],
                [
                    -0.002897186057177536,
                    -0.48745795215440363,
                    0.003449634024482831
                ]
            ],
            "volume_eff": 2.6782653482733343,
            "alpha_iso": 0.854765536682979,
            "c6_ii": 0.23452132333610456,
            "c8_ii": 1.4831293169131574,
            "c10_ii": 12.94541144557849,
            "slater_b_init": 69.58492466863358
        },
        {
            "index": 18,
            "element": "H",
            "charge": 0.2073944697715916,
            "dipole": [
                0.00917973507907072,
                0.035638301183680166,
                0.030915143544852863
            ],
            "quadrupole": [
                [
                    -0.4146953569100661,
                    -0.4202844024107239,
                    -0.006039951357634642
                ],
                [
                    -0.4202844024107239,
                    0.0010571550179614003,
                    -0.41685290810718106
                ],
                [
                    -0.006039951357634642,
                    -0.41685290810718106,
                    -0.0036945627755338
                ]
            ],
            "volume_eff": 2.2482026119949947,
            "alpha_iso": 0.7175114719132962,
            "c6_ii": 0.16525173482107167,
            "c8_ii": 0.929959298893442,
            "c10_ii": 7.223073105205997,
            "slater_b_init": 73.76571328041899
        },
        {
            "index": 19,
            "element": "H",
            "charge": 0.2026473014130964,
            "dipole": [
                -0.01889802213456298,
                0.006867021149962532,
                -0.04546072610778921
            ],
            "quadrupole": [
                [
                    -0.42111769853309916,
                    -0.418645815042245,
                    0.0020099774749615137
                ],
                [
                    -0.418645815042245,
                    0.0035105434790365687,
                    -0.4216470878138715
                ],
                [
                    0.0020099774749615137,
                    -0.4216470878138715,
                    -0.00496577555895373
                ]
            ],
            "volume_eff": 2.2629968049438767,
            "alpha_iso": 0.7222330228544288,
            "c6_ii": 0.16743375335601965,
            "c8_ii": 0.9463677280135397,
            "c10_ii": 7.382730007515707,
            "slater_b_init": 73.6046155452356
        }
    ]
}