{
    "molecule": "Est_400",
    "atoms": [
        {
            "index": 0,
            "element": "C",
            "charge": -0.3787346433190031,
            "dipole": [
                -0.02522224689431467,
                -0.025119444959542762,
                0.028756977072068268
            ],
            "quadrupole": [
                [
                    -5.053199897462515,
                    -5.06971943514037,
                    0.017034917416385485
                ],
                [
                    -5.06971943514037,
                    -0.08976712544876243,
                    -5.108987684066124
                ],
                [
                    0.017034917416385485,
                    -5.108987684066124,
                    0.06327594626957811
                ]
            ],
            "volume_eff": 38.474472219765175,
            "alpha_iso": 12.086221639716808,
            "c6_ii": 47.27206051552168,
            "c8_ii": 1376.0216176271397,
            "c10_ii": 50183.44140972167,
            "slater_b_init": 34.91657271224063
        },
        {
            "index": 1,
            "element": "C",
            "charge": -0.1607206651287303,
            "dipole": [
                0.04920265260605038,
                0.035400631628442536,
                0.0046186060062661256
            ],
            "quadrupole": [
                [
                    -4.578946071284401,
                    -4.672008612018837,
                    -0.011302776348425164
                ],
                [
                    -4.672008612018837,
                    -0.12366155329830437,
                    -4.664578290100979
                ],
                [
                    -0.011302776348425164,
                    -4.664578290100979,
                    0.057580553780140535
                ]
            ],
            "volume_eff": 34.427537917458245,
            "alpha_iso": 10.814933377212014,
            "c6_ii": 37.85045647385212,
            "c8_ii": 1023.0904752086568,
            "c10_ii": 34647.461532309506,
            "slater_b_init": 36.234352938144866
        },
        {
            "index": 2,
            "element": "C",
            "charge": 0.059214980277058515,
            "dipole": [
                0.12507961828346212,
                -0.066596654014383,
                -0.03339225099498767
            ],
            "quadrupole": [
                [
                    -4.098196070011071,
                    -4.283392449122783,
                    -0.05589482380687012
                ],
                [
                    -4.283392449122783,
                    -0.02772633747369783,
                    -4.217435716998647
                ],
                [
                    -0.05589482380687012,
                    -4.217435716998647,
                    -0.021535088220263978
                ]
            ],
            "volume_eff": 30.36219406328807,
            "alpha_iso": 9.537862009409864,
            "c6_ii": 29.43916545632881,
            "c8_ii": 731.7901150990881,
            "c10_ii": 22790.92977377079,
            "slater_b_init": 37.78430585212415
        },
        {
            "index": 3,
            "element": "O",
            "charge": -0.35142616868177967,
            "dipole": [
                -0.07875290012089244,
                -0.013871716647269204,
                -0.004983692896434372
            ],
            "quadrupole": [
                [
                    -3.9483422209847756,
                    -4.008565723326164,
                    -0.013823572723720888
                ],
                [
                    -4.008565723326164,
                    0.029521814583584636,
                    -4.003497046108902
                ],
                [
                    -0.013823572723720888,
                    -4.003497046108902,
                    0.015868036791311938
                ]
            ],
            "volume_eff": 22.532548855985606,
            "alpha_iso": 6.722417890736037,
            "c6_ii": 24.17620287530631,
            "c8_ii": 968.4527065524379,
            "c10_ii": 37357.54487863166,
            "slater_b_init": 34.39466959839265
        },
        {
            "index": 4,
            "element": "C",
            "charge": 0.6885356430636804,
            "dipole": [
                -0.09437603899886306,
                -0.017617899570200362,
                -0.011243074571816813
            ],
            "quadrupole": [
                [
                    -3.399603427804816,
                    -3.2700203179466967,
                    -0.10235479319773907
                ],
                [
                    -3.2700203179466967,
                    0.020181757890461678,
                    -3.182003385567568
                ],
                [
                    -0.10235479319773907,
                    -3.182003385567568,
                    0.02352925485459015
                ]
            ],
            "volume_eff": 22.710456943869715,
            "alpha_iso": 7.1341749561894385,
            "c6_ii": 16.47065748220319,
            "c8_ii": 337.3653387619243,
            "c10_ii": 8657.738124045205,
            "slater_b_init": 41.62432538134694
        },
        {
            "index": 5,
            "element": "O",
            "charge": -0.5567753943970466,
            "dipole": [
                -0.042780606754460354,
                0.08956222111222978,
                0.0464089893990893
            ],
            "quadrupole": [
                [
                    -4.438599560815713,
                    -4.340278042562401,
                    -0.05441449416543141
                ],
                [
                    -4.340278042562401,
                    -0.001020180229613354,
                    -4.271250790093336
                ],
                [
                    -0.05441449416543141,
                    -4.271250790093336,
                    -0.016684725528513075
                ]
            ],
            "volume_eff": 25.47264827927848,
            "alpha_iso": 7.599574624757116,
            "c6_ii": 30.896952600999143,
            "c8_ii": 1343.1210558369862,
            "c10_ii": 56224.32525610648,
            "slater_b_init": 33.01691938572283
        },
        {
            "index": 6,
            "element": "C",
            "charge": -0.16382878102971787,
            "dipole": [
                0.0646870412592191,
                -0.16270566814403942,
                -0.013688823679354962
            ],
            "quadrupole": [
                [
                    -4.684296810101644,
                    -4.574897860693702,
                    0.006159204236202326
                ],
                [
                    -4.574897860693702,
                    -0.010457136663397652,
                    -4.607742449271843
                ],
                [
                    0.006159204236202326,
                    -4.607742449271843,
                    0.006564606229541346
                ]
            ],
            "volume_eff": 34.20287730609907,
            "alpha_iso": 10.744359363172482,
            "c6_ii": 37.358073809893305,
            "c8_ii": 1005.3837173160637,
            "c10_ii": 33899.530125718666,
            "slater_b_init": 36.31351463332626
        },
        {
            "index": 7,
            "element": "O",
            "charge": -0.3156225107472945,
            "dipole": [
                -0.03871099749379922,
                0.04064193666764524,
                0.0782770503529606
            ],
            "quadrupole": [
                [
                    -4.032089333875233,
                    -3.933336674568951,
                    -0.06327213666952401
                ],
                [
                    -3.933336674568951,
                    -0.029212983621257415,
                    -4.003915294594307
                ],
                [
                    -0.06327213666952401,
                    -4.003915294594307,
                    0.011230830396531551
                ]
            ],
            "volume_eff": 22.651503663402075,
            "alpha_iso": 6.757907170296751,
            "c6_ii": 24.432140789733623,
            "c8_ii": 982.1466171556277,
            "c10_ii": 38019.0019386341,
            "slater_b_init": 34.33435580540082
        },
        {
            "index": 8,
            "element": "C",
            "charge": -0.09772194902081832,
            "dipole": [
                0.010225067324000168,
                0.06458688503672706,
                -0.143775413666278
            ],
            "quadrupole": [
                [
                    -4.527296786596781,
                    -4.530353803891983,
                    -0.043923588066293894
                ],
                [
                    -4.530353803891983,
                    0.0011010102992639339,
                    -4.458386778437134
                ],
                [
                    -0.043923588066293894,
                    -4.458386778437134,
                    -0.004372513992239737
                ]
            ],
            "volume_eff": 33.14675459137148,
            "alpha_iso": 10.412593065352297,
            "c6_ii": 35.086594419857086,
            "c8_ii": 924.714146988247,
            "c10_ii": 30534.31958036275,
            "slater_b_init": 36.69516354952915
        },
        {
            "index": 9,
            "element": "H",
            "charge": 0.17482410197108966,
            "dipole": [
                -0.015252316953572535,
                -0.038554106491022935,
                -0.02941594263304536
            ],
            "quadrupole": [
                [
                    -0.45166908414424306,
                    -0.4528545173418686,
                    -0.0015567539495699163
                ],
                [
                    -0.4528545173418686,
                    0.0022235476806735702,
                    -0.44438666496367013
                ],
                [
                    -0.0015567539495699163,
                    -0.44438666496367013,
                    -0.005497942975483365
                ]
            ],
            "volume_eff": 2.4619476929970903,
            "alpha_iso": 0.7857279871267309,
            "c6_ii": 0.19816765695814603,
            "c8_ii": 1.1848033428506162,
            "c10_ii": 9.776871838650699,
            "slater_b_init": 71.56600179814657
        },
        {
            "index": 10,
            "element": "H",
            "charge": 0.16902528906972758,
            "dipole": [
                -0.010225177246183758,
                0.009740888637768601,
                0.04655370491439302
            ],
            "quadrupole": [
                [
                    -0.4577881188465193,
                    -0.4558355309918026,
                    -0.0017854032819264428
                ],
                [
                    -0.4558355309918026,
                    0.005971551119157808,
                    -0.4624852448853484
                ],
                [
                    -0.0017854032819264428,
                    -0.4624852448853484,
                    -0.0010649182629794056
                ]
            ],
            "volume_eff": 2.5349467136863395,
            "alpha_iso": 0.8090255469211722,
            "c6_ii": 0.21009358919566232,
            "c8_ii": 1.2808147063932456,
            "c10_ii": 10.777051682692232,
            "slater_b_init": 70.87233649672207
        },
        {
            "index": 11,
            "element": "H",
            "charge": 0.1520300349824537,
            "dipole": [
                0.01177149371748367,
                -0.013756377996257086,
                -0.04938253514512288
            ],
            "quadrupole": [
                [
                    -0.46941581390813536,
                    -0.4608285697381566,
                    0.0014793004756108986
                ],
                [
                    -0.4608285697381566,
                    0.010198748630084863,
                    -0.4729333519330602
                ],
                [
                    0.0014793004756108986,
                    -0.4729333519330602,
                    0.000813092937597599
                ]
            ],
            "volume_eff": 2.5813811221741356,
            "alpha_iso": 0.8238450389917454,
            "c6_ii": 0.21786094882782808,
            "c8_ii": 1.344337848133337,
            "c10_ii": 11.449265222449862,
            "slater_b_init": 70.44480732934842
        },
        {
            "index": 12,
            "element": "H",
            "charge": 0.1059515439510792,
            "dipole": [
                -0.019333690946083122,
                0.046825940736701065,
                -0.03980848496990917
            ],
            "quadrupole": [
                [
                    -0.4954141583623667,
                    -0.5213782623418768,
                    0.0011626029852227614
                ],
                [
                    -0.5213782623418768,
                    0.0017815537678834933,
                    -0.5151317545469062
                ],
                [
                    0.0011626029852227614,
                    -0.5151317545469062,
                    -0.002119045508678749
                ]
            ],
            "volume_eff": 2.8728131495505376,
            "alpha_iso": 0.9168552604948526,
            "c6_ii": 0.26982978748301456,
            "c8_ii": 1.788088842573174,
            "c10_ii": 16.354167828426025,
            "slater_b_init": 67.97729865862009
        },
        {
            "index": 13,
            "element": "H",
            "charge": 0.10953597636438006,
            "dipole": [
                -0.01470989845739858,
                -0.006165010957186015,
                0.060741513281458194
            ],
            "quadrupole": [
                [
                    -0.4947464076162626,
                    -0.5123796386939243,
                    0.00031112926206414154
                ],
                [
                    -0.5123796386939243,
                    0.000937611040237924,
                    -0.5188860474083907
                ],
                [
                    0.00031112926206414154,
                    -0.5188860474083907,
                    0.0036524887763796582
                ]
            ],
            "volume_eff": 2.86976599631731,
            "alpha_iso": 0.9158827647821203,
            "c6_ii": 0.26925768159812913,
            "c8_ii": 1.7830357089175297,
            "c10_ii": 16.29641721449514,
            "slater_b_init": 68.00134986177761
        },
        {
            "index": 14,
            "element": "H",
            "charge": 0.15061663973813944,
            "dipole": [
                0.017306637018974527,
                0.01418026378507495,
                -0.05314157935816468
            ],
            "quadrupole": [
                [
                    -0.46699002687279156,
                    -0.45444322259554687,
                    0.002949125613862821
                ],
                [
                    -0.45444322259554687,
                    -0.008413202382801617,
                    -0.4724427739580907
                ],
                [
                    0.002949125613862821,
                    -0.4724427739580907,
                    0.0011160286414471424
                ]
            ],
            "volume_eff": 2.547372588141727,
            "alpha_iso": 0.8129912515345938,
            "c6_ii": 0.21215832286254832,
            "c8_ii": 1.2976253950892356,
            "c10_ii": 10.954151775372399,
            "slater_b_init": 70.75691213530993
        },
        {
            "index": 15,
            "element": "H",
            "charge": 0.12482311663627388,
            "dipole": [
                0.030777028123337952,
                0.02067738141808538,
                0.04142776928346164
            ],
            "quadrupole": [
                [
                    -0.4976042795103832,
                    -0.4914376805224918,
                    -0.002430226309098015
                ],
                [
                    -0.4914376805224918,
                    -0.010275480395732523,
                    -0.5110780777211487
                ],
                [
                    -0.002430226309098015,
                    -0.5110780777211487,
                    -0.003902841193100321
                ]
            ],
            "volume_eff": 2.826216553707989,
            "alpha_iso": 0.9019840065025496,
            "c6_ii": 0.2611475783660022,
            "c8_ii": 1.7117903565983814,
            "c10_ii": 15.48657224855574,
            "slater_b_init": 68.34885081457026
        },
        {
            "index": 16,
            "element": "H",
            "charge": 0.07927982328888672,
            "dipole": [
                0.03902056836228155,
                0.03053584938166673,
                0.03214235207264692
            ],
            "quadrupole": [
                [
                    -0.5575509862165103,
                    -0.5567321068947432,
                    -0.016399360216652524
                ],
                [
                    -0.5567321068947432,
                    0.0019187936513135417,
                    -0.5432846071159171
                ],
                [
                    -0.016399360216652524,
                    -0.5432846071159171,
                    -0.004532929976320634
                ]
            ],
            "volume_eff": 3.202506258668114,
            "alpha_iso": 1.0220764655323769,
            "c6_ii": 0.3353166399540007,
            "c8_ii": 2.3889627554314097,
            "c10_ii": 23.491124547057822,
            "slater_b_init": 65.55961077154947
        },
        {
            "index": 17,
            "element": "H",
            "charge": 0.09049238239361967,
            "dipole": [
                -0.05997293974781803,
                -0.0010430266883913661,
                0.008872002100600872
            ],
            "quadrupole": [
                [
                    -0.5402944047107059,
                    -0.5347198575734303,
                    -0.011181304549296124
                ],
                [
                    -0.5347198575734303,
                    -0.0023573549413325027,
                    -0.5254109400320851
                ],
                [
                    -0.011181304549296124,
                    -0.5254109400320851,
                    0.004370970142426025
                ]
            ],
            "volume_eff": 3.0432925374345645,
            "alpha_iso": 0.9712635757769886,
            "c6_ii": 0.30280464536306984,
            "c8_ii": 2.0852235259552,
            "c10_ii": 19.819050933324842,
            "slater_b_init": 66.68351157760323
        },
        {
            "index": 18,
            "element": "H",
            "charge": 0.11468266190616239,
            "dipole": [
                0.022641997355647224,
                -0.05490835245873912,
                -0.014544821207896793
            ],
            "quadrupole": [
                [
                    -0.5121344262777782,
                    -0.5087080059914328,
                    -0.00693549556645451
                ],
                [
                    -0.5087080059914328,
                    0.0007639634108655782,
                    -0.48988710425309545
                ],
                [
                    -0.00693549556645451,
                    -0.48988710425309545,
                    -0.0025271680188883833
                ]
            ],
            "volume_eff": 2.8214806144010725,
            "alpha_iso": 0.9004725365109807,
            "c6_ii": 0.26027309276880867,
            "c8_ii": 1.7041517641337256,
            "c10_ii": 15.40023752636888,
            "slater_b_init": 68.38707129888752
        }
    ]
}